x,y,z
13.841782408549,32.143926314986,30.829686220170
29.464461371326,2.614030966650,33.866051470487
4.522887751075,21.448324415870,53.110508348251
0.677894184414,9.876853402098,40.201180242520
6.288221352669,15.654320440721,23.639063193469
60.000000000000,0.000000000000,60.000000000000
5.066116956890,4.204438193025,25.602742701399
60.000000000000,0.000000000000,60.000000000000
5.033597540731,57.521301053866,52.430225806750
60.000000000000,0.000000000000,60.000000000000
9.441812015234,25.840651943924,55.402989683135
60.000000000000,0.000000000000,60.000000000000
60.000000000000,60.000000000000,60.000000000000
60.000000000000,60.000000000000,60.000000000000
3.775826050837,15.757206554391,18.688078677368
24.103074025687,20.784882331409,37.780367417856
0.524250846806,0.534209868114,48.023536078012
2.583115857448,33.704267353136,38.779589653118
4.059918889414,42.100694247167,25.424832842312
10.513007121167,50.770864393069,6.796253712006
48.242053583565,55.794928091017,50.183948294075
26.610396420676,56.498300164654,31.347605642304
60.000000000000,60.000000000000,60.000000000000
60.000000000000,0.000000000000,60.000000000000
8.446691048963,34.541426795917,52.005130711927
5.252167674783,38.534593774836,35.516410568160
60.000000000000,0.000000000000,60.000000000000
60.000000000000,0.000000000000,60.000000000000
14.490240308658,38.848725599279,34.248359990102
60.000000000000,60.000000000000,60.000000000000
0.203600106455,46.143015021039,43.397710667297
60.000000000000,60.000000000000,60.000000000000
6.381160343936,4.213460462784,3.228976872391
8.439806502272,35.444469096425,25.750599111026
41.761379787891,6.667766491247,50.177663391614
60.000000000000,60.000000000000,60.000000000000
40.743705545273,39.642423264165,45.002524062762
16.835893830721,30.578430296982,46.030916792244
3.887914055312,9.506770953812,42.853501526314
52.815375444688,7.715116406654,27.726386771861
60.000000000000,0.000000000000,60.000000000000
60.000000000000,29.498869733514,31.170964535104
7.333343192401,5.254973649635,51.535274132770
60.000000000000,60.000000000000,21.235847583835
6.218171091112,16.610668697071,31.315111899986
60.000000000000,60.000000000000,60.000000000000
5.643413225576,27.002612784013,25.677182818304
0.000000000000,60.000000000000,41.730947618043
60.000000000000,0.000000000000,60.000000000000
6.394973627974,34.354954660437,39.790341710880
6.085812671941,9.125126940378,31.638519834410
60.000000000000,60.000000000000,60.000000000000
60.000000000000,60.000000000000,60.000000000000
60.000000000000,60.000000000000,60.000000000000
60.000000000000,0.000000000000,60.000000000000
60.000000000000,0.000000000000,60.000000000000
60.000000000000,60.000000000000,60.000000000000
5.796253429343,33.654921295763,30.680613849611
0.456925306207,20.299087738911,25.496038289691
56.105790093728,60.000000000000,54.668586273278
60.000000000000,60.000000000000,60.000000000000
60.000000000000,60.000000000000,60.000000000000
4.687144604946,19.236063316243,5.222335587954
36.851120545792,2.210037583909,21.811948831425
60.000000000000,60.000000000000,60.000000000000
15.855397661868,0.062637621950,31.947325168729
1.740486111276,18.444492957737,12.617667005205
60.000000000000,0.000000000000,60.000000000000
3.793852038188,51.056214337255,11.775724169886
60.000000000000,60.000000000000,60.000000000000
5.500258440689,14.138293864985,6.839906450998
60.000000000000,60.000000000000,60.000000000000
3.254385776555,33.339926451939,4.716583562463
60.000000000000,22.746046959358,39.788802741040
60.000000000000,49.318801377741,34.128694293814
60.000000000000,60.000000000000,60.000000000000
60.000000000000,60.000000000000,60.000000000000
60.000000000000,60.000000000000,60.000000000000
60.000000000000,0.000000000000,60.000000000000
60.000000000000,0.000000000000,60.000000000000
12.006969616788,33.686973121058,51.776416169878
60.000000000000,0.000000000000,60.000000000000
60.000000000000,60.000000000000,60.000000000000
1.503049314650,32.535918014067,25.029019621106
60.000000000000,60.000000000000,60.000000000000
60.000000000000,60.000000000000,45.169147471408
60.000000000000,60.000000000000,60.000000000000
9.011371836727,30.824597938915,37.531425819279
30.901368188412,18.376257626299,6.028797259509
60.000000000000,60.000000000000,0.000000000000
25.968360472561,27.300470817365,19.382852286830
21.193746224186,38.035932698505,26.429697487549
2.170551133253,41.590279132426,56.560839235026
60.000000000000,60.000000000000,60.000000000000
29.224348542755,60.000000000000,3.047917609500
60.000000000000,60.000000000000,60.000000000000
6.889130132083,26.007424880076,45.112192350251
46.895460202442,24.587330146485,4.003222824669
60.000000000000,60.000000000000,60.000000000000
7.526372661709,19.503744753002,60.000000000000
5.516219038097,46.135613011266,40.310185186577
60.000000000000,60.000000000000,60.000000000000
60.000000000000,60.000000000000,60.000000000000
60.000000000000,60.000000000000,60.000000000000
60.000000000000,60.000000000000,60.000000000000
60.000000000000,60.000000000000,60.000000000000
60.000000000000,60.000000000000,60.000000000000
60.000000000000,60.000000000000,60.000000000000
60.000000000000,0.000000000000,60.000000000000
60.000000000000,60.000000000000,60.000000000000
60.000000000000,60.000000000000,60.000000000000
60.000000000000,60.000000000000,60.000000000000
51.469566785801,34.356344519457,15.919970977276
60.000000000000,60.000000000000,60.000000000000
3.469314169926,42.282990879661,46.927846264288
60.000000000000,60.000000000000,60.000000000000
40.943954005398,50.744361513514,41.377600507379
60.000000000000,60.000000000000,60.000000000000
30.817061544145,42.174110691842,34.238285599015
60.000000000000,60.000000000000,60.000000000000
60.000000000000,60.000000000000,60.000000000000
60.000000000000,60.000000000000,60.000000000000
60.000000000000,3.524650935751,50.626688115240
0.200956028786,17.672922554442,37.799821552783
44.881107911099,60.000000000000,27.647821209741
45.987633722810,57.078901473306,25.461223526408
60.000000000000,60.000000000000,60.000000000000
60.000000000000,60.000000000000,60.000000000000
33.057490516126,53.864367662665,17.909343087702
60.000000000000,60.000000000000,60.000000000000
36.792300085938,47.712341106982,58.933388567864
60.000000000000,60.000000000000,60.000000000000
60.000000000000,60.000000000000,60.000000000000
60.000000000000,60.000000000000,60.000000000000
0.832702638828,8.630935583853,26.407457394984
60.000000000000,60.000000000000,60.000000000000
3.464423471577,36.299041700590,10.735151933260
60.000000000000,60.000000000000,60.000000000000
60.000000000000,60.000000000000,60.000000000000
60.000000000000,60.000000000000,60.000000000000
48.613913233931,6.940255338893,17.601035658566
59.697870268817,1.458255680398,16.905147948325
60.000000000000,60.000000000000,60.000000000000
60.000000000000,2.295764509439,8.509604241799
60.000000000000,60.000000000000,60.000000000000
60.000000000000,0.000000000000,60.000000000000
9.040907481432,28.815811535205,40.479765214222
60.000000000000,60.000000000000,60.000000000000
3.585780539447,4.368560101471,45.107435635426
44.638245313311,39.906322069736,15.660430095551
6.116184534111,35.405666887391,3.511369187464
60.000000000000,60.000000000000,60.000000000000
60.000000000000,60.000000000000,60.000000000000
5.758285879907,12.887945884613,38.901079419703
60.000000000000,60.000000000000,60.000000000000
60.000000000000,60.000000000000,60.000000000000
60.000000000000,60.000000000000,60.000000000000
60.000000000000,60.000000000000,60.000000000000
60.000000000000,60.000000000000,60.000000000000
60.000000000000,60.000000000000,60.000000000000
50.559704706390,33.317651218727,7.581376557070
60.000000000000,60.000000000000,42.240224674607
60.000000000000,60.000000000000,60.000000000000
60.000000000000,60.000000000000,60.000000000000
60.000000000000,60.000000000000,60.000000000000
3.139745514915,28.469581345790,35.235332243738
3.979478854298,60.000000000000,42.385731067425
60.000000000000,60.000000000000,60.000000000000
3.962491356368,46.377641531387,19.611497926926
60.000000000000,60.000000000000,60.000000000000
60.000000000000,60.000000000000,60.000000000000
60.000000000000,60.000000000000,60.000000000000
5.604787207314,54.537998482581,19.466012668623
60.000000000000,60.000000000000,60.000000000000
60.000000000000,60.000000000000,60.000000000000
60.000000000000,60.000000000000,60.000000000000
60.000000000000,60.000000000000,60.000000000000
37.014283561109,60.000000000000,12.403089995733
8.443902565409,16.063293382436,38.827029034320
60.000000000000,60.000000000000,60.000000000000
9.068579307597,17.581804207235,25.008146731696
38.838013969315,38.821151446515,54.725046924789
60.000000000000,3.580774493313,45.706048200434
60.000000000000,60.000000000000,60.000000000000
34.170399813486,38.132316927106,60.000000000000
60.000000000000,60.000000000000,60.000000000000
60.000000000000,60.000000000000,60.000000000000
60.000000000000,60.000000000000,60.000000000000
7.692019601927,14.217088940335,50.136650020473
60.000000000000,60.000000000000,60.000000000000
60.000000000000,60.000000000000,60.000000000000
60.000000000000,60.000000000000,60.000000000000
8.474620255294,1.139614259738,51.680880551432
60.000000000000,60.000000000000,60.000000000000
60.000000000000,60.000000000000,60.000000000000
60.000000000000,60.000000000000,25.738675747494
60.000000000000,60.000000000000,60.000000000000
60.000000000000,60.000000000000,11.306775897853
60.000000000000,60.000000000000,60.000000000000
60.000000000000,60.000000000000,60.000000000000
60.000000000000,60.000000000000,60.000000000000
34.510568991230,21.394047960602,44.788636777497
2.057032382072,13.842081633555,50.153481101702
60.000000000000,60.000000000000,60.000000000000
60.000000000000,60.000000000000,0.000000000000
60.000000000000,60.000000000000,60.000000000000
60.000000000000,42.556863486772,19.531742334098
60.000000000000,60.000000000000,60.000000000000
3.998347380276,30.032605148198,15.074991985960
59.169934347789,58.025263545972,3.566445491620
6.002997581704,60.000000000000,37.335630115353
60.000000000000,60.000000000000,60.000000000000
60.000000000000,60.000000000000,60.000000000000
60.000000000000,60.000000000000,60.000000000000
6.000144558229,28.960067328024,43.047790920247
60.000000000000,60.000000000000,60.000000000000
7.984743197835,4.636401173220,10.159321469998
60.000000000000,60.000000000000,60.000000000000
3.766511445958,51.136498818227,22.619014993791
60.000000000000,60.000000000000,60.000000000000
60.000000000000,60.000000000000,60.000000000000
60.000000000000,60.000000000000,60.000000000000
4.590238642134,23.235062144876,55.079119474513
60.000000000000,60.000000000000,60.000000000000
7.431037016970,45.702720095923,10.944878611182
60.000000000000,60.000000000000,60.000000000000
8.532300123047,42.896537208680,34.672963687599
2.265478751431,21.960577025975,23.334727675566
4.096724279438,56.713947264000,0.625274838899
60.000000000000,34.012963160004,60.000000000000
19.659352252313,60.000000000000,60.000000000000
60.000000000000,60.000000000000,60.000000000000
60.000000000000,60.000000000000,60.000000000000
17.609612080625,23.733061200731,21.897876503458
2.247277234679,1.384963815230,19.200614736369
60.000000000000,60.000000000000,60.000000000000
60.000000000000,60.000000000000,60.000000000000
1.756887862543,34.258516537987,26.392813703318
29.830627167236,0.765407273669,30.846845773709
39.612576187707,60.000000000000,25.586148998890
60.000000000000,60.000000000000,60.000000000000
60.000000000000,0.000000000000,60.000000000000
8.923740160751,19.574053334113,32.443134195892
60.000000000000,60.000000000000,60.000000000000
13.400119147794,26.523533160259,17.601633661816
60.000000000000,60.000000000000,60.000000000000
60.000000000000,60.000000000000,60.000000000000
60.000000000000,60.000000000000,60.000000000000
44.314603151671,37.070091507643,60.000000000000
60.000000000000,60.000000000000,60.000000000000
2.441305519620,46.508566851782,33.576499863515
60.000000000000,60.000000000000,60.000000000000
60.000000000000,60.000000000000,60.000000000000
60.000000000000,60.000000000000,60.000000000000
13.827575397704,7.880700934449,60.000000000000
60.000000000000,60.000000000000,60.000000000000
1.048303797722,7.412923726241,33.995053366911
60.000000000000,60.000000000000,60.000000000000
60.000000000000,60.000000000000,60.000000000000
60.000000000000,60.000000000000,60.000000000000
5.230615512700,46.134506857708,60.000000000000
60.000000000000,0.000000000000,60.000000000000
60.000000000000,60.000000000000,60.000000000000
60.000000000000,60.000000000000,60.000000000000
33.252877421544,9.875613127022,41.604059603971
60.000000000000,60.000000000000,60.000000000000
49.503856596902,21.618222938576,60.000000000000
60.000000000000,60.000000000000,60.000000000000
60.000000000000,60.000000000000,60.000000000000
60.000000000000,60.000000000000,60.000000000000
60.000000000000,27.187442632739,36.953307888087
60.000000000000,60.000000000000,60.000000000000
58.477900123985,36.908914037326,59.425179312855
60.000000000000,0.000000000000,60.000000000000
60.000000000000,60.000000000000,60.000000000000
60.000000000000,60.000000000000,60.000000000000
4.889933441135,28.629853176926,28.443285685533
60.000000000000,60.000000000000,60.000000000000
60.000000000000,60.000000000000,60.000000000000
60.000000000000,60.000000000000,60.000000000000
6.873760945245,7.311549452390,18.690421860601
60.000000000000,60.000000000000,60.000000000000
60.000000000000,60.000000000000,60.000000000000
60.000000000000,60.000000000000,60.000000000000
60.000000000000,60.000000000000,60.000000000000
35.941150977276,60.000000000000,60.000000000000
60.000000000000,60.000000000000,60.000000000000
60.000000000000,60.000000000000,0.000000000000
22.935772490563,20.483720145537,19.436728715105
60.000000000000,60.000000000000,60.000000000000
60.000000000000,60.000000000000,60.000000000000
60.000000000000,60.000000000000,60.000000000000
60.000000000000,60.000000000000,60.000000000000
60.000000000000,60.000000000000,60.000000000000
60.000000000000,16.184688709178,38.639555535911
60.000000000000,60.000000000000,60.000000000000
5.965585160065,27.171477334960,15.057670539674
1.375975523997,28.737513177230,34.609799732749
60.000000000000,0.000000000000,60.000000000000
60.000000000000,60.000000000000,60.000000000000
13.865623345909,17.296619282969,16.309002285448
58.214604189685,32.520446173671,39.284998674879
14.887441977717,3.547723041094,52.715732644808
60.000000000000,60.000000000000,60.000000000000
60.000000000000,60.000000000000,60.000000000000
60.000000000000,0.000000000000,60.000000000000
9.601663112931,45.187849622843,46.923084747631
60.000000000000,0.000000000000,60.000000000000
15.676553956776,34.864987697473,2.608858997423
9.883495764658,33.617106766069,27.199991528917
14.548265660088,7.687336345553,28.158481554298
10.057227998879,29.217266100097,38.384008474356
9.522795362610,23.177703839758,1.470621831739
60.000000000000,0.000000000000,60.000000000000
9.835614929262,46.086350280893,50.774788801716
60.000000000000,60.000000000000,60.000000000000
17.211400446547,21.888496593307,49.838025624018
26.249880989377,48.365877996366,13.436440539390
10.339025899034,17.980691431364,42.052464284996
12.055442053389,35.751618432902,19.651140529800
10.230071463522,42.955400656763,49.600759900213
60.000000000000,0.000000000000,60.000000000000
44.379916754507,60.000000000000,7.186693261964
60.000000000000,60.000000000000,60.000000000000
14.718170927722,53.983040733992,12.735135990466
10.037602181688,32.060431457167,30.300201724039
3.644773980815,60.000000000000,50.602056779036
8.582499613560,60.000000000000,40.601339659641
13.143234840964,15.506912815231,4.732192894025
60.000000000000,60.000000000000,60.000000000000
16.099084651299,24.677337221882,12.571527849801
16.559108627135,34.888235817814,34.600786790299
54.447775960339,6.173509918593,13.672558318587
16.889603255720,42.046243230413,28.539711679471
60.000000000000,60.000000000000,60.000000000000
60.000000000000,60.000000000000,60.000000000000
12.750163469615,26.326611335488,5.812019022818
36.553061843511,28.152717813430,42.943800359686
49.875390864603,48.003499910182,27.405813709704
13.342648216978,30.005653309210,40.150172431014
60.000000000000,0.000000000000,60.000000000000
8.459069127568,31.386050898560,21.810080359450
60.000000000000,0.000000000000,60.000000000000
11.515485443373,9.358718449703,8.196770001108
60.000000000000,60.000000000000,60.000000000000
60.000000000000,0.000000000000,60.000000000000
16.519559540425,36.784999275099,53.841181818330
9.099852937933,52.183324589597,50.809998308212
60.000000000000,0.000000000000,60.000000000000
18.959245353238,6.962414546277,52.861358847192
60.000000000000,60.000000000000,60.000000000000
60.000000000000,60.000000000000,60.000000000000
22.515001150452,45.198395387127,32.368364676878
49.659277743693,34.243161528220,20.158518566117
60.000000000000,0.000000000000,60.000000000000
60.000000000000,60.000000000000,60.000000000000
60.000000000000,42.194442595538,60.000000000000
26.468552052675,42.401843103079,44.952097699153
19.018081201924,4.250529916999,11.486952501385
60.000000000000,60.000000000000,60.000000000000
10.404106637539,4.762617628523,19.385572426911
60.000000000000,0.000000000000,60.000000000000
60.000000000000,60.000000000000,0.000000000000
60.000000000000,0.000000000000,60.000000000000
60.000000000000,60.000000000000,60.000000000000
60.000000000000,0.000000000000,60.000000000000
9.876409151730,18.027236997756,53.557281876501
60.000000000000,0.000000000000,60.000000000000
6.596681192736,41.422078285954,54.528286872375
40.705163850990,16.980401659282,4.582931872117
22.198326264424,53.483289281739,35.318072936060
60.000000000000,0.000000000000,60.000000000000
26.475259185239,11.883956296818,18.796951161508
60.000000000000,0.000000000000,60.000000000000
10.103754908380,29.872666726386,17.730808391700
60.000000000000,0.000000000000,60.000000000000
15.673424498063,16.364926348780,48.361853892029
60.000000000000,60.000000000000,60.000000000000
60.000000000000,0.000000000000,60.000000000000
60.000000000000,0.000000000000,60.000000000000
17.064197109545,43.457487169552,51.164818736149
60.000000000000,0.000000000000,60.000000000000
60.000000000000,60.000000000000,60.000000000000
17.405582034677,29.080827797998,29.721400700050
9.817338601908,29.979368965942,22.742375604342
60.000000000000,3.107452355157,56.989530784981
60.000000000000,60.000000000000,60.000000000000
12.928778365286,26.819350888634,22.274498560914
47.980301187688,34.483896968724,30.364518061556
24.022007674460,24.476529375229,48.998789688666
6.101457588633,27.216422410658,60.000000000000
0.469763435260,43.029238964133,38.073326306935
60.000000000000,60.000000000000,60.000000000000
60.000000000000,60.000000000000,60.000000000000
11.797678186276,30.692166795833,42.030854355877
60.000000000000,0.000000000000,60.000000000000
15.311456853728,36.979311981009,15.023399193569
60.000000000000,31.090053465698,54.620170072866
60.000000000000,0.000000000000,60.000000000000
30.247789714814,35.324021369000,18.056913749085
51.959388924368,18.031000675234,43.158382445592
60.000000000000,60.000000000000,60.000000000000
60.000000000000,0.000000000000,60.000000000000
60.000000000000,0.000000000000,60.000000000000
60.000000000000,60.000000000000,60.000000000000
60.000000000000,0.000000000000,60.000000000000
60.000000000000,60.000000000000,60.000000000000
60.000000000000,0.000000000000,60.000000000000
32.708030047197,60.000000000000,18.059305521986
60.000000000000,60.000000000000,0.000000000000
1.395952905947,40.902716607579,31.052580536899
60.000000000000,0.000000000000,60.000000000000
10.312184580350,3.152742063454,8.954673665697
60.000000000000,57.434230263238,27.456109195346
60.000000000000,60.000000000000,60.000000000000
60.000000000000,60.000000000000,60.000000000000
60.000000000000,60.000000000000,60.000000000000
60.000000000000,0.000000000000,60.000000000000
60.000000000000,60.000000000000,60.000000000000
60.000000000000,0.000000000000,60.000000000000
8.421213293892,32.994359045809,48.591631662396
60.000000000000,0.000000000000,60.000000000000
15.937773494671,2.500995943810,54.549686097835
60.000000000000,60.000000000000,60.000000000000
51.186571722449,34.799321766838,60.000000000000
4.269315263510,4.448821671748,47.277881665869
5.585336050051,21.478290103075,55.726520278232
60.000000000000,0.000000000000,60.000000000000
24.552858893237,0.667309373251,60.000000000000
60.000000000000,60.000000000000,60.000000000000
60.000000000000,60.000000000000,60.000000000000
60.000000000000,60.000000000000,60.000000000000
60.000000000000,0.000000000000,60.000000000000
60.000000000000,0.000000000000,60.000000000000
12.177598764645,21.884254725082,43.189630309371
60.000000000000,60.000000000000,60.000000000000
16.370939992316,54.334450409243,8.176866549413
60.000000000000,0.000000000000,60.000000000000
12.742608132429,12.988262969102,51.677095599443
60.000000000000,0.000000000000,60.000000000000
30.073517797083,21.865854205733,51.674326296286
19.130296891805,8.308112460849,60.000000000000
60.000000000000,0.000000000000,60.000000000000
60.000000000000,27.700672441795,24.682415641744
60.000000000000,60.000000000000,60.000000000000
30.487927773582,60.000000000000,35.125290981012
8.919520384671,28.504818383946,44.544956824909
60.000000000000,0.000000000000,60.000000000000
0.879007964565,56.252959770539,18.838914659533
60.000000000000,60.000000000000,60.000000000000
1.363578126094,21.346092733582,42.197720923650
60.000000000000,0.000000000000,60.000000000000
60.000000000000,60.000000000000,60.000000000000
26.974748372404,60.000000000000,25.926730411019
60.000000000000,0.000000000000,60.000000000000
60.000000000000,0.000000000000,60.000000000000
60.000000000000,60.000000000000,60.000000000000
60.000000000000,0.000000000000,60.000000000000
60.000000000000,60.000000000000,60.000000000000
60.000000000000,8.817295557594,60.000000000000
11.031800532493,53.259280205314,28.558605116865
12.395034185653,28.061798911047,54.679110508675
60.000000000000,60.000000000000,60.000000000000
60.000000000000,0.000000000000,60.000000000000
29.184162247680,13.092401025788,56.702438566493
60.000000000000,60.000000000000,60.000000000000
56.476399251864,53.626745161305,24.267562924884
60.000000000000,0.000000000000,60.000000000000
14.421990996840,55.782777648088,51.338870457410
60.000000000000,0.000000000000,60.000000000000
60.000000000000,0.000000000000,60.000000000000
60.000000000000,0.000000000000,60.000000000000
17.165729324525,56.937854106372,31.699759656677
60.000000000000,60.000000000000,60.000000000000
0.000000000000,0.000000000000,60.000000000000
60.000000000000,0.000000000000,60.000000000000
60.000000000000,60.000000000000,60.000000000000
3.059962035247,30.851120467553,23.890887769445
60.000000000000,60.000000000000,60.000000000000
44.306746683720,33.089906525302,33.729624974822
60.000000000000,60.000000000000,60.000000000000
60.000000000000,60.000000000000,60.000000000000
16.833062309558,31.631647837254,1.475672964535
60.000000000000,0.000000000000,60.000000000000
13.871343995427,25.297762678279,30.823877710658
60.000000000000,0.000000000000,60.000000000000
60.000000000000,0.000000000000,60.000000000000
60.000000000000,60.000000000000,60.000000000000
12.150842824781,43.647083041288,40.127869947250
60.000000000000,60.000000000000,60.000000000000
60.000000000000,0.000000000000,60.000000000000
60.000000000000,0.000000000000,60.000000000000
7.811090509244,56.473977635245,42.786504624620
60.000000000000,0.000000000000,60.000000000000
60.000000000000,60.000000000000,36.870876936924
60.000000000000,25.099992651671,1.219817239359
47.905760943078,60.000000000000,51.843873817908
11.349517011948,29.856487501281,30.267590518773
60.000000000000,0.000000000000,60.000000000000
60.000000000000,60.000000000000,0.000000000000
60.000000000000,0.000000000000,60.000000000000
49.561671878076,28.213963213995,22.042752612454
16.685384201797,28.708403744504,38.135856949479
60.000000000000,0.000000000000,60.000000000000
60.000000000000,0.000000000000,60.000000000000
60.000000000000,0.000000000000,60.000000000000
60.000000000000,60.000000000000,60.000000000000
60.000000000000,0.000000000000,60.000000000000
2.494381970486,8.850819516909,12.262169609456
60.000000000000,60.000000000000,60.000000000000
13.463008556179,37.261235835006,31.122264210391
0.000000000000,0.000000000000,60.000000000000
60.000000000000,0.000000000000,60.000000000000
60.000000000000,60.000000000000,60.000000000000
36.583220038907,44.173643409679,25.845149684846
60.000000000000,60.000000000000,60.000000000000
11.510899134944,34.365743563905,11.253510499654
60.000000000000,0.000000000000,60.000000000000
60.000000000000,60.000000000000,60.000000000000
60.000000000000,0.000000000000,60.000000000000
60.000000000000,0.000000000000,60.000000000000
60.000000000000,60.000000000000,60.000000000000
11.904593568958,50.934201576189,3.717590887275
60.000000000000,0.000000000000,60.000000000000
15.514420573311,29.590345308475,7.082269524385
60.000000000000,0.000000000000,60.000000000000
5.035058086230,40.375949551694,19.560345431483
20.037182107791,60.000000000000,39.685088499036
14.531149335583,19.574236342070,49.607090699235
57.279528930995,60.000000000000,49.398631750610
60.000000000000,38.200108389362,38.431572647096
60.000000000000,60.000000000000,29.523519433139
60.000000000000,0.000000000000,60.000000000000
23.009337954462,16.885470257016,20.382116641445
11.479784849533,44.194406742488,29.789504764469
60.000000000000,0.000000000000,60.000000000000
60.000000000000,60.000000000000,60.000000000000
60.000000000000,60.000000000000,60.000000000000
60.000000000000,60.000000000000,60.000000000000
27.358683233285,17.476047291850,38.312147907415
60.000000000000,0.000000000000,60.000000000000
60.000000000000,60.000000000000,60.000000000000
38.139091432471,0.610335898965,19.459910202623
60.000000000000,60.000000000000,60.000000000000
2.354878117034,12.042385152321,50.853607033072
60.000000000000,0.000000000000,60.000000000000
60.000000000000,0.000000000000,60.000000000000
60.000000000000,0.000000000000,60.000000000000
60.000000000000,60.000000000000,60.000000000000
60.000000000000,60.000000000000,60.000000000000
18.532985260217,1.001963638076,19.096686179136
60.000000000000,0.000000000000,60.000000000000
60.000000000000,0.000000000000,60.000000000000
60.000000000000,60.000000000000,60.000000000000
9.600065059418,50.204906464078,37.479635319933
60.000000000000,0.000000000000,60.000000000000
29.215196775159,2.748891404977,60.000000000000
0.000000000000,0.000000000000,60.000000000000
60.000000000000,60.000000000000,60.000000000000
60.000000000000,60.000000000000,60.000000000000
6.495910130856,60.000000000000,1.943532022067
60.000000000000,60.000000000000,60.000000000000
60.000000000000,60.000000000000,60.000000000000
60.000000000000,0.000000000000,60.000000000000
13.567643118331,47.761854588115,32.314215785544
60.000000000000,60.000000000000,60.000000000000
60.000000000000,60.000000000000,60.000000000000
60.000000000000,0.000000000000,60.000000000000
60.000000000000,60.000000000000,60.000000000000
60.000000000000,41.458273624054,34.525424545934
60.000000000000,36.146580439206,60.000000000000
60.000000000000,0.000000000000,60.000000000000
60.000000000000,60.000000000000,60.000000000000
60.000000000000,60.000000000000,60.000000000000
60.000000000000,0.000000000000,60.000000000000
60.000000000000,0.000000000000,60.000000000000
60.000000000000,60.000000000000,60.000000000000
60.000000000000,0.000000000000,60.000000000000
60.000000000000,0.000000000000,60.000000000000
60.000000000000,60.000000000000,60.000000000000
35.656067866246,58.007979697812,7.096165384062
60.000000000000,0.000000000000,60.000000000000
60.000000000000,60.000000000000,60.000000000000
60.000000000000,60.000000000000,60.000000000000
60.000000000000,0.000000000000,60.000000000000
60.000000000000,37.668701368755,22.788423421359
60.000000000000,0.000000000000,60.000000000000
46.412302355327,58.271267240050,60.000000000000
13.128393349337,13.895150192636,23.118126087188
60.000000000000,0.000000000000,60.000000000000
60.000000000000,60.000000000000,60.000000000000
60.000000000000,0.000000000000,60.000000000000
60.000000000000,60.000000000000,60.000000000000
60.000000000000,0.000000000000,0.000000000000
8.166928673914,60.000000000000,32.846766512742
60.000000000000,0.000000000000,60.000000000000
10.640662054643,35.948819010690,46.870840965269
58.665516349514,51.856610574468,11.920877270772
60.000000000000,60.000000000000,60.000000000000
60.000000000000,0.000000000000,60.000000000000
13.528564249809,6.704915298576,0.378085956610
60.000000000000,60.000000000000,60.000000000000
20.048042110642,40.143282946885,47.396297911276
0.000000000000,6.943178182331,60.000000000000
32.709168758570,12.242005408829,18.897001478547
60.000000000000,60.000000000000,60.000000000000
37.482028424244,6.413033058161,58.793835085724
60.000000000000,60.000000000000,60.000000000000
18.841143047715,41.930050880565,42.275966733612
60.000000000000,60.000000000000,60.000000000000
60.000000000000,43.568822586028,26.371797279965
18.947979727343,37.120634396944,38.089855493552
39.129244503170,50.419734505566,58.752478764145
59.205873663949,38.744651790075,11.658277971427
40.272216056941,14.982252831731,57.749737009180
11.012199627349,9.568014275747,14.818886775195
17.623179567769,30.879566957746,55.179273254462
60.000000000000,60.000000000000,60.000000000000
60.000000000000,60.000000000000,60.000000000000
60.000000000000,60.000000000000,60.000000000000
60.000000000000,60.000000000000,60.000000000000
10.926899765982,27.924726448748,15.745235476773
60.000000000000,60.000000000000,60.000000000000
0.000000000000,22.273467927335,60.000000000000
4.741431526969,34.091739369260,7.844908460389
23.764118466961,47.916444869373,47.816122170979
60.000000000000,60.000000000000,60.000000000000
15.201762488213,31.566291346377,33.005994777766
20.702296623314,25.871032087358,47.102716174505
60.000000000000,60.000000000000,60.000000000000
23.898465036559,55.410626500727,40.772231541222
28.041935364583,36.622777617117,24.051397243075
18.272608702049,54.919977093446,47.531927893705
3.387980630043,40.080959493858,53.050907452354
23.655699602915,7.215583903377,17.554645662094
60.000000000000,60.000000000000,60.000000000000
22.195129362270,43.969544551625,21.647220642594
60.000000000000,60.000000000000,60.000000000000
60.000000000000,60.000000000000,60.000000000000
21.688493259699,15.333998973281,33.780065321835
33.418022001103,36.240133432638,2.122336157082
60.000000000000,60.000000000000,60.000000000000
60.000000000000,60.000000000000,60.000000000000
8.656389496276,45.048514104528,24.042106271857
46.275730349773,50.471312830503,38.951186504955
0.000000000000,60.000000000000,60.000000000000
60.000000000000,60.000000000000,60.000000000000
22.675749396893,30.231265862851,35.239714448530
9.681968705977,41.773899809902,41.894956592395
15.683220165511,54.721063118565,21.362003225975
56.258656925276,35.403503233329,5.812280289837
60.000000000000,60.000000000000,60.000000000000
18.038359875045,56.931182811333,46.587439381559
29.337399546734,12.909206059848,37.791871560123
60.000000000000,60.000000000000,60.000000000000
60.000000000000,60.000000000000,60.000000000000
19.797181996002,51.238100535563,20.054897204338
60.000000000000,60.000000000000,60.000000000000
60.000000000000,60.000000000000,60.000000000000
5.744795881071,38.101753951920,21.118621655550
22.363440945560,55.763033905788,54.130713653015
60.000000000000,60.000000000000,60.000000000000
60.000000000000,60.000000000000,60.000000000000
60.000000000000,60.000000000000,60.000000000000
21.641619458469,20.051719443831,45.810587032420
60.000000000000,60.000000000000,60.000000000000
60.000000000000,60.000000000000,60.000000000000
60.000000000000,60.000000000000,60.000000000000
4.763535854347,45.518437297410,13.324588060135
20.782253906348,36.133296958361,35.019382169123
60.000000000000,60.000000000000,60.000000000000
60.000000000000,60.000000000000,60.000000000000
0.000000000000,60.000000000000,60.000000000000
60.000000000000,60.000000000000,60.000000000000
60.000000000000,60.000000000000,60.000000000000
60.000000000000,60.000000000000,60.000000000000
60.000000000000,60.000000000000,60.000000000000
49.819339384814,47.596499820676,60.000000000000
60.000000000000,60.000000000000,60.000000000000
60.000000000000,60.000000000000,60.000000000000
21.979887256937,10.900498112195,57.709490905035
60.000000000000,60.000000000000,60.000000000000
14.528436437806,14.255250208654,6.972997602179
24.256239334546,27.849441150191,35.001717624930
60.000000000000,60.000000000000,60.000000000000
42.221946810819,45.954149528748,7.201898165607
20.193862112548,48.070456180999,14.429976672823
21.376626702707,40.845333790373,27.202262471452
24.968974509219,14.440630038839,14.457027308932
60.000000000000,60.000000000000,60.000000000000
60.000000000000,60.000000000000,60.000000000000
24.198438076306,49.765927666840,38.649632268224
60.000000000000,60.000000000000,60.000000000000
60.000000000000,0.000000000000,60.000000000000
60.000000000000,60.000000000000,60.000000000000
60.000000000000,60.000000000000,60.000000000000
60.000000000000,60.000000000000,60.000000000000
9.200901909664,60.000000000000,6.720263467093
60.000000000000,0.000000000000,60.000000000000
49.497527536775,10.692919896030,19.780101765404
19.132086399726,46.443675180759,56.828208717050
30.053238280015,49.143946326702,38.365654153555
17.033080861999,9.449450955078,4.305947997923
60.000000000000,60.000000000000,60.000000000000
14.754522217097,60.000000000000,38.111153753193
60.000000000000,0.000000000000,60.000000000000
22.352314810138,39.919075711059,53.250097832387
0.000000000000,0.000000000000,60.000000000000
14.768059879075,10.936315596365,0.316952887106
0.668975476544,13.511642952155,60.000000000000
60.000000000000,60.000000000000,60.000000000000
60.000000000000,0.000000000000,60.000000000000
24.379350962179,14.941280321662,54.939989589703
7.221495851982,10.744116060973,52.243788836522
16.214907276612,11.026666462085,58.171723351306
60.000000000000,60.000000000000,60.000000000000
60.000000000000,0.000000000000,60.000000000000
60.000000000000,0.000000000000,60.000000000000
49.378724094795,60.000000000000,60.000000000000
0.000000000000,0.000000000000,60.000000000000
19.164320181595,31.043837448043,20.945923169153
60.000000000000,0.000000000000,60.000000000000
24.263369654048,1.849293683267,0.030062745458
19.117756247279,3.302124914394,60.000000000000
60.000000000000,60.000000000000,60.000000000000
10.514586448294,31.264671540600,35.605572728639
19.445311082383,34.611610811538,51.916332351963
60.000000000000,60.000000000000,60.000000000000
42.944375302618,52.450337127827,19.976105664725
60.000000000000,0.000000000000,60.000000000000
60.000000000000,60.000000000000,60.000000000000
50.127612771887,10.792363605456,56.705767921762
60.000000000000,60.000000000000,60.000000000000
60.000000000000,0.000000000000,60.000000000000
29.891010697028,39.128793950365,5.911816460680
8.322704754271,1.533607545188,26.375107515709
46.496564355605,38.767237019024,8.974923348518
60.000000000000,0.000000000000,60.000000000000
21.691164254691,9.869227160096,13.307933378537
60.000000000000,0.000000000000,60.000000000000
24.199098449452,55.042261930044,21.109603585435
5.307086467899,34.603577732218,31.022255922126
11.482176562426,60.000000000000,35.825724017705
41.707118850199,7.895922149947,13.333522970113
24.035793074055,0.635161516361,4.133565753866
17.848972215864,19.009880405724,31.677027808514
32.377379186655,18.507359288156,40.213811623182
60.000000000000,60.000000000000,60.000000000000
60.000000000000,60.000000000000,60.000000000000
60.000000000000,0.000000000000,60.000000000000
22.883939007569,33.411226735364,16.195237259616
47.042141586959,60.000000000000,20.587496833320
60.000000000000,60.000000000000,60.000000000000
15.286763392074,60.000000000000,25.138069255938
20.027405039625,60.000000000000,49.514460054535
0.000000000000,0.000000000000,60.000000000000
60.000000000000,60.000000000000,60.000000000000
60.000000000000,60.000000000000,60.000000000000
51.823171637452,22.871179138306,3.065697621426
28.883031546722,50.518600664954,60.000000000000
24.814950228160,4.450298377299,56.054714548523
60.000000000000,60.000000000000,60.000000000000
60.000000000000,60.000000000000,60.000000000000
60.000000000000,60.000000000000,60.000000000000
45.112729824715,9.433093577370,2.202599637168
60.000000000000,0.000000000000,60.000000000000
43.611996109557,1.196800339451,7.286229436404
60.000000000000,60.000000000000,60.000000000000
11.581486928722,42.885985995117,4.983064955893
60.000000000000,60.000000000000,60.000000000000
56.396294283891,60.000000000000,48.184365092762
60.000000000000,0.000000000000,60.000000000000
23.168248923717,6.925502487813,50.626653241014
60.000000000000,60.000000000000,60.000000000000
31.227989701513,60.000000000000,39.698429805723
60.000000000000,60.000000000000,60.000000000000
60.000000000000,60.000000000000,60.000000000000
23.369191327765,20.301468144268,23.449748773585
54.359150946445,50.242690361803,56.079306928388
60.000000000000,60.000000000000,60.000000000000
20.093142225663,30.582077552851,59.216763392133
60.000000000000,60.000000000000,60.000000000000
60.000000000000,10.393949258479,13.369815319211
60.000000000000,0.000000000000,60.000000000000
49.348507818055,11.389058125967,55.243692509272
60.000000000000,0.000000000000,60.000000000000
60.000000000000,60.000000000000,60.000000000000
60.000000000000,0.000000000000,60.000000000000
1.433373969593,39.503689807064,25.653732247752
60.000000000000,60.000000000000,60.000000000000
60.000000000000,60.000000000000,60.000000000000
60.000000000000,0.000000000000,60.000000000000
60.000000000000,60.000000000000,60.000000000000
33.471794537128,0.000000000000,58.398006634119
16.540219566803,57.207793144293,58.370023934652
56.909702420210,14.779141201035,50.535938469287
34.260026296029,5.194544802908,41.090763438474
60.000000000000,60.000000000000,60.000000000000
60.000000000000,0.000000000000,60.000000000000
60.000000000000,0.000000000000,60.000000000000
60.000000000000,0.000000000000,60.000000000000
60.000000000000,60.000000000000,60.000000000000
42.293799131548,13.491234646470,44.444650984917
60.000000000000,0.000000000000,60.000000000000
60.000000000000,60.000000000000,60.000000000000
60.000000000000,0.000000000000,60.000000000000
18.199386745882,44.085056372155,26.122578375719
60.000000000000,0.000000000000,60.000000000000
60.000000000000,60.000000000000,60.000000000000
18.044435048374,24.447158404390,24.346434006917
18.882367658808,21.303113689342,20.688362471762
60.000000000000,60.000000000000,60.000000000000
60.000000000000,60.000000000000,60.000000000000
60.000000000000,0.000000000000,60.000000000000
18.542607911151,31.660507442619,48.512173595413
60.000000000000,0.000000000000,60.000000000000
47.618791052065,47.720976496875,18.627936295009
60.000000000000,0.000000000000,60.000000000000
24.224828471049,43.233098148808,40.704707378734
60.000000000000,0.000000000000,60.000000000000
60.000000000000,0.000000000000,60.000000000000
60.000000000000,60.000000000000,60.000000000000
19.110283946311,19.412054122307,13.423719237723
0.000000000000,0.000000000000,60.000000000000
22.607576616621,13.524063330629,3.175177950820
60.000000000000,60.000000000000,60.000000000000
20.282649734947,51.840166199931,47.699616911819
23.131866691745,42.457338384834,20.618242274407
23.005419777620,45.845186501418,40.716476291181
42.733652873300,60.000000000000,60.000000000000
10.749717562314,57.847650889541,25.577985831994
60.000000000000,60.000000000000,0.000000000000
60.000000000000,0.000000000000,60.000000000000
60.000000000000,60.000000000000,60.000000000000
21.104351225028,26.091535546633,41.614747038057
60.000000000000,0.000000000000,60.000000000000
60.000000000000,60.000000000000,60.000000000000
60.000000000000,0.000000000000,60.000000000000
60.000000000000,0.000000000000,60.000000000000
24.661233456010,40.346773184822,39.986996431786
60.000000000000,0.000000000000,60.000000000000
60.000000000000,60.000000000000,60.000000000000
24.952946583439,20.407092256675,2.854856029651
60.000000000000,60.000000000000,60.000000000000
28.542692212195,34.432154929078,20.455099373322
60.000000000000,60.000000000000,60.000000000000
60.000000000000,60.000000000000,60.000000000000
2.131974957985,60.000000000000,28.960736280704
60.000000000000,60.000000000000,60.000000000000
23.126362378921,42.761322045469,30.571661281764
17.313967195583,34.770377457024,36.923146337210
60.000000000000,0.000000000000,60.000000000000
60.000000000000,60.000000000000,60.000000000000
60.000000000000,0.000000000000,60.000000000000
20.712803518674,5.264576163669,38.264388046120
60.000000000000,0.000000000000,60.000000000000
56.177305361193,47.846237391094,46.791419885669
60.000000000000,60.000000000000,60.000000000000
60.000000000000,28.873177627844,60.000000000000
60.000000000000,0.000000000000,60.000000000000
21.751778387190,48.133194074069,31.316972941823
60.000000000000,60.000000000000,60.000000000000
60.000000000000,60.000000000000,60.000000000000
60.000000000000,0.000000000000,60.000000000000
33.234142062392,60.000000000000,60.000000000000
60.000000000000,60.000000000000,60.000000000000
60.000000000000,60.000000000000,60.000000000000
60.000000000000,0.000000000000,60.000000000000
60.000000000000,60.000000000000,60.000000000000
60.000000000000,60.000000000000,60.000000000000
60.000000000000,60.000000000000,60.000000000000
60.000000000000,0.000000000000,60.000000000000
60.000000000000,60.000000000000,60.000000000000
0.000000000000,60.000000000000,60.000000000000
60.000000000000,0.000000000000,60.000000000000
60.000000000000,0.000000000000,60.000000000000
60.000000000000,60.000000000000,60.000000000000
60.000000000000,60.000000000000,60.000000000000
60.000000000000,0.000000000000,60.000000000000
60.000000000000,0.000000000000,60.000000000000
23.238155055671,22.943635408858,37.718510444633
0.000000000000,0.000000000000,60.000000000000
60.000000000000,60.000000000000,60.000000000000
0.000000000000,60.000000000000,60.000000000000
60.000000000000,60.000000000000,60.000000000000
60.000000000000,60.000000000000,60.000000000000
60.000000000000,60.000000000000,60.000000000000
52.052826529749,46.621499551982,30.652447178924
22.573715190390,51.242694940749,5.749250756389
0.000000000000,0.000000000000,60.000000000000
60.000000000000,0.000000000000,60.000000000000
60.000000000000,0.000000000000,60.000000000000
48.240323992571,35.814349787549,9.993361564730
60.000000000000,60.000000000000,60.000000000000
21.924743690475,16.306061296974,34.717058506690
60.000000000000,0.000000000000,60.000000000000
46.860053587000,12.808954422235,30.342918064836
0.000000000000,60.000000000000,60.000000000000
60.000000000000,0.000000000000,60.000000000000
60.000000000000,0.000000000000,60.000000000000
29.327577852866,16.604251170178,36.168479012336
60.000000000000,60.000000000000,60.000000000000
33.800796647101,20.043481519601,51.021748634175
34.022745940318,28.311658493042,60.000000000000
27.907219894515,37.852503686228,22.848735902768
60.000000000000,60.000000000000,60.000000000000
55.460695571659,2.864359935420,42.925743742701
60.000000000000,60.000000000000,60.000000000000
60.000000000000,60.000000000000,60.000000000000
60.000000000000,60.000000000000,60.000000000000
54.062515475194,39.712367330299,20.084598796200
60.000000000000,60.000000000000,60.000000000000
32.953015478610,52.706474998644,24.562628733598
30.970311211829,34.742507049390,30.695543597819
29.911035377299,43.076706365583,55.001240389753
27.707123031618,37.404924577444,27.496248480256
55.764104515553,22.746416114249,30.816633010030
60.000000000000,60.000000000000,60.000000000000
16.471514758945,39.892211364659,11.012066186773
60.000000000000,60.000000000000,60.000000000000
32.705007963204,50.905027107758,10.216204620198
60.000000000000,0.000000000000,60.000000000000
30.055492879714,18.928986644360,3.583700069859
60.000000000000,60.000000000000,60.000000000000
60.000000000000,60.000000000000,60.000000000000
31.385949818042,37.008337676201,26.746372792446
26.159506241202,43.618221841443,48.674645759895
60.000000000000,60.000000000000,60.000000000000
60.000000000000,60.000000000000,60.000000000000
27.847386554261,44.715214555645,8.443383074573
60.000000000000,60.000000000000,60.000000000000
29.785566372728,25.915157990782,22.539642199284
53.324729477501,45.754605950150,50.640025480081
20.650474192287,27.324445255013,40.399551866508
44.645054863150,39.513433866970,9.033665707098
60.000000000000,60.000000000000,60.000000000000
60.000000000000,33.787358536700,60.000000000000
60.000000000000,60.000000000000,60.000000000000
33.379248525033,60.000000000000,44.147899066053
37.186624478175,34.195590325280,35.572080984859
28.563512754037,50.123390545206,30.518913697207
23.408285757702,34.645062128202,36.767319630833
57.934065751127,35.777196547265,30.273594918078
60.000000000000,60.000000000000,60.000000000000
21.568125031951,10.460479750636,7.193886021692
60.000000000000,60.000000000000,60.000000000000
55.111806329057,13.136729286799,30.060931189112
60.000000000000,60.000000000000,60.000000000000
60.000000000000,60.000000000000,60.000000000000
28.588165594159,32.696526221395,34.826336539126
31.104506969807,9.367073269877,6.100639962123
60.000000000000,60.000000000000,60.000000000000
32.497071032442,38.711313384810,14.357591486133
38.847317401532,37.229376910641,15.344294489458
60.000000000000,60.000000000000,60.000000000000
60.000000000000,60.000000000000,60.000000000000
39.667059250011,18.424460071643,32.708695990712
46.426752514816,29.546531499428,3.027116972808
29.361457923591,53.737827243607,17.935031285476
43.699814199212,7.174437112497,4.192405118062
44.856481391046,54.238519562512,1.243263165308
60.000000000000,60.000000000000,60.000000000000
60.000000000000,60.000000000000,60.000000000000
60.000000000000,60.000000000000,60.000000000000
32.944020218781,52.927478831100,52.701958296133
60.000000000000,60.000000000000,60.000000000000
38.209716024244,12.487087065550,13.059072707469
47.204469803497,54.368084818445,5.716640351745
51.437853144697,48.435378628520,6.505759683106
60.000000000000,60.000000000000,60.000000000000
60.000000000000,0.000000000000,60.000000000000
60.000000000000,60.000000000000,60.000000000000
60.000000000000,60.000000000000,60.000000000000
60.000000000000,60.000000000000,60.000000000000
28.838230904696,45.346652363210,47.533524481194
60.000000000000,60.000000000000,60.000000000000
18.071142899693,28.266256829366,12.644381344245
29.204462128157,20.022019860861,24.716782517400
13.059120595789,60.000000000000,22.499423069988
60.000000000000,60.000000000000,60.000000000000
19.027766962840,21.227834324013,48.687868524826
33.322838807240,30.900574168050,25.823165819343
26.114011726512,34.232511007628,13.891032166098
34.003007379135,21.340420962080,26.853624421546
60.000000000000,60.000000000000,60.000000000000
30.407803552561,27.094412139941,42.955747935622
29.691175136572,16.775248470425,33.041700692630
28.321806067342,56.787199584494,21.009021771365
11.468020316832,15.911375912943,28.413264743741
60.000000000000,60.000000000000,60.000000000000
60.000000000000,60.000000000000,60.000000000000
31.608519544661,26.170645794322,37.661031548676
30.152423337983,57.431260072259,17.006985061055
60.000000000000,60.000000000000,60.000000000000
28.280485151174,36.673364981661,36.411010735535
60.000000000000,0.000000000000,60.000000000000
30.920525473173,55.014046819455,14.403732935133
9.414270246989,37.276565904587,55.421738181523
60.000000000000,60.000000000000,60.000000000000
60.000000000000,60.000000000000,60.000000000000
49.444469781525,17.364086376299,30.532571091976
60.000000000000,60.000000000000,60.000000000000
28.634688372347,44.359565183772,43.979378470249
60.000000000000,60.000000000000,60.000000000000
29.675916138503,4.542643050033,44.639918871119
60.000000000000,0.000000000000,60.000000000000
32.596300120532,29.657225382095,28.310097129431
60.000000000000,60.000000000000,60.000000000000
60.000000000000,60.000000000000,60.000000000000
60.000000000000,60.000000000000,60.000000000000
29.497210148459,25.982949204347,43.853977858786
60.000000000000,60.000000000000,60.000000000000
27.287036980949,52.734156628802,52.894511047864
60.000000000000,60.000000000000,60.000000000000
60.000000000000,60.000000000000,60.000000000000
60.000000000000,0.000000000000,60.000000000000
60.000000000000,0.000000000000,60.000000000000
60.000000000000,60.000000000000,60.000000000000
28.767053704168,13.447592656801,56.687390413444
60.000000000000,60.000000000000,60.000000000000
7.300157314649,25.452215663750,49.592929611663
60.000000000000,60.000000000000,60.000000000000
23.852039234930,13.571333408616,10.297177119553
60.000000000000,60.000000000000,60.000000000000
60.000000000000,0.000000000000,60.000000000000
60.000000000000,60.000000000000,60.000000000000
31.418711515022,54.510464116944,46.394480169691
18.500632699902,12.124883124995,21.133400985405
37.869170628085,27.064895954607,60.000000000000
60.000000000000,0.000000000000,60.000000000000
30.135176780845,11.545384613376,42.261469826622
60.000000000000,60.000000000000,60.000000000000
60.000000000000,0.000000000000,60.000000000000
60.000000000000,0.000000000000,60.000000000000
33.822050473683,52.928742642152,19.148373768945
60.000000000000,60.000000000000,60.000000000000
38.044819538578,5.687382073289,3.711658610698
60.000000000000,60.000000000000,60.000000000000
60.000000000000,60.000000000000,60.000000000000
60.000000000000,60.000000000000,60.000000000000
29.810367532361,20.055759275526,50.139437852856
30.607062984278,34.562596959171,23.618727914752
60.000000000000,11.872044477917,60.000000000000
60.000000000000,60.000000000000,60.000000000000
24.388812855273,31.940170095213,55.047736113285
26.536927747812,34.047322951966,23.613204143957
60.000000000000,60.000000000000,60.000000000000
60.000000000000,0.000000000000,60.000000000000
29.416060100419,14.868405866083,2.489068486550
0.000000000000,0.000000000000,60.000000000000
32.583801477897,15.310998208376,44.156538666577
60.000000000000,60.000000000000,60.000000000000
35.763948502002,22.481967081819,10.332464995704
29.017237864236,31.408667442054,28.289576326721
40.070799934567,53.896573455692,33.853078662389
60.000000000000,60.000000000000,60.000000000000
60.000000000000,60.000000000000,60.000000000000
26.131611638828,28.843231853937,34.355853944717
49.920783066071,40.774059843451,11.718983693170
60.000000000000,60.000000000000,0.000000000000
0.000000000000,0.000000000000,60.000000000000
60.000000000000,60.000000000000,60.000000000000
60.000000000000,60.000000000000,60.000000000000
60.000000000000,0.000000000000,60.000000000000
60.000000000000,60.000000000000,60.000000000000
60.000000000000,0.000000000000,60.000000000000
60.000000000000,60.000000000000,60.000000000000
60.000000000000,60.000000000000,60.000000000000
60.000000000000,60.000000000000,60.000000000000
4.616466689886,0.255410112792,43.325437505486
33.132247299771,16.563094230585,12.818899608862
60.000000000000,0.000000000000,60.000000000000
2.808402685855,29.540015513162,2.922716534597
60.000000000000,60.000000000000,60.000000000000
31.207336932597,39.225946620523,29.442852698090
60.000000000000,60.000000000000,60.000000000000
60.000000000000,60.000000000000,60.000000000000
60.000000000000,60.000000000000,60.000000000000
31.623970971622,15.047271023429,27.183920432353
60.000000000000,60.000000000000,60.000000000000
60.000000000000,60.000000000000,60.000000000000
60.000000000000,0.000000000000,60.000000000000
30.886064535770,60.000000000000,29.099438185973
60.000000000000,0.000000000000,60.000000000000
60.000000000000,35.955080538027,26.686139983349
60.000000000000,0.000000000000,60.000000000000
25.962438375339,46.431068467279,60.000000000000
60.000000000000,0.000000000000,60.000000000000
60.000000000000,3.857108417178,9.025647729536
60.000000000000,0.000000000000,60.000000000000
2.987711522521,11.760194292841,20.558183252722
60.000000000000,0.000000000000,60.000000000000
60.000000000000,60.000000000000,60.000000000000
30.738334615939,28.735708341936,21.678636638127
38.909278997456,26.271928431857,27.086379266976
27.569016120703,0.121829232319,25.678360433794
60.000000000000,60.000000000000,60.000000000000
60.000000000000,0.000000000000,60.000000000000
60.000000000000,60.000000000000,60.000000000000
60.000000000000,0.000000000000,60.000000000000
60.000000000000,0.000000000000,60.000000000000
60.000000000000,0.000000000000,60.000000000000
60.000000000000,60.000000000000,60.000000000000
60.000000000000,60.000000000000,60.000000000000
60.000000000000,0.000000000000,60.000000000000
60.000000000000,0.000000000000,60.000000000000
23.451444534210,1.617952991983,27.778234486312
60.000000000000,0.000000000000,60.000000000000
60.000000000000,60.000000000000,60.000000000000
33.923781369803,23.079518426918,21.482864781277
30.430535648387,5.464854242175,12.232978275327
60.000000000000,60.000000000000,60.000000000000
60.000000000000,0.000000000000,60.000000000000
60.000000000000,0.000000000000,60.000000000000
28.515054964383,9.952258850319,5.505487967387
60.000000000000,60.000000000000,60.000000000000
10.149115434053,41.454602035923,42.157388690984
60.000000000000,0.000000000000,60.000000000000
29.499690477526,23.477977112857,19.159928963067
60.000000000000,60.000000000000,60.000000000000
11.615422431134,60.000000000000,31.526899363516
60.000000000000,60.000000000000,60.000000000000
26.249632986682,47.785802677450,23.025593574299
60.000000000000,60.000000000000,60.000000000000
30.384831521185,57.222326541606,0.876960502740
60.000000000000,60.000000000000,60.000000000000
39.672704103311,54.521680216139,51.648015904686
60.000000000000,60.000000000000,60.000000000000
30.548953989044,12.330903223417,30.771351496172
24.747044989338,15.256719288236,31.587000613405
26.984717342427,27.974678374536,53.156529874614
43.958474921902,34.452036726167,60.000000000000
60.000000000000,60.000000000000,60.000000000000
60.000000000000,21.760481083654,16.631040788366
60.000000000000,60.000000000000,60.000000000000
60.000000000000,0.000000000000,60.000000000000
60.000000000000,60.000000000000,60.000000000000
60.000000000000,0.000000000000,60.000000000000
60.000000000000,0.000000000000,60.000000000000
23.820865322363,33.411835907061,37.830323863465
60.000000000000,60.000000000000,60.000000000000
60.000000000000,60.000000000000,60.000000000000
13.742323552552,42.055378887320,46.775996179389
60.000000000000,60.000000000000,60.000000000000
27.056855799002,8.988050999913,52.640019690234
60.000000000000,60.000000000000,60.000000000000
60.000000000000,60.000000000000,60.000000000000
60.000000000000,60.000000000000,60.000000000000
40.111886932421,47.500240910903,60.000000000000
32.632470106641,31.220846815785,27.482046121573
60.000000000000,60.000000000000,60.000000000000
0.000000000000,0.000000000000,60.000000000000
60.000000000000,60.000000000000,60.000000000000
60.000000000000,0.000000000000,60.000000000000
7.269125198203,37.281529905849,37.471814958366
60.000000000000,0.000000000000,60.000000000000
60.000000000000,60.000000000000,60.000000000000
60.000000000000,0.000000000000,60.000000000000
10.715501003119,37.053872137792,10.945821153903
60.000000000000,60.000000000000,60.000000000000
25.170712961477,54.951872946252,52.494802343114
0.000000000000,60.000000000000,60.000000000000
60.000000000000,60.000000000000,60.000000000000
48.307010638190,0.000000000000,60.000000000000
60.000000000000,60.000000000000,60.000000000000
60.000000000000,60.000000000000,60.000000000000
8.462619062166,60.000000000000,25.166900206940
60.000000000000,0.000000000000,60.000000000000
60.000000000000,60.000000000000,60.000000000000
60.000000000000,0.000000000000,60.000000000000
60.000000000000,60.000000000000,14.182934640377
28.213240277154,0.000000000000,60.000000000000
60.000000000000,60.000000000000,60.000000000000
60.000000000000,24.294419667614,60.000000000000
60.000000000000,60.000000000000,60.000000000000
60.000000000000,60.000000000000,60.000000000000
51.102313470388,32.163039134250,47.606781504866
60.000000000000,60.000000000000,60.000000000000
60.000000000000,0.000000000000,60.000000000000
6.938745578847,60.000000000000,19.085037389120
28.079885814599,15.962133059669,41.641914697285
60.000000000000,60.000000000000,60.000000000000
60.000000000000,0.000000000000,60.000000000000
60.000000000000,60.000000000000,60.000000000000
60.000000000000,60.000000000000,60.000000000000
60.000000000000,0.000000000000,60.000000000000
60.000000000000,25.063997319051,60.000000000000
29.473344091275,33.918972619340,27.136923892077
26.713989724639,28.821580301499,48.041530677945
60.000000000000,60.000000000000,60.000000000000
60.000000000000,0.000000000000,60.000000000000
60.000000000000,0.000000000000,60.000000000000
56.520227332833,58.845932269473,49.714810623815
60.000000000000,60.000000000000,60.000000000000
31.007704575260,52.795902850086,3.584791794553
60.000000000000,0.000000000000,60.000000000000
3.377185382234,60.000000000000,60.000000000000
60.000000000000,60.000000000000,60.000000000000
60.000000000000,0.000000000000,60.000000000000
60.000000000000,60.000000000000,60.000000000000
60.000000000000,60.000000000000,16.563947958510
21.433426451212,4.276553323237,45.144551280429
43.687402910757,41.924113850366,0.843510009656
60.000000000000,60.000000000000,60.000000000000
60.000000000000,60.000000000000,60.000000000000
60.000000000000,60.000000000000,60.000000000000
0.675143306177,52.769005061922,51.396408671709
44.136878558994,19.944246462602,35.480505981801
43.633001520051,27.239743911707,35.979683530225
34.862077421525,12.007849587566,51.817428783953
35.528199681293,60.000000000000,26.760580790874
60.000000000000,0.000000000000,60.000000000000
36.953091767561,4.321314189903,12.279130280740
35.116241894236,58.134382376313,35.831704292256
60.000000000000,60.000000000000,60.000000000000
60.000000000000,60.000000000000,60.000000000000
37.614711545688,48.792824357283,4.373171737750
42.500762663738,32.570910991829,22.320455365430
37.214955996408,8.336978015377,29.764256005348
42.615684991545,20.994029372220,23.993922787913
36.786354315124,59.001949763316,54.060500686815
22.366930958686,13.374495132206,2.737711997842
30.486585777110,28.502244879046,59.369997089054
60.000000000000,0.000000000000,60.000000000000
42.460619174593,36.126818410180,27.329482986995
60.000000000000,0.000000000000,60.000000000000
34.614871049645,58.556587767013,6.056658426133
30.511456681259,1.606053968841,10.607784261777
60.000000000000,60.000000000000,60.000000000000
60.000000000000,0.000000000000,60.000000000000
39.845033251377,6.157015120033,38.695052969286
43.090241344834,14.648406661265,13.932998864468
52.886253803351,28.660717041116,53.868812025778
33.911918203009,58.402217007677,26.369629507289
36.423012069647,9.950097346919,52.586152058648
42.552185560246,33.193422243856,31.566290445635
60.000000000000,60.000000000000,60.000000000000
39.072530421757,28.146839660319,36.940947082379
27.336280977655,29.052434275889,49.072184077871
60.000000000000,29.406218562764,39.494336065228
38.869261886955,19.263384763181,48.158155851335
60.000000000000,0.000000000000,60.000000000000
60.000000000000,60.000000000000,60.000000000000
60.000000000000,0.000000000000,60.000000000000
60.000000000000,60.000000000000,60.000000000000
60.000000000000,60.000000000000,60.000000000000
37.246463770185,11.156437069736,19.738860582440
33.640917302951,24.127723094920,18.648747141712
60.000000000000,60.000000000000,60.000000000000
60.000000000000,60.000000000000,60.000000000000
60.000000000000,60.000000000000,60.000000000000
60.000000000000,0.000000000000,60.000000000000
60.000000000000,60.000000000000,60.000000000000
49.536183842320,10.735479820384,11.092090688537
60.000000000000,0.000000000000,60.000000000000
11.998280008164,30.752974258927,42.844838579844
37.547850617833,15.491773361677,53.419229799991
60.000000000000,0.000000000000,60.000000000000
32.551429903404,53.362964309497,42.778741983567
60.000000000000,60.000000000000,60.000000000000
60.000000000000,60.000000000000,60.000000000000
60.000000000000,60.000000000000,60.000000000000
60.000000000000,0.000000000000,60.000000000000
60.000000000000,60.000000000000,60.000000000000
60.000000000000,60.000000000000,60.000000000000
46.305908866328,60.000000000000,16.825085990736
38.156285230751,18.634989163453,56.522708554803
57.628448621624,32.282579343468,52.161314429114
40.939612329145,9.938002987482,51.770302625479
60.000000000000,60.000000000000,60.000000000000
34.336409730029,60.000000000000,58.269429171368
60.000000000000,0.000000000000,60.000000000000
60.000000000000,0.000000000000,60.000000000000
60.000000000000,60.000000000000,28.200551111236
33.187474375089,37.693255918875,44.075223229108
43.479444850390,46.498822550248,10.829643721768
36.701456363387,55.900941100673,53.116600685106
29.108284283316,28.105513557079,6.285850172506
41.573578124552,38.017113298595,44.667332797714
60.000000000000,60.000000000000,60.000000000000
36.009181987224,2.568591918065,6.090627785779
5.949443352026,44.072932065801,51.154263367968
17.617311482316,60.000000000000,15.585537367043
3.958062720296,55.314869159581,25.511275925386
36.968294235280,21.827915493668,0.431462239343
38.394857411381,22.258264112187,30.678129948653
40.105318217070,30.817173494255,15.756358346963
43.524293239049,26.369398769948,40.473133401707
12.751485346656,4.076224710905,7.511335702062
60.000000000000,0.000000000000,60.000000000000
60.000000000000,0.000000000000,60.000000000000
43.205746234171,25.756681991404,24.952988651733
33.655388567488,1.843086672391,55.640638105433
5.192861933641,24.062301905341,36.676564481020
40.996397345821,41.374734255205,2.761511334147
0.000000000000,60.000000000000,60.000000000000
34.592634603001,11.575854580374,44.165188333742
56.210943795847,57.826744700459,0.358067125723
60.000000000000,60.000000000000,60.000000000000
60.000000000000,0.000000000000,60.000000000000
41.612030210891,47.128334245441,13.452663581224
60.000000000000,0.000000000000,60.000000000000
34.910930212747,28.170786449709,25.359388127101
60.000000000000,0.000000000000,60.000000000000
44.621588154911,18.678618767806,48.797778660114
60.000000000000,60.000000000000,60.000000000000
29.993810497480,24.051866598524,5.946540605736
60.000000000000,60.000000000000,60.000000000000
60.000000000000,0.000000000000,60.000000000000
60.000000000000,0.000000000000,60.000000000000
29.445859510380,13.494748814702,22.716878324950
60.000000000000,0.000000000000,60.000000000000
41.510672025826,50.502142191808,18.750641214786
60.000000000000,0.000000000000,60.000000000000
28.220488574574,49.787170909115,8.991901370383
44.154077253748,60.000000000000,37.037364301648
60.000000000000,60.000000000000,60.000000000000
6.410841138146,45.209347384511,13.001195685114
57.199932354149,1.536195417632,4.268980683613
60.000000000000,60.000000000000,60.000000000000
42.357092779383,33.629196400568,19.004031386081
60.000000000000,34.487272162113,60.000000000000
27.822541322357,1.432927505279,22.055302559723
60.000000000000,0.000000000000,60.000000000000
60.000000000000,0.000000000000,60.000000000000
60.000000000000,60.000000000000,60.000000000000
40.799420414454,12.486742830543,39.978328451308
60.000000000000,0.000000000000,60.000000000000
47.644971025487,30.885291928273,45.689366910156
60.000000000000,0.000000000000,60.000000000000
35.717187502675,51.022984024664,11.152815015689
60.000000000000,0.000000000000,60.000000000000
8.743246993088,60.000000000000,42.329345386559
60.000000000000,0.000000000000,60.000000000000
35.059806793255,10.430505334810,57.890818017028
60.000000000000,0.000000000000,60.000000000000
26.336016429445,51.128216310537,0.998106222581
51.955049128648,39.789609439666,22.681940796871
60.000000000000,0.000000000000,60.000000000000
60.000000000000,60.000000000000,60.000000000000
40.930468924227,45.851285527628,21.073959396466
38.020882238557,36.420046993453,30.520898226222
42.008871782185,12.632082922760,42.839126294558
60.000000000000,0.000000000000,60.000000000000
38.910330383127,50.385832419827,45.030607708632
60.000000000000,0.000000000000,60.000000000000
20.387084987831,36.452150931276,27.311956082966
60.000000000000,0.000000000000,60.000000000000
57.205016899240,60.000000000000,19.099894848775
34.081701859762,60.000000000000,60.000000000000
23.574648649628,20.533472955217,3.496746610404
60.000000000000,60.000000000000,60.000000000000
60.000000000000,60.000000000000,60.000000000000
60.000000000000,54.167368715366,60.000000000000
2.297147257021,55.509785649615,58.978148985243
55.215496797094,9.135888474716,60.000000000000
60.000000000000,0.000000000000,60.000000000000
19.263211216996,3.603474135378,33.678200425260
32.829093942193,28.470638888030,28.843678515393
60.000000000000,60.000000000000,60.000000000000
60.000000000000,0.000000000000,60.000000000000
60.000000000000,0.000000000000,60.000000000000
60.000000000000,0.000000000000,60.000000000000
60.000000000000,0.000000000000,60.000000000000
60.000000000000,60.000000000000,60.000000000000
60.000000000000,60.000000000000,60.000000000000
40.922929757323,2.112491255267,35.987806416176
34.555765825951,39.851511810992,35.988885936394
54.017695332100,58.513017911268,60.000000000000
38.967511045253,30.064279099376,29.276110869249
35.524468722176,52.311686504497,34.920055054079
60.000000000000,0.000000000000,60.000000000000
40.059986243576,20.941551858317,25.545832827676
60.000000000000,60.000000000000,60.000000000000
14.303142230849,26.835845881497,57.887561353311
60.000000000000,0.000000000000,60.000000000000
60.000000000000,0.000000000000,60.000000000000
60.000000000000,0.000000000000,60.000000000000
3.330100640354,8.336767497227,9.735968913304
60.000000000000,0.000000000000,60.000000000000
31.998105062634,1.922540949924,11.973656978727
60.000000000000,60.000000000000,60.000000000000
29.931871902459,34.175235619132,45.590073839510
60.000000000000,0.000000000000,60.000000000000
60.000000000000,60.000000000000,60.000000000000
0.000000000000,0.000000000000,60.000000000000
41.780942308842,21.444170820730,19.048992936926
60.000000000000,0.000000000000,60.000000000000
56.767296949311,43.935772468437,0.631628829448
60.000000000000,0.000000000000,60.000000000000
44.381529030819,24.544199268237,45.227522946476
60.000000000000,0.000000000000,60.000000000000
60.000000000000,60.000000000000,60.000000000000
41.344132092513,31.800094986620,32.100264559836
22.816785384166,30.567735199402,1.698413086585
60.000000000000,0.000000000000,60.000000000000
60.000000000000,0.000000000000,60.000000000000
60.000000000000,0.000000000000,60.000000000000
36.466602054291,45.644141750568,11.974792598804
60.000000000000,0.000000000000,60.000000000000
60.000000000000,0.000000000000,60.000000000000
0.000000000000,0.000000000000,30.987132372904
60.000000000000,0.000000000000,60.000000000000
60.000000000000,60.000000000000,60.000000000000
60.000000000000,0.000000000000,60.000000000000
14.227490580914,60.000000000000,58.536268473033
30.799553108258,21.197985255427,18.035458653834
60.000000000000,0.000000000000,60.000000000000
37.070027175890,54.748313704214,12.037818169090
54.002563764822,31.950945668790,25.546140366320
31.963623579892,60.000000000000,60.000000000000
60.000000000000,0.000000000000,60.000000000000
0.000000000000,60.000000000000,60.000000000000
60.000000000000,0.000000000000,60.000000000000
36.477440559297,19.108182067635,57.204521273104
60.000000000000,60.000000000000,60.000000000000
51.953197751579,2.712246568264,4.221956902616
60.000000000000,0.000000000000,60.000000000000
36.279567026129,47.019786463136,0.339583467244
60.000000000000,0.000000000000,60.000000000000
60.000000000000,60.000000000000,60.000000000000
60.000000000000,0.000000000000,0.000000000000
60.000000000000,15.377913465297,41.182254114849
60.000000000000,0.000000000000,60.000000000000
37.431777411811,41.489132669863,58.591624431182
60.000000000000,60.000000000000,60.000000000000
40.840774989129,0.691876203038,0.529082489704
60.000000000000,60.000000000000,60.000000000000
30.834252373367,4.303600002846,49.651049506305
60.000000000000,40.222024302606,9.422184713464
37.671624018526,27.434011098616,5.093807148957
28.943374345130,60.000000000000,4.337694116647
60.000000000000,2.417592785863,0.828296834782
60.000000000000,60.000000000000,60.000000000000
60.000000000000,60.000000000000,60.000000000000
60.000000000000,0.000000000000,60.000000000000
47.305114447515,17.666973584227,19.532426121967
60.000000000000,0.000000000000,60.000000000000
60.000000000000,60.000000000000,60.000000000000
17.820670876814,53.735615369569,18.478161724695
0.000000000000,60.000000000000,60.000000000000
46.627966115890,60.000000000000,19.109726045408
38.489882784292,37.525694214604,6.202491883693
60.000000000000,0.000000000000,60.000000000000
37.105776181830,44.393080452385,24.876483064632
60.000000000000,0.000000000000,60.000000000000
60.000000000000,60.000000000000,60.000000000000
60.000000000000,0.000000000000,60.000000000000
18.194658096158,24.588964086666,6.962800036555
60.000000000000,60.000000000000,60.000000000000
41.118691211393,60.000000000000,42.075997443403
60.000000000000,60.000000000000,60.000000000000
60.000000000000,60.000000000000,60.000000000000
31.234252691134,0.000000000000,43.175737497587
60.000000000000,60.000000000000,0.000000000000
60.000000000000,0.000000000000,60.000000000000
60.000000000000,60.000000000000,60.000000000000
60.000000000000,0.000000000000,60.000000000000
60.000000000000,60.000000000000,60.000000000000
60.000000000000,60.000000000000,60.000000000000
60.000000000000,60.000000000000,60.000000000000
60.000000000000,14.184039148555,60.000000000000
41.619438784620,34.018643785242,58.610619931217
60.000000000000,60.000000000000,60.000000000000
59.238328298375,60.000000000000,17.970071973783
60.000000000000,60.000000000000,60.000000000000
56.255232334662,54.174081721084,17.529648314358
60.000000000000,0.000000000000,60.000000000000
60.000000000000,0.000000000000,60.000000000000
60.000000000000,0.000000000000,60.000000000000
60.000000000000,60.000000000000,60.000000000000
60.000000000000,60.000000000000,60.000000000000
60.000000000000,0.000000000000,60.000000000000
60.000000000000,0.000000000000,60.000000000000
60.000000000000,0.000000000000,60.000000000000
60.000000000000,60.000000000000,60.000000000000
10.799621082317,20.671264351836,37.867711105410
60.000000000000,60.000000000000,60.000000000000
52.037602498327,60.000000000000,5.179185549582
59.794486364855,49.398900809396,16.065966532711
35.730664360128,18.779521236001,50.581267081013
60.000000000000,0.000000000000,60.000000000000
60.000000000000,60.000000000000,60.000000000000
60.000000000000,0.000000000000,60.000000000000
60.000000000000,60.000000000000,22.202463151000
60.000000000000,0.000000000000,60.000000000000
16.724980134232,60.000000000000,60.000000000000
60.000000000000,0.000000000000,60.000000000000
39.784440975149,2.958317512964,29.032883379460
60.000000000000,0.000000000000,60.000000000000
45.221370792759,60.000000000000,60.000000000000
60.000000000000,0.000000000000,60.000000000000
40.890667218022,7.319848479387,43.676527337510
60.000000000000,60.000000000000,60.000000000000
32.860277037456,31.857384929143,39.381843322391
60.000000000000,0.000000000000,60.000000000000
60.000000000000,60.000000000000,60.000000000000
60.000000000000,60.000000000000,60.000000000000
5.707280226835,60.000000000000,0.000000000000
60.000000000000,0.000000000000,0.000000000000
15.697824811298,8.030125210746,56.372108922280
60.000000000000,0.000000000000,60.000000000000
60.000000000000,60.000000000000,60.000000000000
47.425968575415,32.195186216253,29.182555460123
20.250332417484,50.415544824558,4.295277268787
60.000000000000,0.000000000000,60.000000000000
39.999980360290,31.474389882594,7.255101787345
60.000000000000,0.000000000000,60.000000000000
53.268148540307,1.376656435700,50.483535949395
39.698424382431,32.848905906465,30.021523390720
19.105926570721,42.965173998761,45.602044325336
48.197018735219,40.072759680679,37.934802273902
49.886812759530,21.586637864737,45.249472568668
46.046932786828,51.988725644442,34.821191765692
43.215110487313,45.206421903317,57.821531709497
60.000000000000,60.000000000000,60.000000000000
18.443290981636,57.739104871377,10.621360645490
60.000000000000,0.000000000000,60.000000000000
60.000000000000,60.000000000000,60.000000000000
46.156683959992,34.986880814116,29.937261457195
11.605298593345,45.656770074745,3.760936349695
2.722835399031,43.414517638732,8.611578740476
60.000000000000,60.000000000000,60.000000000000
60.000000000000,0.000000000000,60.000000000000
60.000000000000,0.000000000000,60.000000000000
60.000000000000,60.000000000000,60.000000000000
60.000000000000,60.000000000000,60.000000000000
46.898814460111,38.822187446931,25.048193976958
35.802160246822,6.818415330183,32.118543331066
60.000000000000,0.000000000000,60.000000000000
45.602136285829,4.450687421340,8.075340049708
22.883808720604,35.109617401850,48.126520254918
60.000000000000,60.000000000000,60.000000000000
49.700094478714,10.975469406302,39.016574467367
60.000000000000,0.000000000000,60.000000000000
60.000000000000,60.000000000000,60.000000000000
44.879732146983,35.082669577512,9.365805037647
60.000000000000,1.273676182456,27.880574344394
60.000000000000,0.000000000000,60.000000000000
22.899254520199,10.020912645416,50.209031872238
27.696097854815,37.898905783871,3.181971170198
60.000000000000,60.000000000000,60.000000000000
42.339777545846,15.297668245619,47.731170948819
60.000000000000,60.000000000000,60.000000000000
12.748259982300,10.744504128856,48.574462110331
60.000000000000,0.000000000000,60.000000000000
45.277692297531,55.857210075685,23.682740132911
60.000000000000,0.000000000000,60.000000000000
44.690078798833,14.161616297491,44.280271268944
16.663692387336,20.078055167414,25.113858134622
47.920903839832,31.442355221478,37.422675182822
60.000000000000,60.000000000000,60.000000000000
48.445370800578,18.263557591307,50.749997312532
53.485254709202,36.317701002149,40.070056907029
60.000000000000,60.000000000000,60.000000000000
31.911912159803,34.411012312251,58.428641823024
8.801718370833,42.754411872702,54.892935830604
60.000000000000,60.000000000000,60.000000000000
0.000000000000,60.000000000000,60.000000000000
60.000000000000,0.000000000000,60.000000000000
60.000000000000,60.000000000000,60.000000000000
60.000000000000,0.000000000000,60.000000000000
60.000000000000,0.000000000000,60.000000000000
60.000000000000,0.000000000000,60.000000000000
60.000000000000,60.000000000000,60.000000000000
37.509520373127,30.598226841735,44.226529404491
48.673297979012,15.137857521754,35.992622682761
60.000000000000,60.000000000000,60.000000000000
48.136715024099,0.340498786074,31.933723603558
60.000000000000,60.000000000000,60.000000000000
6.147769369503,29.344075505704,48.051268513787
9.623890233498,60.000000000000,2.181896170898
60.000000000000,60.000000000000,60.000000000000
60.000000000000,44.113570221365,48.680861877224
60.000000000000,60.000000000000,0.000000000000
60.000000000000,60.000000000000,60.000000000000
49.122384801800,32.302693813596,43.644317202481
11.501170774933,1.401651105148,30.271854792850
48.552310748579,11.322522471396,48.961749308285
51.474469483328,21.080729562597,29.530797860477
18.386648405789,54.255283222131,45.726070757911
60.000000000000,60.000000000000,60.000000000000
43.102110467184,43.818083329106,7.912176492236
45.338985803886,35.875254112252,21.265645999720
43.514558424198,41.403608076365,8.615246242792
16.783336748882,28.787139857355,56.409387293425
42.759694020953,51.157797425707,21.860843524220
46.458814702123,21.355464706687,20.422560226800
46.930484854743,34.599234765734,56.494099953978
60.000000000000,0.000000000000,60.000000000000
49.973477515125,0.000000000000,19.400431814607
30.511433227054,12.444370867333,50.751544391992
46.988299977187,7.537776359816,39.323638782916
60.000000000000,60.000000000000,60.000000000000
49.872466390927,45.248049555298,30.573949089260
60.000000000000,4.728916218942,28.580732129919
45.079321534977,22.481597348369,13.228691497559
4.236325438084,28.100479989929,36.194340432792
46.119949399788,58.658421498601,6.350141636969
60.000000000000,60.000000000000,60.000000000000
44.541038317382,17.076892214674,51.629008429500
60.000000000000,60.000000000000,60.000000000000
45.146301112718,7.962053864114,9.272691238728
60.000000000000,60.000000000000,60.000000000000
45.468103076117,51.537608139546,36.290119727575
60.000000000000,60.000000000000,60.000000000000
13.255961828287,25.270456315330,22.847502255127
60.000000000000,60.000000000000,60.000000000000
60.000000000000,60.000000000000,60.000000000000
60.000000000000,60.000000000000,60.000000000000
60.000000000000,60.000000000000,60.000000000000
60.000000000000,60.000000000000,60.000000000000
43.181916465998,7.274522859789,1.333118784649
60.000000000000,60.000000000000,60.000000000000
2.183966710469,52.063777942723,35.717844751374
38.366528985013,18.230911102499,51.538271581202
48.809104337608,33.327486973737,3.089584496536
60.000000000000,60.000000000000,60.000000000000
45.298490438673,54.021437321869,25.450584994146
60.000000000000,60.000000000000,60.000000000000
40.548136827009,34.249080133218,2.984059244740
60.000000000000,60.000000000000,60.000000000000
43.839495812804,1.628074193678,16.876775118197
60.000000000000,60.000000000000,60.000000000000
60.000000000000,60.000000000000,60.000000000000
52.394981895912,27.614190094423,20.720110625868
60.000000000000,60.000000000000,60.000000000000
60.000000000000,60.000000000000,60.000000000000
48.417389678499,37.155383930852,1.232790547963
60.000000000000,60.000000000000,60.000000000000
45.797810869386,12.100501950961,49.347023072262
60.000000000000,60.000000000000,60.000000000000
56.298434481450,26.759678572427,54.799558569468
60.000000000000,60.000000000000,60.000000000000
50.188240110048,14.070265204979,57.506548349505
60.000000000000,60.000000000000,60.000000000000
49.007879084822,10.866662469168,4.623700121730
60.000000000000,60.000000000000,60.000000000000
60.000000000000,60.000000000000,60.000000000000
60.000000000000,60.000000000000,60.000000000000
38.912033270375,31.091811892894,54.844738547480
46.002920096631,49.462845614693,21.710208166708
60.000000000000,60.000000000000,60.000000000000
60.000000000000,60.000000000000,60.000000000000
49.578524526913,9.282987330154,33.087293665724
60.000000000000,60.000000000000,60.000000000000
46.541049792515,38.189523672789,57.977037155243
60.000000000000,60.000000000000,60.000000000000
30.677337862333,42.241383384413,55.876168395089
60.000000000000,60.000000000000,60.000000000000
45.187367812910,19.906857384752,52.150534140396
60.000000000000,60.000000000000,60.000000000000
8.839319210848,45.145151548229,50.053380083375
60.000000000000,60.000000000000,60.000000000000
47.039751010239,1.431389666301,1.853018346922
20.853178208020,51.711701978299,43.266026526745
60.000000000000,60.000000000000,60.000000000000
56.420365110728,41.702448286922,21.313521878525
31.648764332336,3.336357090180,23.629757190124
43.443489026147,20.298103725489,22.446268102536
60.000000000000,60.000000000000,60.000000000000
60.000000000000,60.000000000000,60.000000000000
60.000000000000,60.000000000000,60.000000000000
60.000000000000,60.000000000000,60.000000000000
60.000000000000,60.000000000000,60.000000000000
60.000000000000,60.000000000000,60.000000000000
44.204954310437,37.307261553922,17.371520453034
0.000000000000,60.000000000000,60.000000000000
20.578941287229,33.170445083643,2.429755170968
45.139757933013,30.091396410914,25.259067288343
60.000000000000,60.000000000000,60.000000000000
60.000000000000,60.000000000000,60.000000000000
43.707444644145,28.793835571716,43.118831580778
60.000000000000,60.000000000000,60.000000000000
60.000000000000,60.000000000000,60.000000000000
60.000000000000,60.000000000000,60.000000000000
60.000000000000,60.000000000000,60.000000000000
60.000000000000,60.000000000000,60.000000000000
49.463765392513,1.333087048861,36.101796069220
60.000000000000,60.000000000000,60.000000000000
49.785405566590,56.412757657624,11.613885128710
14.383491058083,51.023276586552,60.000000000000
60.000000000000,60.000000000000,60.000000000000
60.000000000000,60.000000000000,60.000000000000
50.911767211786,60.000000000000,54.110561409715
60.000000000000,60.000000000000,60.000000000000
60.000000000000,60.000000000000,60.000000000000
60.000000000000,60.000000000000,60.000000000000
29.844641672582,12.778143301406,54.792630007549
60.000000000000,60.000000000000,60.000000000000
33.920041671940,58.243534219530,53.190581225581
60.000000000000,60.000000000000,60.000000000000
60.000000000000,60.000000000000,60.000000000000
60.000000000000,60.000000000000,60.000000000000
60.000000000000,60.000000000000,60.000000000000
60.000000000000,60.000000000000,60.000000000000
60.000000000000,60.000000000000,60.000000000000
60.000000000000,60.000000000000,60.000000000000
60.000000000000,60.000000000000,60.000000000000
57.102626814749,60.000000000000,7.647107557446
60.000000000000,60.000000000000,0.000000000000
60.000000000000,60.000000000000,60.000000000000
36.304782991599,60.000000000000,21.479458349695
60.000000000000,60.000000000000,60.000000000000
60.000000000000,60.000000000000,60.000000000000
55.248568333189,29.005151535867,42.564783260516
60.000000000000,60.000000000000,60.000000000000
60.000000000000,60.000000000000,60.000000000000
60.000000000000,60.000000000000,60.000000000000
34.929514778555,50.872584296831,1.780363594296
0.000000000000,60.000000000000,60.000000000000
60.000000000000,60.000000000000,60.000000000000
60.000000000000,60.000000000000,60.000000000000
60.000000000000,60.000000000000,60.000000000000
5.236190040281,27.604210196583,22.016802752901
0.000000000000,60.000000000000,0.000000000000
41.695322273212,31.264683946222,18.519953676025
60.000000000000,60.000000000000,60.000000000000
26.332072588442,44.297931494791,19.894568508229
20.389393273507,60.000000000000,60.000000000000
60.000000000000,60.000000000000,60.000000000000
60.000000000000,60.000000000000,60.000000000000
60.000000000000,34.347555519812,12.228605015462
60.000000000000,60.000000000000,60.000000000000
49.271106989175,3.693209650128,11.301677192626
29.050703565005,60.000000000000,49.600611884952
10.270915294083,53.015319854193,9.604431121677
9.259791569594,60.000000000000,28.494928693977
49.759732322265,1.637001764940,14.575577759947
42.972625452100,2.803562720382,5.003041813040
50.513267933994,21.726907413726,12.729271985209
60.000000000000,60.000000000000,60.000000000000
54.389694801360,7.382752876642,60.000000000000
60.000000000000,60.000000000000,60.000000000000
24.602915543182,60.000000000000,0.000000000000
60.000000000000,60.000000000000,60.000000000000
60.000000000000,60.000000000000,60.000000000000
60.000000000000,60.000000000000,60.000000000000
60.000000000000,60.000000000000,60.000000000000
44.556546356417,6.656687109361,38.366310978764
60.000000000000,60.000000000000,60.000000000000
60.000000000000,25.981950917782,60.000000000000
44.742965034757,59.093943259252,44.202281416959
60.000000000000,60.000000000000,60.000000000000
48.533338277130,16.684912407791,54.947571926705
60.000000000000,60.000000000000,60.000000000000
60.000000000000,60.000000000000,60.000000000000
60.000000000000,60.000000000000,60.000000000000
52.542033347690,26.568582000020,10.780345375155
60.000000000000,60.000000000000,60.000000000000
20.241683094363,54.276585199275,33.346843160868
7.358317496041,26.736908589433,12.235539238601
60.000000000000,60.000000000000,60.000000000000
46.368553121125,28.726595032926,28.246025799351
0.000000000000,60.000000000000,60.000000000000
60.000000000000,60.000000000000,60.000000000000
60.000000000000,60.000000000000,38.119849499974
60.000000000000,60.000000000000,60.000000000000
60.000000000000,60.000000000000,60.000000000000
60.000000000000,60.000000000000,60.000000000000
60.000000000000,60.000000000000,60.000000000000
60.000000000000,60.000000000000,60.000000000000
15.934711022706,44.410362565380,12.098894584856
60.000000000000,60.000000000000,60.000000000000
48.242965547106,56.267711611839,21.028312645044
60.000000000000,60.000000000000,60.000000000000
60.000000000000,60.000000000000,60.000000000000
60.000000000000,60.000000000000,60.000000000000
60.000000000000,60.000000000000,60.000000000000
60.000000000000,60.000000000000,60.000000000000
60.000000000000,60.000000000000,60.000000000000
60.000000000000,0.000000000000,60.000000000000
45.071022155228,60.000000000000,25.032771028365
60.000000000000,60.000000000000,60.000000000000
60.000000000000,60.000000000000,60.000000000000
60.000000000000,60.000000000000,60.000000000000
1.044614572219,39.761286986927,13.309930850630
60.000000000000,60.000000000000,60.000000000000
32.906371543152,46.278738617685,21.884216154916
60.000000000000,13.534486137552,39.704843771357
41.357472071595,21.043784374364,57.777494703073
60.000000000000,60.000000000000,60.000000000000
60.000000000000,60.000000000000,60.000000000000
60.000000000000,60.000000000000,60.000000000000
60.000000000000,60.000000000000,60.000000000000
60.000000000000,60.000000000000,60.000000000000
60.000000000000,60.000000000000,60.000000000000
60.000000000000,60.000000000000,60.000000000000
10.972942393674,2.270863127774,60.000000000000
60.000000000000,60.000000000000,60.000000000000
60.000000000000,60.000000000000,60.000000000000
60.000000000000,60.000000000000,60.000000000000
51.009959708703,8.316098689298,3.924188437319
60.000000000000,60.000000000000,60.000000000000
46.620428893236,9.244468161954,9.933996196850
60.000000000000,60.000000000000,60.000000000000
60.000000000000,60.000000000000,60.000000000000
60.000000000000,60.000000000000,60.000000000000
0.000000000000,60.000000000000,60.000000000000
60.000000000000,60.000000000000,60.000000000000
52.311823784071,46.785985034613,9.773139030325
60.000000000000,60.000000000000,60.000000000000
3.293407986735,1.142098657569,59.075827779715
55.558152004445,33.025282540501,26.913438711372
53.148681472653,2.508110088717,28.777455351857
60.000000000000,0.000000000000,60.000000000000
54.088801907433,20.629631797251,27.235695862058
53.788818671275,21.233080375657,33.179450622745
50.010400087070,48.547816476136,39.688304303325
34.571499158599,2.630882017477,47.989405437946
57.437745985350,42.720395858284,18.440545745749
44.963627488691,39.547055514041,44.457966714429
60.000000000000,14.090717986523,14.968923535214
60.000000000000,0.000000000000,60.000000000000
0.896915212495,36.930823458942,21.618432689373
60.000000000000,0.000000000000,60.000000000000
57.630843538662,6.181074279256,13.877372760393
60.000000000000,0.000000000000,60.000000000000
60.000000000000,60.000000000000,60.000000000000
53.103121508405,39.303634014601,36.642164082764
58.151481453136,8.987509701221,17.115084954453
29.411320315158,21.554808851684,41.996844227601
54.626055536595,40.105385880836,42.150817906384
51.171535213052,60.000000000000,19.906263565272
60.000000000000,60.000000000000,60.000000000000
23.264613556173,13.744953226433,20.660868969695
48.042320925699,34.324169834750,60.000000000000
52.130114327313,25.515900897254,32.015802332812
27.924632347815,38.704153612244,34.488263607051
60.000000000000,60.000000000000,60.000000000000
57.718053693095,41.793529003123,34.325543229186
60.000000000000,0.000000000000,60.000000000000
60.000000000000,60.000000000000,60.000000000000
55.015064152629,23.658020583061,34.834806639579
49.011481445320,60.000000000000,51.095177649535
60.000000000000,0.000000000000,60.000000000000
51.875695054408,46.764329579275,20.261543668601
53.790954678294,42.458270331675,50.560996790871
60.000000000000,60.000000000000,60.000000000000
47.476183007510,17.622946907746,60.000000000000
54.250739765338,36.233439538444,8.687200890873
56.506693559090,59.236552516879,14.847906284418
60.000000000000,60.000000000000,60.000000000000
60.000000000000,0.000000000000,60.000000000000
25.691628006654,14.971935501023,24.341872650824
60.000000000000,60.000000000000,60.000000000000
53.687084672352,39.148941539490,25.566417957239
60.000000000000,0.000000000000,60.000000000000
44.938681031861,8.441878744099,12.283583495150
54.088890351068,32.735048801143,29.742394628592
57.727197424986,36.990936989575,28.856547796141
60.000000000000,0.000000000000,60.000000000000
60.000000000000,60.000000000000,60.000000000000
3.968837700410,51.530995201576,47.620948066825
47.952353186375,32.695583087261,23.016850475033
60.000000000000,60.000000000000,60.000000000000
60.000000000000,60.000000000000,60.000000000000
60.000000000000,60.000000000000,60.000000000000
60.000000000000,60.000000000000,60.000000000000
60.000000000000,0.000000000000,60.000000000000
60.000000000000,0.000000000000,60.000000000000
60.000000000000,60.000000000000,60.000000000000
51.392911536586,60.000000000000,46.357538134259
25.064116252268,60.000000000000,28.218184966053
60.000000000000,0.000000000000,60.000000000000
57.343647819603,30.000237978927,33.489632650146
32.490793941443,17.625874714756,7.739719921472
60.000000000000,27.137705313808,1.890683412245
54.966175221551,50.815918555840,11.970661306158
60.000000000000,0.000000000000,60.000000000000
53.292403982179,31.263054764163,54.491755708443
60.000000000000,0.000000000000,60.000000000000
58.218485828486,50.193905573371,60.000000000000
60.000000000000,60.000000000000,60.000000000000
60.000000000000,60.000000000000,60.000000000000
36.231237350357,51.220549373389,54.811028299458
53.172188774936,9.084887898001,35.007426031447
33.342538981479,6.007313602832,27.667862129072
60.000000000000,0.000000000000,60.000000000000
52.552389586159,22.805796348849,41.829497711094
53.570408971569,56.031410141947,18.869174964522
60.000000000000,60.000000000000,60.000000000000
60.000000000000,0.000000000000,60.000000000000
60.000000000000,60.000000000000,60.000000000000
60.000000000000,60.000000000000,60.000000000000
60.000000000000,0.000000000000,60.000000000000
60.000000000000,0.000000000000,60.000000000000
54.809227456114,37.779288997186,28.155344058632
17.552007520679,15.491063553427,40.426722623785
60.000000000000,60.000000000000,60.000000000000
54.765160681884,52.614500405557,59.386248196457
43.054713016581,11.840531499624,13.838671045948
56.019216077867,14.572722974869,21.055048469265
51.307763811445,30.461776223601,28.465032497321
20.873343078177,23.526959637459,6.492277030629
60.000000000000,60.000000000000,60.000000000000
60.000000000000,60.000000000000,60.000000000000
60.000000000000,60.000000000000,60.000000000000
0.000000000000,60.000000000000,60.000000000000
14.286217143307,37.873612470423,44.946113148229
55.284365529917,47.830858761600,29.752558327986
60.000000000000,39.175033867089,27.468835751011
53.935750785212,51.462651053328,51.530658484741
60.000000000000,60.000000000000,60.000000000000
60.000000000000,60.000000000000,0.000000000000
9.938825237235,18.426486397486,60.000000000000
59.511703914944,17.672624248392,12.461622151838
60.000000000000,60.000000000000,60.000000000000
60.000000000000,60.000000000000,60.000000000000
60.000000000000,60.000000000000,60.000000000000
0.000000000000,60.000000000000,60.000000000000
60.000000000000,60.000000000000,60.000000000000
53.208424275138,22.430367739241,44.403896200280
60.000000000000,60.000000000000,60.000000000000
45.121489955520,17.974584722557,60.000000000000
60.000000000000,60.000000000000,60.000000000000
59.898244586805,4.233397160789,48.369601105727
60.000000000000,60.000000000000,60.000000000000
53.545296711503,22.645851827913,15.439172930203
60.000000000000,60.000000000000,60.000000000000
51.528296853680,12.586539576898,41.413685453173
60.000000000000,60.000000000000,60.000000000000
60.000000000000,60.000000000000,60.000000000000
60.000000000000,10.761145659245,36.252744644231
60.000000000000,60.000000000000,60.000000000000
54.967250672056,30.504960413067,18.933959159446
11.660827645254,48.555269065148,43.949698265916
60.000000000000,60.000000000000,60.000000000000
2.941474161815,29.549084840491,28.690662538594
60.000000000000,60.000000000000,60.000000000000
53.182934797892,29.589414813544,27.938883610003
60.000000000000,60.000000000000,60.000000000000
56.627384484707,44.683138278678,23.984387864050
60.000000000000,60.000000000000,60.000000000000
57.590212174313,29.361563019324,13.028104644081
60.000000000000,60.000000000000,60.000000000000
41.671353809863,33.614939441618,16.930385421139
60.000000000000,60.000000000000,60.000000000000
60.000000000000,60.000000000000,60.000000000000
60.000000000000,60.000000000000,60.000000000000
60.000000000000,60.000000000000,60.000000000000
59.826188646405,20.793510483321,34.059546068321
60.000000000000,60.000000000000,60.000000000000
60.000000000000,60.000000000000,60.000000000000
60.000000000000,60.000000000000,60.000000000000
60.000000000000,60.000000000000,60.000000000000
55.923845906584,40.248175727981,1.322877301961
60.000000000000,60.000000000000,60.000000000000
57.705506757012,25.579666535950,16.975031672230
56.457089165378,19.551833417851,32.491557709458
59.781243683616,51.776710245842,23.687749975592
60.000000000000,60.000000000000,60.000000000000
60.000000000000,60.000000000000,60.000000000000
3.104414687228,39.059979565906,21.480548207725
57.721881585939,60.000000000000,18.081473624275
47.779438218478,18.822660809060,35.518398507098
35.966454061159,60.000000000000,11.978687371190
60.000000000000,60.000000000000,60.000000000000
60.000000000000,60.000000000000,60.000000000000
38.450365227129,23.425369478969,46.770658646781
60.000000000000,60.000000000000,60.000000000000
60.000000000000,60.000000000000,60.000000000000
60.000000000000,60.000000000000,60.000000000000
60.000000000000,60.000000000000,60.000000000000
60.000000000000,60.000000000000,60.000000000000
52.663224992303,60.000000000000,28.409994829073
54.248844446546,15.011102868496,48.006693420387
60.000000000000,60.000000000000,60.000000000000
58.135894158862,56.138162295943,51.699602344326
60.000000000000,60.000000000000,60.000000000000
60.000000000000,60.000000000000,60.000000000000
60.000000000000,60.000000000000,60.000000000000
56.442601415337,35.900743571323,0.541726400927
0.000000000000,60.000000000000,60.000000000000
60.000000000000,60.000000000000,60.000000000000
60.000000000000,60.000000000000,60.000000000000
60.000000000000,60.000000000000,60.000000000000
60.000000000000,0.000000000000,60.000000000000
8.505739569637,15.825720656518,57.786597552986
60.000000000000,60.000000000000,60.000000000000
57.864885913993,51.322456692712,55.195437741644
58.737325956624,21.305486763325,39.979963349306
60.000000000000,13.054973093417,25.898823358011
60.000000000000,60.000000000000,60.000000000000
60.000000000000,60.000000000000,60.000000000000
60.000000000000,60.000000000000,60.000000000000
60.000000000000,60.000000000000,60.000000000000
60.000000000000,60.000000000000,60.000000000000
51.474198831892,4.206466753314,57.450202486433
60.000000000000,60.000000000000,60.000000000000
36.399710436663,31.674190864594,8.426844511316
60.000000000000,60.000000000000,60.000000000000
60.000000000000,60.000000000000,0.000000000000
60.000000000000,60.000000000000,60.000000000000
60.000000000000,60.000000000000,60.000000000000
60.000000000000,60.000000000000,60.000000000000
0.000000000000,60.000000000000,60.000000000000
7.522069650936,60.000000000000,38.597781417885
60.000000000000,60.000000000000,60.000000000000
32.120151286988,14.573487299776,33.497518272341
60.000000000000,60.000000000000,60.000000000000
60.000000000000,60.000000000000,60.000000000000
60.000000000000,60.000000000000,60.000000000000
2.778571426867,60.000000000000,11.875190146572
60.000000000000,60.000000000000,60.000000000000
60.000000000000,60.000000000000,60.000000000000
0.000000000000,60.000000000000,60.000000000000
60.000000000000,60.000000000000,60.000000000000
49.269828706795,60.000000000000,6.135728995854
0.530272658114,26.306139126962,35.258617487902
60.000000000000,60.000000000000,60.000000000000
60.000000000000,60.000000000000,60.000000000000
38.860507698635,60.000000000000,9.974283079670
60.000000000000,60.000000000000,60.000000000000
43.344026270434,42.595994691033,29.521800497487
16.127432213584,55.175769898493,5.872988910497
57.898065354623,5.711242962260,17.801757639550
60.000000000000,60.000000000000,60.000000000000
54.597794447900,43.547765053220,17.365929376608
60.000000000000,60.000000000000,60.000000000000
60.000000000000,60.000000000000,60.000000000000
60.000000000000,60.000000000000,11.956789829039
47.875862996471,29.767477356174,17.643954581786
60.000000000000,60.000000000000,60.000000000000
28.825660135916,31.308166150493,44.069203163648
60.000000000000,60.000000000000,60.000000000000
52.765568021535,9.709759154184,13.328132331538
60.000000000000,6.854204130891,60.000000000000
28.068767641786,20.891702462069,14.010337474731
60.000000000000,37.958820625781,17.536968741093
60.000000000000,60.000000000000,60.000000000000
60.000000000000,60.000000000000,60.000000000000
12.012653221316,6.849056787649,14.600989917157
60.000000000000,60.000000000000,60.000000000000
44.741251534425,8.013764247284,14.288296171780
60.000000000000,60.000000000000,60.000000000000
60.000000000000,60.000000000000,60.000000000000
60.000000000000,60.000000000000,14.349501867389
34.016167272456,60.000000000000,13.919072916145
60.000000000000,60.000000000000,60.000000000000
60.000000000000,60.000000000000,60.000000000000
54.501485648823,60.000000000000,42.273391457067
57.620364590195,19.627251459356,21.973186235815
60.000000000000,60.000000000000,60.000000000000
59.381255010480,50.368908607412,26.169487607138
60.000000000000,60.000000000000,60.000000000000
60.000000000000,60.000000000000,60.000000000000
60.000000000000,60.000000000000,60.000000000000
58.313347399683,50.869379153894,13.754942134753
60.000000000000,60.000000000000,60.000000000000
29.370636294212,20.243915132937,20.824144203734
60.000000000000,60.000000000000,60.000000000000
60.000000000000,60.000000000000,60.000000000000
53.451418639453,23.766772026443,22.166531710597
60.000000000000,31.607996617606,43.764075077418
60.000000000000,60.000000000000,60.000000000000
50.732284021343,15.258665768042,14.759090734481
60.000000000000,60.000000000000,60.000000000000
60.000000000000,60.000000000000,60.000000000000
60.000000000000,60.000000000000,60.000000000000
60.000000000000,60.000000000000,60.000000000000
60.000000000000,60.000000000000,60.000000000000
60.000000000000,60.000000000000,60.000000000000
60.000000000000,60.000000000000,60.000000000000
60.000000000000,43.003117077514,18.345821622291
60.000000000000,60.000000000000,60.000000000000
60.000000000000,60.000000000000,60.000000000000
60.000000000000,60.000000000000,60.000000000000
60.000000000000,60.000000000000,60.000000000000
60.000000000000,60.000000000000,60.000000000000
60.000000000000,20.130116255381,32.502116761881
60.000000000000,60.000000000000,60.000000000000
60.000000000000,33.875188464531,23.271457432688
60.000000000000,60.000000000000,60.000000000000
60.000000000000,60.000000000000,0.000000000000
60.000000000000,60.000000000000,60.000000000000
36.308388263375,24.916337806000,18.262687788886
60.000000000000,60.000000000000,60.000000000000
52.978593921097,42.063643778628,38.518939573563
60.000000000000,60.000000000000,60.000000000000
55.260600212517,32.330148861132,16.612155354654
60.000000000000,60.000000000000,60.000000000000
60.000000000000,60.000000000000,60.000000000000
60.000000000000,60.000000000000,60.000000000000
60.000000000000,60.000000000000,60.000000000000
60.000000000000,0.000000000000,60.000000000000
60.000000000000,60.000000000000,60.000000000000
60.000000000000,60.000000000000,60.000000000000
54.670161430855,16.685574983630,57.802296405756
60.000000000000,60.000000000000,60.000000000000
60.000000000000,60.000000000000,60.000000000000
60.000000000000,60.000000000000,60.000000000000
11.489720477312,33.050122685207,60.000000000000
60.000000000000,60.000000000000,60.000000000000
31.176225469642,5.336274548090,33.552137769137
60.000000000000,60.000000000000,60.000000000000
60.000000000000,60.000000000000,60.000000000000
60.000000000000,34.584568395434,16.338149889556
60.000000000000,60.000000000000,60.000000000000
60.000000000000,60.000000000000,60.000000000000
