x,y,z
0.000000000000,0.000000000000,0.000000000000
0.000000000000,0.000000000000,0.000000000000
0.000000000000,0.000000000000,0.000000000000
0.000000000000,0.000000000000,0.000000000000
0.000000000000,0.000000000000,0.000000000000
0.000000000000,0.000000000000,0.000000000000
0.000000000000,0.000000000000,0.000000000000
0.000000000000,0.000000000000,0.000000000000
0.000000000000,0.000000000000,0.000000000000
0.000000000000,0.000000000000,0.000000000000
0.000000000000,0.000000000000,0.000000000000
0.000000000000,0.000000000000,0.000000000000
0.000000000000,0.000000000000,0.000000000000
0.000000000000,0.000000000000,0.000000000000
0.000000000000,0.000000000000,0.000000000000
0.000000000000,0.000000000000,0.000000000000
0.000000000000,0.000000000000,0.000000000000
0.000000000000,0.000000000000,0.000000000000
0.000000000000,0.000000000000,0.000000000000
0.000000000000,0.000000000000,0.000000000000
0.000000000000,0.000000000000,0.000000000000
0.000000000000,0.000000000000,0.000000000000
0.000000000000,0.000000000000,0.000000000000
0.000000000000,0.000000000000,0.000000000000
0.000000000000,0.000000000000,0.000000000000
0.000000000000,0.000000000000,0.000000000000
0.000000000000,0.000000000000,0.000000000000
0.000000000000,0.000000000000,0.000000000000
0.000000000000,0.000000000000,0.000000000000
0.000000000000,0.000000000000,0.000000000000
0.000000000000,0.000000000000,0.000000000000
0.000000000000,0.000000000000,0.000000000000
0.000000000000,0.000000000000,0.000000000000
0.000000000000,0.000000000000,0.000000000000
0.000000000000,0.000000000000,0.000000000000
0.000000000000,0.000000000000,0.000000000000
0.000000000000,0.000000000000,0.000000000000
0.000000000000,0.000000000000,0.000000000000
0.000000000000,0.000000000000,0.000000000000
0.000000000000,0.000000000000,0.000000000000
0.000000000000,0.000000000000,0.000000000000
0.000000000000,0.000000000000,0.000000000000
0.000000000000,0.000000000000,0.000000000000
0.000000000000,0.000000000000,0.000000000000
0.000000000000,0.000000000000,0.000000000000
0.000000000000,0.000000000000,0.000000000000
0.000000000000,0.000000000000,0.000000000000
0.000000000000,0.000000000000,0.000000000000
0.000000000000,0.000000000000,0.000000000000
0.000000000000,0.000000000000,0.000000000000
0.000000000000,0.000000000000,0.000000000000
0.000000000000,0.000000000000,0.000000000000
0.000000000000,0.000000000000,0.000000000000
0.000000000000,0.000000000000,0.000000000000
0.000000000000,0.000000000000,0.000000000000
0.000000000000,0.000000000000,0.000000000000
0.000000000000,0.000000000000,0.000000000000
0.000000000000,0.000000000000,0.000000000000
0.000000000000,0.000000000000,0.000000000000
0.000000000000,0.000000000000,0.000000000000
0.000000000000,0.000000000000,0.000000000000
0.000000000000,0.000000000000,0.000000000000
0.000000000000,0.000000000000,0.000000000000
0.000000000000,0.000000000000,0.000000000000
0.000000000000,0.000000000000,0.000000000000
0.000000000000,0.000000000000,0.000000000000
0.000000000000,0.000000000000,0.000000000000
0.000000000000,0.000000000000,0.000000000000
0.000000000000,0.000000000000,0.000000000000
0.000000000000,0.000000000000,0.000000000000
0.000000000000,0.000000000000,0.000000000000
0.000000000000,0.000000000000,0.000000000000
0.000000000000,0.000000000000,0.000000000000
0.000000000000,0.000000000000,0.000000000000
0.000000000000,0.000000000000,0.000000000000
0.000000000000,0.000000000000,0.000000000000
0.000000000000,0.000000000000,0.000000000000
0.000000000000,0.000000000000,0.000000000000
0.000000000000,0.000000000000,0.000000000000
0.000000000000,0.000000000000,0.000000000000
0.000000000000,0.000000000000,0.000000000000
0.000000000000,0.000000000000,0.000000000000
0.000000000000,0.000000000000,0.000000000000
0.000000000000,0.000000000000,0.000000000000
0.000000000000,0.000000000000,0.000000000000
0.000000000000,0.000000000000,0.000000000000
0.000000000000,0.000000000000,0.000000000000
0.000000000000,0.000000000000,0.000000000000
0.000000000000,0.000000000000,0.000000000000
0.000000000000,0.000000000000,0.000000000000
0.000000000000,0.000000000000,0.000000000000
30.962337227084,2.006606166395,51.044307497248
0.000000000000,0.000000000000,0.000000000000
32.951646043241,6.005861993707,53.045417050806
33.957092377182,8.016721277343,54.050830069121
34.957121825317,10.016780201244,55.050859544843
35.957121954258,12.016780459130,56.050859673789
36.957151428572,14.016839383642,57.050889124164
37.962562694255,16.027698582996,58.056336830679
0.000000000000,0.000000000000,0.000000000000
39.990586134017,19.989642410480,0.000000000000
0.000000000000,0.000000000000,0.000000000000
41.967652961202,23.997108973020,2.029472098688
42.973473994166,26.017520667688,3.035261148681
43.962394292290,28.164202581598,4.192696560431
44.960823856811,30.177978022319,5.207996952152
45.960712022788,32.179056024824,6.209181868423
46.960692660318,34.179109185004,7.209254116640
47.958932904651,36.178190315668,8.210087684357
48.958147905960,38.020120464103,9.053170705953
49.960842200612,40.177350671844,10.207351923482
50.960803085775,42.178415007977,11.208452605304
51.960699144761,44.179099624493,12.209238145539
52.960693250688,46.179113908451,13.209258251929
53.960721627656,48.179171345681,14.209287313671
54.967057774239,50.189880362982,15.213665658689
0.000000000000,0.000000000000,0.000000000000
0.000000000000,0.000000000000,0.000000000000
0.000000000000,0.000000000000,0.000000000000
0.000000000000,0.000000000000,0.000000000000
0.000000000000,0.000000000000,0.000000000000
0.000000000000,0.000000000000,0.000000000000
0.000000000000,0.000000000000,0.000000000000
0.000000000000,0.000000000000,0.000000000000
0.000000000000,0.000000000000,0.000000000000
0.000000000000,0.000000000000,0.000000000000
0.000000000000,0.000000000000,0.000000000000
0.000000000000,0.000000000000,0.000000000000
0.000000000000,0.000000000000,0.000000000000
0.000000000000,0.000000000000,0.000000000000
0.000000000000,0.000000000000,0.000000000000
0.000000000000,0.000000000000,0.000000000000
0.000000000000,0.000000000000,0.000000000000
0.000000000000,0.000000000000,0.000000000000
0.000000000000,0.000000000000,0.000000000000
0.000000000000,0.000000000000,0.000000000000
0.000000000000,0.000000000000,0.000000000000
0.000000000000,0.000000000000,0.000000000000
0.000000000000,0.000000000000,0.000000000000
0.000000000000,0.000000000000,0.000000000000
0.000000000000,0.000000000000,0.000000000000
0.000000000000,0.000000000000,0.000000000000
0.000000000000,0.000000000000,0.000000000000
0.000000000000,0.000000000000,0.000000000000
0.000000000000,0.000000000000,0.000000000000
0.000000000000,0.000000000000,0.000000000000
0.000000000000,0.000000000000,0.000000000000
0.000000000000,0.000000000000,0.000000000000
0.000000000000,0.000000000000,0.000000000000
0.000000000000,0.000000000000,0.000000000000
0.000000000000,0.000000000000,0.000000000000
0.000000000000,0.000000000000,0.000000000000
0.000000000000,0.000000000000,0.000000000000
0.000000000000,0.000000000000,0.000000000000
0.000000000000,0.000000000000,0.000000000000
0.000000000000,0.000000000000,0.000000000000
0.000000000000,0.000000000000,0.000000000000
0.000000000000,0.000000000000,0.000000000000
0.000000000000,0.000000000000,0.000000000000
0.000000000000,0.000000000000,0.000000000000
0.000000000000,0.000000000000,0.000000000000
0.000000000000,0.000000000000,0.000000000000
0.000000000000,0.000000000000,0.000000000000
0.000000000000,0.000000000000,0.000000000000
0.000000000000,0.000000000000,0.000000000000
0.000000000000,0.000000000000,0.000000000000
0.000000000000,0.000000000000,0.000000000000
0.000000000000,0.000000000000,0.000000000000
0.000000000000,0.000000000000,0.000000000000
0.000000000000,0.000000000000,0.000000000000
0.000000000000,0.000000000000,0.000000000000
0.000000000000,0.000000000000,0.000000000000
0.000000000000,0.000000000000,0.000000000000
0.000000000000,0.000000000000,0.000000000000
0.000000000000,0.000000000000,0.000000000000
0.000000000000,0.000000000000,0.000000000000
0.000000000000,0.000000000000,0.000000000000
0.000000000000,0.000000000000,0.000000000000
0.000000000000,0.000000000000,0.000000000000
0.000000000000,0.000000000000,0.000000000000
0.000000000000,0.000000000000,0.000000000000
0.000000000000,0.000000000000,0.000000000000
0.000000000000,0.000000000000,0.000000000000
0.000000000000,0.000000000000,0.000000000000
0.000000000000,0.000000000000,0.000000000000
0.000000000000,0.000000000000,0.000000000000
0.000000000000,0.000000000000,0.000000000000
0.000000000000,0.000000000000,0.000000000000
0.000000000000,0.000000000000,0.000000000000
0.000000000000,0.000000000000,0.000000000000
0.000000000000,0.000000000000,0.000000000000
0.000000000000,0.000000000000,0.000000000000
0.000000000000,0.000000000000,0.000000000000
0.000000000000,0.000000000000,0.000000000000
0.000000000000,0.000000000000,0.000000000000
0.000000000000,0.000000000000,0.000000000000
0.000000000000,0.000000000000,0.000000000000
0.000000000000,0.000000000000,0.000000000000
0.000000000000,0.000000000000,0.000000000000
0.000000000000,0.000000000000,0.000000000000
0.000000000000,0.000000000000,0.000000000000
0.000000000000,0.000000000000,0.000000000000
0.000000000000,0.000000000000,0.000000000000
0.000000000000,0.000000000000,0.000000000000
0.000000000000,0.000000000000,0.000000000000
0.000000000000,0.000000000000,0.000000000000
0.000000000000,0.000000000000,0.000000000000
0.000000000000,0.000000000000,0.000000000000
0.000000000000,0.000000000000,0.000000000000
0.000000000000,0.000000000000,0.000000000000
0.000000000000,0.000000000000,0.000000000000
0.000000000000,0.000000000000,0.000000000000
0.000000000000,0.000000000000,0.000000000000
0.000000000000,0.000000000000,0.000000000000
0.000000000000,0.000000000000,0.000000000000
0.000000000000,0.000000000000,0.000000000000
0.000000000000,0.000000000000,0.000000000000
0.000000000000,0.000000000000,0.000000000000
0.000000000000,0.000000000000,0.000000000000
0.000000000000,0.000000000000,0.000000000000
0.000000000000,0.000000000000,0.000000000000
0.000000000000,0.000000000000,0.000000000000
0.000000000000,0.000000000000,0.000000000000
0.000000000000,0.000000000000,0.000000000000
0.000000000000,0.000000000000,0.000000000000
0.000000000000,0.000000000000,0.000000000000
0.000000000000,0.000000000000,0.000000000000
0.000000000000,0.000000000000,0.000000000000
0.000000000000,0.000000000000,0.000000000000
0.000000000000,0.000000000000,0.000000000000
0.000000000000,0.000000000000,0.000000000000
0.000000000000,0.000000000000,0.000000000000
0.000000000000,0.000000000000,0.000000000000
0.000000000000,0.000000000000,0.000000000000
0.000000000000,0.000000000000,0.000000000000
0.000000000000,0.000000000000,0.000000000000
0.000000000000,0.000000000000,0.000000000000
0.000000000000,0.000000000000,0.000000000000
0.000000000000,0.000000000000,0.000000000000
0.000000000000,0.000000000000,0.000000000000
0.000000000000,0.000000000000,0.000000000000
0.000000000000,0.000000000000,0.000000000000
0.000000000000,0.000000000000,0.000000000000
0.000000000000,0.000000000000,0.000000000000
0.000000000000,0.000000000000,0.000000000000
0.000000000000,0.000000000000,0.000000000000
0.000000000000,0.000000000000,0.000000000000
0.000000000000,0.000000000000,0.000000000000
0.000000000000,0.000000000000,0.000000000000
0.000000000000,0.000000000000,0.000000000000
0.000000000000,0.000000000000,0.000000000000
0.000000000000,0.000000000000,0.000000000000
0.000000000000,0.000000000000,0.000000000000
0.000000000000,0.000000000000,0.000000000000
0.000000000000,0.000000000000,0.000000000000
0.000000000000,0.000000000000,0.000000000000
0.000000000000,0.000000000000,0.000000000000
0.000000000000,0.000000000000,0.000000000000
0.000000000000,0.000000000000,0.000000000000
0.000000000000,0.000000000000,0.000000000000
0.000000000000,0.000000000000,0.000000000000
0.000000000000,0.000000000000,0.000000000000
0.000000000000,0.000000000000,0.000000000000
0.000000000000,0.000000000000,0.000000000000
0.000000000000,0.000000000000,0.000000000000
0.000000000000,0.000000000000,0.000000000000
0.000000000000,0.000000000000,0.000000000000
0.000000000000,0.000000000000,0.000000000000
0.000000000000,0.000000000000,0.000000000000
0.000000000000,0.000000000000,0.000000000000
0.000000000000,0.000000000000,0.000000000000
0.000000000000,0.000000000000,0.000000000000
0.000000000000,0.000000000000,0.000000000000
0.000000000000,0.000000000000,0.000000000000
0.000000000000,0.000000000000,0.000000000000
0.000000000000,0.000000000000,0.000000000000
0.000000000000,0.000000000000,0.000000000000
0.000000000000,0.000000000000,0.000000000000
0.000000000000,0.000000000000,0.000000000000
0.000000000000,0.000000000000,0.000000000000
0.000000000000,0.000000000000,0.000000000000
0.000000000000,0.000000000000,0.000000000000
0.000000000000,0.000000000000,0.000000000000
0.000000000000,0.000000000000,0.000000000000
0.000000000000,0.000000000000,0.000000000000
0.000000000000,0.000000000000,0.000000000000
0.000000000000,0.000000000000,0.000000000000
0.000000000000,0.000000000000,0.000000000000
0.000000000000,0.000000000000,0.000000000000
0.000000000000,0.000000000000,0.000000000000
0.000000000000,0.000000000000,0.000000000000
0.000000000000,0.000000000000,0.000000000000
0.000000000000,0.000000000000,0.000000000000
0.000000000000,0.000000000000,0.000000000000
0.000000000000,0.000000000000,0.000000000000
0.000000000000,0.000000000000,0.000000000000
0.000000000000,0.000000000000,0.000000000000
0.000000000000,0.000000000000,0.000000000000
0.000000000000,0.000000000000,0.000000000000
0.000000000000,0.000000000000,0.000000000000
0.000000000000,0.000000000000,0.000000000000
0.000000000000,0.000000000000,0.000000000000
0.000000000000,0.000000000000,0.000000000000
43.976222059908,26.835851296957,2.859322788912
44.818274914442,28.835474859130,4.016922181429
45.800286220631,30.837582534462,5.037021759116
46.798920536873,32.837590507773,6.038395695363
47.804220520690,34.847852887325,7.043362082935
0.000000000000,0.000000000000,0.000000000000
49.793362802360,38.827219127067,9.033578829327
50.816842532847,40.838935005814,10.021816746795
51.799056703230,42.837455295393,11.038124280937
52.798885291837,44.837548844786,12.038389275053
53.798891624446,46.837573722102,13.038407801138
54.799612067953,48.839843177971,14.039953249165
55.833082562939,51.014229131673,15.180502619248
0.000000000000,0.000000000000,0.000000000000
0.000000000000,0.000000000000,0.000000000000
0.000000000000,0.000000000000,0.000000000000
0.000000000000,0.000000000000,0.000000000000
0.000000000000,0.000000000000,0.000000000000
0.000000000000,0.000000000000,0.000000000000
0.000000000000,0.000000000000,0.000000000000
0.000000000000,0.000000000000,0.000000000000
0.000000000000,0.000000000000,0.000000000000
0.000000000000,0.000000000000,0.000000000000
0.000000000000,0.000000000000,0.000000000000
0.000000000000,0.000000000000,0.000000000000
0.000000000000,0.000000000000,0.000000000000
0.000000000000,0.000000000000,0.000000000000
0.000000000000,0.000000000000,0.000000000000
0.000000000000,0.000000000000,0.000000000000
0.000000000000,0.000000000000,0.000000000000
0.000000000000,0.000000000000,0.000000000000
0.000000000000,0.000000000000,0.000000000000
0.000000000000,0.000000000000,0.000000000000
0.000000000000,0.000000000000,0.000000000000
0.000000000000,0.000000000000,0.000000000000
0.000000000000,0.000000000000,0.000000000000
0.000000000000,0.000000000000,0.000000000000
0.000000000000,0.000000000000,0.000000000000
0.000000000000,0.000000000000,0.000000000000
0.000000000000,0.000000000000,0.000000000000
0.000000000000,0.000000000000,0.000000000000
0.000000000000,0.000000000000,0.000000000000
0.000000000000,0.000000000000,0.000000000000
0.000000000000,0.000000000000,0.000000000000
0.000000000000,0.000000000000,0.000000000000
0.000000000000,0.000000000000,0.000000000000
0.000000000000,0.000000000000,0.000000000000
0.000000000000,0.000000000000,0.000000000000
0.000000000000,0.000000000000,0.000000000000
0.000000000000,0.000000000000,0.000000000000
0.000000000000,0.000000000000,0.000000000000
0.000000000000,0.000000000000,0.000000000000
0.000000000000,0.000000000000,0.000000000000
0.000000000000,0.000000000000,0.000000000000
0.000000000000,0.000000000000,0.000000000000
0.000000000000,0.000000000000,0.000000000000
0.000000000000,0.000000000000,0.000000000000
0.000000000000,0.000000000000,0.000000000000
0.000000000000,0.000000000000,0.000000000000
0.000000000000,0.000000000000,0.000000000000
0.000000000000,0.000000000000,0.000000000000
0.000000000000,0.000000000000,0.000000000000
0.000000000000,0.000000000000,0.000000000000
0.000000000000,0.000000000000,0.000000000000
0.000000000000,0.000000000000,0.000000000000
0.000000000000,0.000000000000,0.000000000000
0.000000000000,0.000000000000,0.000000000000
0.000000000000,0.000000000000,0.000000000000
0.000000000000,0.000000000000,0.000000000000
0.000000000000,0.000000000000,0.000000000000
0.000000000000,0.000000000000,0.000000000000
0.000000000000,0.000000000000,0.000000000000
0.000000000000,0.000000000000,0.000000000000
0.000000000000,0.000000000000,0.000000000000
0.000000000000,0.000000000000,0.000000000000
0.000000000000,0.000000000000,0.000000000000
0.000000000000,0.000000000000,0.000000000000
0.000000000000,0.000000000000,0.000000000000
0.000000000000,0.000000000000,0.000000000000
0.000000000000,0.000000000000,0.000000000000
0.000000000000,0.000000000000,0.000000000000
0.000000000000,0.000000000000,0.000000000000
0.000000000000,0.000000000000,0.000000000000
0.000000000000,0.000000000000,0.000000000000
0.000000000000,0.000000000000,0.000000000000
0.000000000000,0.000000000000,0.000000000000
0.000000000000,0.000000000000,0.000000000000
0.000000000000,0.000000000000,0.000000000000
0.000000000000,0.000000000000,0.000000000000
0.000000000000,0.000000000000,0.000000000000
0.000000000000,0.000000000000,0.000000000000
0.000000000000,0.000000000000,0.000000000000
0.000000000000,0.000000000000,0.000000000000
0.000000000000,0.000000000000,0.000000000000
0.000000000000,0.000000000000,0.000000000000
0.000000000000,0.000000000000,0.000000000000
0.000000000000,0.000000000000,0.000000000000
0.000000000000,0.000000000000,0.000000000000
0.000000000000,0.000000000000,0.000000000000
0.000000000000,0.000000000000,0.000000000000
0.000000000000,0.000000000000,0.000000000000
0.000000000000,0.000000000000,0.000000000000
0.000000000000,0.000000000000,0.000000000000
0.000000000000,0.000000000000,0.000000000000
0.000000000000,0.000000000000,0.000000000000
0.000000000000,0.000000000000,0.000000000000
0.000000000000,0.000000000000,0.000000000000
0.000000000000,0.000000000000,0.000000000000
0.000000000000,0.000000000000,0.000000000000
0.000000000000,0.000000000000,0.000000000000
0.000000000000,0.000000000000,0.000000000000
0.000000000000,0.000000000000,0.000000000000
0.000000000000,0.000000000000,0.000000000000
0.000000000000,0.000000000000,0.000000000000
0.000000000000,0.000000000000,0.000000000000
0.000000000000,0.000000000000,0.000000000000
0.000000000000,0.000000000000,0.000000000000
0.000000000000,0.000000000000,0.000000000000
0.000000000000,0.000000000000,0.000000000000
0.000000000000,0.000000000000,0.000000000000
0.000000000000,0.000000000000,0.000000000000
0.000000000000,0.000000000000,0.000000000000
0.000000000000,0.000000000000,0.000000000000
0.000000000000,0.000000000000,0.000000000000
0.000000000000,0.000000000000,0.000000000000
0.000000000000,0.000000000000,0.000000000000
0.000000000000,0.000000000000,0.000000000000
0.000000000000,0.000000000000,0.000000000000
0.000000000000,0.000000000000,0.000000000000
0.000000000000,0.000000000000,0.000000000000
0.000000000000,0.000000000000,0.000000000000
0.000000000000,0.000000000000,0.000000000000
0.000000000000,0.000000000000,0.000000000000
0.000000000000,0.000000000000,0.000000000000
0.000000000000,0.000000000000,0.000000000000
0.000000000000,0.000000000000,0.000000000000
0.000000000000,0.000000000000,0.000000000000
0.000000000000,0.000000000000,0.000000000000
0.000000000000,0.000000000000,0.000000000000
0.000000000000,0.000000000000,0.000000000000
0.000000000000,0.000000000000,0.000000000000
0.000000000000,0.000000000000,0.000000000000
0.000000000000,0.000000000000,0.000000000000
0.000000000000,0.000000000000,0.000000000000
0.000000000000,0.000000000000,0.000000000000
0.000000000000,0.000000000000,0.000000000000
0.000000000000,0.000000000000,0.000000000000
0.000000000000,0.000000000000,0.000000000000
0.000000000000,0.000000000000,0.000000000000
0.000000000000,0.000000000000,0.000000000000
0.000000000000,0.000000000000,0.000000000000
0.000000000000,0.000000000000,0.000000000000
0.000000000000,0.000000000000,0.000000000000
0.000000000000,0.000000000000,0.000000000000
0.000000000000,0.000000000000,0.000000000000
0.000000000000,0.000000000000,0.000000000000
0.000000000000,0.000000000000,0.000000000000
0.000000000000,0.000000000000,0.000000000000
0.000000000000,0.000000000000,0.000000000000
0.000000000000,0.000000000000,0.000000000000
0.000000000000,0.000000000000,0.000000000000
0.000000000000,0.000000000000,0.000000000000
0.000000000000,0.000000000000,0.000000000000
0.000000000000,0.000000000000,0.000000000000
0.000000000000,0.000000000000,0.000000000000
0.000000000000,0.000000000000,0.000000000000
0.000000000000,0.000000000000,0.000000000000
0.000000000000,0.000000000000,0.000000000000
0.000000000000,0.000000000000,0.000000000000
0.000000000000,0.000000000000,0.000000000000
0.000000000000,0.000000000000,0.000000000000
0.000000000000,0.000000000000,0.000000000000
0.000000000000,0.000000000000,0.000000000000
0.000000000000,0.000000000000,0.000000000000
0.000000000000,0.000000000000,0.000000000000
0.000000000000,0.000000000000,0.000000000000
0.000000000000,0.000000000000,0.000000000000
21.998413306960,42.001004516201,40.002091542332
0.000000000000,0.000000000000,0.000000000000
0.000000000000,0.000000000000,0.000000000000
0.000000000000,0.000000000000,0.000000000000
0.000000000000,0.000000000000,0.000000000000
0.000000000000,0.000000000000,0.000000000000
0.000000000000,0.000000000000,0.000000000000
0.000000000000,0.000000000000,0.000000000000
0.000000000000,0.000000000000,0.000000000000
30.989431383501,0.022990754150,48.978758478178
0.000000000000,0.000000000000,0.000000000000
0.000000000000,0.000000000000,0.000000000000
0.000000000000,0.000000000000,0.000000000000
0.000000000000,0.000000000000,0.000000000000
0.000000000000,0.000000000000,0.000000000000
0.000000000000,0.000000000000,0.000000000000
0.000000000000,0.000000000000,0.000000000000
0.000000000000,0.000000000000,0.000000000000
0.000000000000,0.000000000000,0.000000000000
0.000000000000,0.000000000000,0.000000000000
0.000000000000,0.000000000000,0.000000000000
0.000000000000,0.000000000000,0.000000000000
0.000000000000,0.000000000000,0.000000000000
0.000000000000,0.000000000000,0.000000000000
0.000000000000,0.000000000000,0.000000000000
0.000000000000,0.000000000000,0.000000000000
0.000000000000,0.000000000000,0.000000000000
0.000000000000,0.000000000000,0.000000000000
0.000000000000,0.000000000000,0.000000000000
0.000000000000,0.000000000000,0.000000000000
0.000000000000,0.000000000000,0.000000000000
0.000000000000,0.000000000000,0.000000000000
0.000000000000,0.000000000000,0.000000000000
0.000000000000,0.000000000000,0.000000000000
0.000000000000,0.000000000000,0.000000000000
0.000000000000,0.000000000000,0.000000000000
0.000000000000,0.000000000000,0.000000000000
0.000000000000,0.000000000000,0.000000000000
0.000000000000,0.000000000000,0.000000000000
0.000000000000,0.000000000000,0.000000000000
0.000000000000,0.000000000000,0.000000000000
0.000000000000,0.000000000000,0.000000000000
0.000000000000,0.000000000000,0.000000000000
0.000000000000,0.000000000000,0.000000000000
0.000000000000,0.000000000000,0.000000000000
0.000000000000,0.000000000000,0.000000000000
0.000000000000,0.000000000000,0.000000000000
0.000000000000,0.000000000000,0.000000000000
0.000000000000,0.000000000000,0.000000000000
0.000000000000,0.000000000000,0.000000000000
0.000000000000,0.000000000000,0.000000000000
0.000000000000,0.000000000000,0.000000000000
0.000000000000,0.000000000000,0.000000000000
0.000000000000,0.000000000000,0.000000000000
0.000000000000,0.000000000000,0.000000000000
0.000000000000,0.000000000000,0.000000000000
0.000000000000,0.000000000000,0.000000000000
0.000000000000,0.000000000000,0.000000000000
0.000000000000,0.000000000000,0.000000000000
0.000000000000,0.000000000000,0.000000000000
0.000000000000,0.000000000000,0.000000000000
0.000000000000,0.000000000000,0.000000000000
0.000000000000,0.000000000000,0.000000000000
0.000000000000,0.000000000000,0.000000000000
0.000000000000,0.000000000000,0.000000000000
0.000000000000,0.000000000000,0.000000000000
0.000000000000,0.000000000000,0.000000000000
0.000000000000,0.000000000000,0.000000000000
0.000000000000,0.000000000000,0.000000000000
0.000000000000,0.000000000000,0.000000000000
0.000000000000,0.000000000000,0.000000000000
0.000000000000,0.000000000000,0.000000000000
0.000000000000,0.000000000000,0.000000000000
0.000000000000,0.000000000000,0.000000000000
0.000000000000,0.000000000000,0.000000000000
0.000000000000,0.000000000000,0.000000000000
0.000000000000,0.000000000000,0.000000000000
0.000000000000,0.000000000000,0.000000000000
0.000000000000,0.000000000000,0.000000000000
0.000000000000,0.000000000000,0.000000000000
0.000000000000,0.000000000000,0.000000000000
0.000000000000,0.000000000000,0.000000000000
0.000000000000,0.000000000000,0.000000000000
0.000000000000,0.000000000000,0.000000000000
0.000000000000,0.000000000000,0.000000000000
0.000000000000,0.000000000000,0.000000000000
0.000000000000,0.000000000000,0.000000000000
0.000000000000,0.000000000000,0.000000000000
0.000000000000,0.000000000000,0.000000000000
0.000000000000,0.000000000000,0.000000000000
0.000000000000,0.000000000000,0.000000000000
0.000000000000,0.000000000000,0.000000000000
0.000000000000,0.000000000000,0.000000000000
0.000000000000,0.000000000000,0.000000000000
0.000000000000,0.000000000000,0.000000000000
0.000000000000,0.000000000000,0.000000000000
0.000000000000,0.000000000000,0.000000000000
0.000000000000,0.000000000000,0.000000000000
0.000000000000,0.000000000000,0.000000000000
0.000000000000,0.000000000000,0.000000000000
0.000000000000,0.000000000000,0.000000000000
0.000000000000,0.000000000000,0.000000000000
0.000000000000,0.000000000000,0.000000000000
0.000000000000,0.000000000000,0.000000000000
0.000000000000,0.000000000000,0.000000000000
0.000000000000,0.000000000000,0.000000000000
0.000000000000,0.000000000000,0.000000000000
0.000000000000,0.000000000000,0.000000000000
0.000000000000,0.000000000000,0.000000000000
0.000000000000,0.000000000000,0.000000000000
0.000000000000,0.000000000000,0.000000000000
0.000000000000,0.000000000000,0.000000000000
0.000000000000,0.000000000000,0.000000000000
0.000000000000,0.000000000000,0.000000000000
0.000000000000,0.000000000000,0.000000000000
0.000000000000,0.000000000000,0.000000000000
0.000000000000,0.000000000000,0.000000000000
0.000000000000,0.000000000000,0.000000000000
0.000000000000,0.000000000000,0.000000000000
0.000000000000,0.000000000000,0.000000000000
0.000000000000,0.000000000000,0.000000000000
0.000000000000,0.000000000000,0.000000000000
0.000000000000,0.000000000000,0.000000000000
0.000000000000,0.000000000000,0.000000000000
0.000000000000,0.000000000000,0.000000000000
0.000000000000,0.000000000000,0.000000000000
0.000000000000,0.000000000000,0.000000000000
0.000000000000,0.000000000000,0.000000000000
0.000000000000,0.000000000000,0.000000000000
0.000000000000,0.000000000000,0.000000000000
0.000000000000,0.000000000000,0.000000000000
0.000000000000,0.000000000000,0.000000000000
0.000000000000,0.000000000000,0.000000000000
0.000000000000,0.000000000000,0.000000000000
0.000000000000,0.000000000000,0.000000000000
0.000000000000,0.000000000000,0.000000000000
0.000000000000,0.000000000000,0.000000000000
0.000000000000,0.000000000000,0.000000000000
0.000000000000,0.000000000000,0.000000000000
0.000000000000,0.000000000000,0.000000000000
0.000000000000,0.000000000000,0.000000000000
0.000000000000,0.000000000000,0.000000000000
0.000000000000,0.000000000000,0.000000000000
0.000000000000,0.000000000000,0.000000000000
0.000000000000,0.000000000000,0.000000000000
0.000000000000,0.000000000000,0.000000000000
0.000000000000,0.000000000000,0.000000000000
0.000000000000,0.000000000000,0.000000000000
0.000000000000,0.000000000000,0.000000000000
0.000000000000,0.000000000000,0.000000000000
0.000000000000,0.000000000000,0.000000000000
0.000000000000,0.000000000000,0.000000000000
0.000000000000,0.000000000000,0.000000000000
0.000000000000,0.000000000000,0.000000000000
0.000000000000,0.000000000000,0.000000000000
0.000000000000,0.000000000000,0.000000000000
0.000000000000,0.000000000000,0.000000000000
0.000000000000,0.000000000000,0.000000000000
0.000000000000,0.000000000000,0.000000000000
0.000000000000,0.000000000000,0.000000000000
0.000000000000,0.000000000000,0.000000000000
0.000000000000,0.000000000000,0.000000000000
0.000000000000,0.000000000000,0.000000000000
0.000000000000,0.000000000000,0.000000000000
0.000000000000,0.000000000000,0.000000000000
0.000000000000,0.000000000000,0.000000000000
0.000000000000,0.000000000000,0.000000000000
0.000000000000,0.000000000000,0.000000000000
0.000000000000,0.000000000000,0.000000000000
0.000000000000,0.000000000000,0.000000000000
0.000000000000,0.000000000000,0.000000000000
0.000000000000,0.000000000000,0.000000000000
0.000000000000,0.000000000000,0.000000000000
0.000000000000,0.000000000000,0.000000000000
0.000000000000,0.000000000000,0.000000000000
0.000000000000,0.000000000000,0.000000000000
0.000000000000,0.000000000000,0.000000000000
0.000000000000,0.000000000000,0.000000000000
0.000000000000,0.000000000000,0.000000000000
0.000000000000,0.000000000000,0.000000000000
0.000000000000,0.000000000000,0.000000000000
0.000000000000,0.000000000000,0.000000000000
0.000000000000,0.000000000000,0.000000000000
0.000000000000,0.000000000000,0.000000000000
0.000000000000,0.000000000000,0.000000000000
0.000000000000,0.000000000000,0.000000000000
0.000000000000,0.000000000000,0.000000000000
0.000000000000,0.000000000000,0.000000000000
0.000000000000,0.000000000000,0.000000000000
0.000000000000,0.000000000000,0.000000000000
0.000000000000,0.000000000000,0.000000000000
0.000000000000,0.000000000000,0.000000000000
0.000000000000,0.000000000000,0.000000000000
0.000000000000,0.000000000000,0.000000000000
0.000000000000,0.000000000000,0.000000000000
0.000000000000,0.000000000000,0.000000000000
0.000000000000,0.000000000000,0.000000000000
0.000000000000,0.000000000000,0.000000000000
0.000000000000,0.000000000000,0.000000000000
0.000000000000,0.000000000000,0.000000000000
0.000000000000,0.000000000000,0.000000000000
23.994295157754,44.989049078040,40.994294837364
24.999741193935,46.999940851077,41.999740873544
25.999770709914,48.999999870996,42.999770389523
26.999770838977,51.000000129121,43.999770518587
27.999800356198,53.000059163533,44.999800035808
29.005246391184,55.010951250094,46.005246070853
0.000000000000,0.000000000000,0.000000000000
0.000000000000,0.000000000000,0.000000000000
0.000000000000,0.000000000000,0.000000000000
32.994307247593,2.989040965217,49.994259714429
33.989205569656,4.994704679198,51.005026075282
34.999736528526,6.999964631816,51.999769262427
35.999770681847,8.999999908820,52.999770455232
36.999770771929,10.999999999988,53.999770456494
37.999770774480,13.000000091970,54.999770545755
38.999772336130,15.000035473902,55.999804298762
39.994616211643,17.005248449730,57.010157913545
40.994219209979,19.005868543239,58.011636720925
41.988120983975,21.029207190237,59.041086213225
0.000000000000,0.000000000000,0.000000000000
0.000000000000,0.000000000000,0.000000000000
0.000000000000,0.000000000000,0.000000000000
46.168860601794,28.988354393577,2.819061665625
47.012576027659,30.995247080547,3.982218781791
47.999805633994,32.999673448542,4.999408974651
49.000258299619,35.004042704646,6.003325645060
49.840877099016,36.995964801979,7.154637515722
50.999770755339,38.999999999030,7.999770472142
52.158664427906,41.004035186213,8.844903402429
52.999283024335,42.995953899996,9.996212091948
53.999760555932,44.999962801348,10.999743474223
54.999772064579,47.000001603029,11.999770774499
55.999570606976,48.999998565005,12.999969445526
57.157361066681,51.014730233521,13.856912213107
58.006249249898,53.011221460648,15.004973066001
0.000000000000,0.000000000000,0.000000000000
0.000000000000,0.000000000000,0.000000000000
0.000000000000,0.000000000000,0.000000000000
0.000000000000,0.000000000000,0.000000000000
0.000000000000,0.000000000000,0.000000000000
0.000000000000,0.000000000000,0.000000000000
0.000000000000,0.000000000000,0.000000000000
0.000000000000,0.000000000000,0.000000000000
0.000000000000,0.000000000000,0.000000000000
0.000000000000,0.000000000000,0.000000000000
0.000000000000,0.000000000000,0.000000000000
0.000000000000,0.000000000000,0.000000000000
0.000000000000,0.000000000000,0.000000000000
0.000000000000,0.000000000000,0.000000000000
0.000000000000,0.000000000000,0.000000000000
0.000000000000,0.000000000000,0.000000000000
0.000000000000,0.000000000000,0.000000000000
0.000000000000,0.000000000000,0.000000000000
0.000000000000,0.000000000000,0.000000000000
0.000000000000,0.000000000000,0.000000000000
0.000000000000,0.000000000000,0.000000000000
0.000000000000,0.000000000000,0.000000000000
0.000000000000,0.000000000000,0.000000000000
0.000000000000,0.000000000000,0.000000000000
0.000000000000,0.000000000000,0.000000000000
0.000000000000,0.000000000000,0.000000000000
0.000000000000,0.000000000000,0.000000000000
0.000000000000,0.000000000000,0.000000000000
0.000000000000,0.000000000000,0.000000000000
0.000000000000,0.000000000000,0.000000000000
0.000000000000,0.000000000000,0.000000000000
0.000000000000,0.000000000000,0.000000000000
0.000000000000,0.000000000000,0.000000000000
0.000000000000,0.000000000000,0.000000000000
0.000000000000,0.000000000000,0.000000000000
0.000000000000,0.000000000000,0.000000000000
0.000000000000,0.000000000000,0.000000000000
0.000000000000,0.000000000000,0.000000000000
0.000000000000,0.000000000000,0.000000000000
0.000000000000,0.000000000000,0.000000000000
0.000000000000,0.000000000000,0.000000000000
0.000000000000,0.000000000000,0.000000000000
0.000000000000,0.000000000000,0.000000000000
0.000000000000,0.000000000000,0.000000000000
0.000000000000,0.000000000000,0.000000000000
0.000000000000,0.000000000000,0.000000000000
0.000000000000,0.000000000000,0.000000000000
0.000000000000,0.000000000000,0.000000000000
0.000000000000,0.000000000000,0.000000000000
0.000000000000,0.000000000000,0.000000000000
0.000000000000,0.000000000000,0.000000000000
0.000000000000,0.000000000000,0.000000000000
0.000000000000,0.000000000000,0.000000000000
0.000000000000,0.000000000000,0.000000000000
0.000000000000,0.000000000000,0.000000000000
0.000000000000,0.000000000000,0.000000000000
0.000000000000,0.000000000000,0.000000000000
0.000000000000,0.000000000000,0.000000000000
0.000000000000,0.000000000000,0.000000000000
0.000000000000,0.000000000000,0.000000000000
0.000000000000,0.000000000000,0.000000000000
0.000000000000,0.000000000000,0.000000000000
0.000000000000,0.000000000000,0.000000000000
0.000000000000,0.000000000000,0.000000000000
0.000000000000,0.000000000000,0.000000000000
0.000000000000,0.000000000000,0.000000000000
0.000000000000,0.000000000000,0.000000000000
0.000000000000,0.000000000000,0.000000000000
0.000000000000,0.000000000000,0.000000000000
0.000000000000,0.000000000000,0.000000000000
0.000000000000,0.000000000000,0.000000000000
0.000000000000,0.000000000000,0.000000000000
0.000000000000,0.000000000000,0.000000000000
0.000000000000,0.000000000000,0.000000000000
0.000000000000,0.000000000000,0.000000000000
0.000000000000,0.000000000000,0.000000000000
0.000000000000,0.000000000000,0.000000000000
0.000000000000,0.000000000000,0.000000000000
0.000000000000,0.000000000000,0.000000000000
0.000000000000,0.000000000000,0.000000000000
0.000000000000,0.000000000000,0.000000000000
0.000000000000,0.000000000000,0.000000000000
0.000000000000,0.000000000000,0.000000000000
0.000000000000,0.000000000000,0.000000000000
0.000000000000,0.000000000000,0.000000000000
0.000000000000,0.000000000000,0.000000000000
0.000000000000,0.000000000000,0.000000000000
0.000000000000,0.000000000000,0.000000000000
0.000000000000,0.000000000000,0.000000000000
0.000000000000,0.000000000000,0.000000000000
0.000000000000,0.000000000000,0.000000000000
0.000000000000,0.000000000000,0.000000000000
0.000000000000,0.000000000000,0.000000000000
0.000000000000,0.000000000000,0.000000000000
0.000000000000,0.000000000000,0.000000000000
0.000000000000,0.000000000000,0.000000000000
0.000000000000,0.000000000000,0.000000000000
0.000000000000,0.000000000000,0.000000000000
0.000000000000,0.000000000000,0.000000000000
0.000000000000,0.000000000000,0.000000000000
0.000000000000,0.000000000000,0.000000000000
0.000000000000,0.000000000000,0.000000000000
0.000000000000,0.000000000000,0.000000000000
0.000000000000,0.000000000000,0.000000000000
0.000000000000,0.000000000000,0.000000000000
0.000000000000,0.000000000000,0.000000000000
0.000000000000,0.000000000000,0.000000000000
0.000000000000,0.000000000000,0.000000000000
0.000000000000,0.000000000000,0.000000000000
0.000000000000,0.000000000000,0.000000000000
0.000000000000,0.000000000000,0.000000000000
0.000000000000,0.000000000000,0.000000000000
0.000000000000,0.000000000000,0.000000000000
0.000000000000,0.000000000000,0.000000000000
0.000000000000,0.000000000000,0.000000000000
0.000000000000,0.000000000000,0.000000000000
0.000000000000,0.000000000000,0.000000000000
0.000000000000,0.000000000000,0.000000000000
0.000000000000,0.000000000000,0.000000000000
0.000000000000,0.000000000000,0.000000000000
0.000000000000,0.000000000000,0.000000000000
0.000000000000,0.000000000000,0.000000000000
0.000000000000,0.000000000000,0.000000000000
0.000000000000,0.000000000000,0.000000000000
0.000000000000,0.000000000000,0.000000000000
0.000000000000,0.000000000000,0.000000000000
0.000000000000,0.000000000000,0.000000000000
0.000000000000,0.000000000000,0.000000000000
0.000000000000,0.000000000000,0.000000000000
0.000000000000,0.000000000000,0.000000000000
0.000000000000,0.000000000000,0.000000000000
0.000000000000,0.000000000000,0.000000000000
0.000000000000,0.000000000000,0.000000000000
0.000000000000,0.000000000000,0.000000000000
0.000000000000,0.000000000000,0.000000000000
0.000000000000,0.000000000000,0.000000000000
0.000000000000,0.000000000000,0.000000000000
0.000000000000,0.000000000000,0.000000000000
0.000000000000,0.000000000000,0.000000000000
0.000000000000,0.000000000000,0.000000000000
0.000000000000,0.000000000000,0.000000000000
0.000000000000,0.000000000000,0.000000000000
0.000000000000,0.000000000000,0.000000000000
0.000000000000,0.000000000000,0.000000000000
0.000000000000,0.000000000000,0.000000000000
0.000000000000,0.000000000000,0.000000000000
0.000000000000,0.000000000000,0.000000000000
0.000000000000,0.000000000000,0.000000000000
0.000000000000,0.000000000000,0.000000000000
0.000000000000,0.000000000000,0.000000000000
0.000000000000,0.000000000000,0.000000000000
0.000000000000,0.000000000000,0.000000000000
0.000000000000,0.000000000000,0.000000000000
0.000000000000,0.000000000000,0.000000000000
0.000000000000,0.000000000000,0.000000000000
0.000000000000,0.000000000000,0.000000000000
0.000000000000,0.000000000000,0.000000000000
0.000000000000,0.000000000000,0.000000000000
0.000000000000,0.000000000000,0.000000000000
0.000000000000,0.000000000000,0.000000000000
0.000000000000,0.000000000000,0.000000000000
0.000000000000,0.000000000000,0.000000000000
0.000000000000,0.000000000000,0.000000000000
0.000000000000,0.000000000000,0.000000000000
0.000000000000,0.000000000000,0.000000000000
0.000000000000,0.000000000000,0.000000000000
0.000000000000,0.000000000000,0.000000000000
0.000000000000,0.000000000000,0.000000000000
0.000000000000,0.000000000000,0.000000000000
0.000000000000,0.000000000000,0.000000000000
0.000000000000,0.000000000000,0.000000000000
0.000000000000,0.000000000000,0.000000000000
0.000000000000,0.000000000000,0.000000000000
0.000000000000,0.000000000000,0.000000000000
0.000000000000,0.000000000000,0.000000000000
0.000000000000,0.000000000000,0.000000000000
0.000000000000,0.000000000000,0.000000000000
0.000000000000,0.000000000000,0.000000000000
0.000000000000,0.000000000000,0.000000000000
0.000000000000,0.000000000000,0.000000000000
0.000000000000,0.000000000000,0.000000000000
0.000000000000,0.000000000000,0.000000000000
0.000000000000,0.000000000000,0.000000000000
0.000000000000,0.000000000000,0.000000000000
0.000000000000,0.000000000000,0.000000000000
0.000000000000,0.000000000000,0.000000000000
0.000000000000,0.000000000000,0.000000000000
0.000000000000,0.000000000000,0.000000000000
0.000000000000,0.000000000000,0.000000000000
0.000000000000,0.000000000000,0.000000000000
0.000000000000,0.000000000000,0.000000000000
0.000000000000,0.000000000000,0.000000000000
0.000000000000,0.000000000000,0.000000000000
0.000000000000,0.000000000000,0.000000000000
0.000000000000,0.000000000000,0.000000000000
0.000000000000,0.000000000000,0.000000000000
0.000000000000,0.000000000000,0.000000000000
0.000000000000,0.000000000000,0.000000000000
0.000000000000,0.000000000000,0.000000000000
0.000000000000,0.000000000000,0.000000000000
0.000000000000,0.000000000000,0.000000000000
0.000000000000,0.000000000000,0.000000000000
1.991397721893,0.000000000000,17.980737277707
0.000000000000,0.000000000000,0.000000000000
0.000000000000,0.000000000000,0.000000000000
0.000000000000,0.000000000000,0.000000000000
0.000000000000,0.000000000000,0.000000000000
0.000000000000,0.000000000000,0.000000000000
0.000000000000,0.000000000000,0.000000000000
0.000000000000,0.000000000000,0.000000000000
0.000000000000,0.000000000000,0.000000000000
0.000000000000,0.000000000000,0.000000000000
0.000000000000,0.000000000000,0.000000000000
0.000000000000,0.000000000000,0.000000000000
0.000000000000,0.000000000000,0.000000000000
0.000000000000,0.000000000000,0.000000000000
0.000000000000,0.000000000000,0.000000000000
0.000000000000,0.000000000000,0.000000000000
0.000000000000,0.000000000000,0.000000000000
0.000000000000,0.000000000000,0.000000000000
0.000000000000,0.000000000000,0.000000000000
0.000000000000,0.000000000000,0.000000000000
0.000000000000,0.000000000000,0.000000000000
0.000000000000,0.000000000000,0.000000000000
0.000000000000,0.000000000000,0.000000000000
0.000000000000,0.000000000000,0.000000000000
0.000000000000,0.000000000000,0.000000000000
0.000000000000,0.000000000000,0.000000000000
0.000000000000,0.000000000000,0.000000000000
0.000000000000,0.000000000000,0.000000000000
0.000000000000,0.000000000000,0.000000000000
0.000000000000,0.000000000000,0.000000000000
0.000000000000,0.000000000000,0.000000000000
0.000000000000,0.000000000000,0.000000000000
0.000000000000,0.000000000000,0.000000000000
0.000000000000,0.000000000000,0.000000000000
0.000000000000,0.000000000000,0.000000000000
0.000000000000,0.000000000000,0.000000000000
0.000000000000,0.000000000000,0.000000000000
0.000000000000,0.000000000000,0.000000000000
0.000000000000,0.000000000000,0.000000000000
0.000000000000,0.000000000000,0.000000000000
0.000000000000,0.000000000000,0.000000000000
0.000000000000,0.000000000000,0.000000000000
0.000000000000,0.000000000000,0.000000000000
0.000000000000,0.000000000000,0.000000000000
0.000000000000,0.000000000000,0.000000000000
0.000000000000,0.000000000000,0.000000000000
0.000000000000,0.000000000000,0.000000000000
0.000000000000,0.000000000000,0.000000000000
0.000000000000,0.000000000000,0.000000000000
0.000000000000,0.000000000000,0.000000000000
0.000000000000,0.000000000000,0.000000000000
0.000000000000,0.000000000000,0.000000000000
0.000000000000,0.000000000000,0.000000000000
0.000000000000,0.000000000000,0.000000000000
0.000000000000,0.000000000000,0.000000000000
0.000000000000,0.000000000000,0.000000000000
0.000000000000,0.000000000000,0.000000000000
0.000000000000,0.000000000000,0.000000000000
0.000000000000,0.000000000000,0.000000000000
0.000000000000,0.000000000000,0.000000000000
0.000000000000,0.000000000000,0.000000000000
0.000000000000,0.000000000000,0.000000000000
0.000000000000,0.000000000000,0.000000000000
0.000000000000,0.000000000000,0.000000000000
0.000000000000,0.000000000000,0.000000000000
0.000000000000,0.000000000000,0.000000000000
0.000000000000,0.000000000000,0.000000000000
0.000000000000,0.000000000000,0.000000000000
0.000000000000,0.000000000000,0.000000000000
0.000000000000,0.000000000000,0.000000000000
0.000000000000,0.000000000000,0.000000000000
0.000000000000,0.000000000000,0.000000000000
0.000000000000,0.000000000000,0.000000000000
0.000000000000,0.000000000000,0.000000000000
0.000000000000,0.000000000000,0.000000000000
0.000000000000,0.000000000000,0.000000000000
0.000000000000,0.000000000000,0.000000000000
0.000000000000,0.000000000000,0.000000000000
0.000000000000,0.000000000000,0.000000000000
0.000000000000,0.000000000000,0.000000000000
0.000000000000,0.000000000000,0.000000000000
0.000000000000,0.000000000000,0.000000000000
0.000000000000,0.000000000000,0.000000000000
0.000000000000,0.000000000000,0.000000000000
0.000000000000,0.000000000000,0.000000000000
0.000000000000,0.000000000000,0.000000000000
0.000000000000,0.000000000000,0.000000000000
0.000000000000,0.000000000000,0.000000000000
0.000000000000,0.000000000000,0.000000000000
0.000000000000,0.000000000000,0.000000000000
0.000000000000,0.000000000000,0.000000000000
0.000000000000,0.000000000000,0.000000000000
0.000000000000,0.000000000000,0.000000000000
0.000000000000,0.000000000000,0.000000000000
0.000000000000,0.000000000000,0.000000000000
0.000000000000,0.000000000000,0.000000000000
0.000000000000,0.000000000000,0.000000000000
0.000000000000,0.000000000000,0.000000000000
0.000000000000,0.000000000000,0.000000000000
0.000000000000,0.000000000000,0.000000000000
0.000000000000,0.000000000000,0.000000000000
0.000000000000,0.000000000000,0.000000000000
0.000000000000,0.000000000000,0.000000000000
0.000000000000,0.000000000000,0.000000000000
0.000000000000,0.000000000000,0.000000000000
0.000000000000,0.000000000000,0.000000000000
0.000000000000,0.000000000000,0.000000000000
0.000000000000,0.000000000000,0.000000000000
0.000000000000,0.000000000000,0.000000000000
0.000000000000,0.000000000000,0.000000000000
0.000000000000,0.000000000000,0.000000000000
0.000000000000,0.000000000000,0.000000000000
0.000000000000,0.000000000000,0.000000000000
0.000000000000,0.000000000000,0.000000000000
0.000000000000,0.000000000000,0.000000000000
0.000000000000,0.000000000000,0.000000000000
0.000000000000,0.000000000000,0.000000000000
0.000000000000,0.000000000000,0.000000000000
0.000000000000,0.000000000000,0.000000000000
0.000000000000,0.000000000000,0.000000000000
0.000000000000,0.000000000000,0.000000000000
0.000000000000,0.000000000000,0.000000000000
0.000000000000,0.000000000000,0.000000000000
0.000000000000,0.000000000000,0.000000000000
0.000000000000,0.000000000000,0.000000000000
0.000000000000,0.000000000000,0.000000000000
0.000000000000,0.000000000000,0.000000000000
0.000000000000,0.000000000000,0.000000000000
0.000000000000,0.000000000000,0.000000000000
0.000000000000,0.000000000000,0.000000000000
0.000000000000,0.000000000000,0.000000000000
0.000000000000,0.000000000000,0.000000000000
0.000000000000,0.000000000000,0.000000000000
0.000000000000,0.000000000000,0.000000000000
0.000000000000,0.000000000000,0.000000000000
0.000000000000,0.000000000000,0.000000000000
0.000000000000,0.000000000000,0.000000000000
0.000000000000,0.000000000000,0.000000000000
0.000000000000,0.000000000000,0.000000000000
0.000000000000,0.000000000000,0.000000000000
0.000000000000,0.000000000000,0.000000000000
0.000000000000,0.000000000000,0.000000000000
0.000000000000,0.000000000000,0.000000000000
0.000000000000,0.000000000000,0.000000000000
0.000000000000,0.000000000000,0.000000000000
0.000000000000,0.000000000000,0.000000000000
0.000000000000,0.000000000000,0.000000000000
0.000000000000,0.000000000000,0.000000000000
0.000000000000,0.000000000000,0.000000000000
0.000000000000,0.000000000000,0.000000000000
0.000000000000,0.000000000000,0.000000000000
0.000000000000,0.000000000000,0.000000000000
0.000000000000,0.000000000000,0.000000000000
0.000000000000,0.000000000000,0.000000000000
0.000000000000,0.000000000000,0.000000000000
0.000000000000,0.000000000000,0.000000000000
0.000000000000,0.000000000000,0.000000000000
0.000000000000,0.000000000000,0.000000000000
0.000000000000,0.000000000000,0.000000000000
0.000000000000,0.000000000000,0.000000000000
0.000000000000,0.000000000000,0.000000000000
0.000000000000,0.000000000000,0.000000000000
0.000000000000,0.000000000000,0.000000000000
0.000000000000,0.000000000000,0.000000000000
0.000000000000,0.000000000000,0.000000000000
0.000000000000,0.000000000000,0.000000000000
0.000000000000,0.000000000000,0.000000000000
0.000000000000,0.000000000000,0.000000000000
0.000000000000,0.000000000000,0.000000000000
0.000000000000,0.000000000000,0.000000000000
0.000000000000,0.000000000000,0.000000000000
0.000000000000,0.000000000000,0.000000000000
0.000000000000,0.000000000000,0.000000000000
0.000000000000,0.000000000000,0.000000000000
0.000000000000,0.000000000000,0.000000000000
0.000000000000,0.000000000000,0.000000000000
0.000000000000,0.000000000000,0.000000000000
0.000000000000,0.000000000000,0.000000000000
0.000000000000,0.000000000000,0.000000000000
0.000000000000,0.000000000000,0.000000000000
0.000000000000,0.000000000000,0.000000000000
0.000000000000,0.000000000000,0.000000000000
0.000000000000,0.000000000000,0.000000000000
0.000000000000,0.000000000000,0.000000000000
0.000000000000,0.000000000000,0.000000000000
48.182891027672,30.985617721446,2.802454614136
49.199916989353,33.160167536680,3.959610836491
50.200477943705,35.162527737019,4.961406581151
51.182698935208,37.161064974352,5.977724221936
52.206178680501,39.172780882349,6.965962153837
0.000000000000,0.000000000000,0.000000000000
54.195321002070,43.152146752875,8.956178491071
55.200628410431,45.162387163946,9.961115478621
56.200685604470,47.162500384762,10.961171518837
57.206156184925,49.172812709524,11.966016440028
0.000000000000,0.000000000000,0.000000000000
0.000000000000,0.000000000000,0.000000000000
0.000000000000,0.000000000000,0.000000000000
0.000000000000,0.000000000000,0.000000000000
0.000000000000,0.000000000000,0.000000000000
0.000000000000,0.000000000000,0.000000000000
0.000000000000,0.000000000000,0.000000000000
0.000000000000,0.000000000000,0.000000000000
0.000000000000,0.000000000000,0.000000000000
0.000000000000,0.000000000000,0.000000000000
0.000000000000,0.000000000000,0.000000000000
0.000000000000,0.000000000000,0.000000000000
0.000000000000,0.000000000000,0.000000000000
0.000000000000,0.000000000000,0.000000000000
0.000000000000,0.000000000000,0.000000000000
0.000000000000,0.000000000000,0.000000000000
0.000000000000,0.000000000000,0.000000000000
0.000000000000,0.000000000000,0.000000000000
0.000000000000,0.000000000000,0.000000000000
0.000000000000,0.000000000000,0.000000000000
0.000000000000,0.000000000000,0.000000000000
0.000000000000,0.000000000000,0.000000000000
0.000000000000,0.000000000000,0.000000000000
0.000000000000,0.000000000000,0.000000000000
0.000000000000,0.000000000000,0.000000000000
0.000000000000,0.000000000000,0.000000000000
0.000000000000,0.000000000000,0.000000000000
0.000000000000,0.000000000000,0.000000000000
0.000000000000,0.000000000000,0.000000000000
0.000000000000,0.000000000000,0.000000000000
0.000000000000,0.000000000000,0.000000000000
0.000000000000,0.000000000000,0.000000000000
0.000000000000,0.000000000000,0.000000000000
0.000000000000,0.000000000000,0.000000000000
0.000000000000,0.000000000000,0.000000000000
0.000000000000,0.000000000000,0.000000000000
0.000000000000,0.000000000000,0.000000000000
0.000000000000,0.000000000000,0.000000000000
0.000000000000,0.000000000000,0.000000000000
0.000000000000,0.000000000000,0.000000000000
0.000000000000,0.000000000000,0.000000000000
0.000000000000,0.000000000000,0.000000000000
0.000000000000,0.000000000000,0.000000000000
0.000000000000,0.000000000000,0.000000000000
0.000000000000,0.000000000000,0.000000000000
0.000000000000,0.000000000000,0.000000000000
0.000000000000,0.000000000000,0.000000000000
0.000000000000,0.000000000000,0.000000000000
0.000000000000,0.000000000000,0.000000000000
0.000000000000,0.000000000000,0.000000000000
0.000000000000,0.000000000000,0.000000000000
0.000000000000,0.000000000000,0.000000000000
0.000000000000,0.000000000000,0.000000000000
0.000000000000,0.000000000000,0.000000000000
0.000000000000,0.000000000000,0.000000000000
0.000000000000,0.000000000000,0.000000000000
0.000000000000,0.000000000000,0.000000000000
0.000000000000,0.000000000000,0.000000000000
0.000000000000,0.000000000000,0.000000000000
0.000000000000,0.000000000000,0.000000000000
0.000000000000,0.000000000000,0.000000000000
0.000000000000,0.000000000000,0.000000000000
0.000000000000,0.000000000000,0.000000000000
0.000000000000,0.000000000000,0.000000000000
0.000000000000,0.000000000000,0.000000000000
0.000000000000,0.000000000000,0.000000000000
0.000000000000,0.000000000000,0.000000000000
0.000000000000,0.000000000000,0.000000000000
0.000000000000,0.000000000000,0.000000000000
0.000000000000,0.000000000000,0.000000000000
0.000000000000,0.000000000000,0.000000000000
0.000000000000,0.000000000000,0.000000000000
0.000000000000,0.000000000000,0.000000000000
0.000000000000,0.000000000000,0.000000000000
0.000000000000,0.000000000000,0.000000000000
0.000000000000,0.000000000000,0.000000000000
0.000000000000,0.000000000000,0.000000000000
0.000000000000,0.000000000000,0.000000000000
0.000000000000,0.000000000000,0.000000000000
0.000000000000,0.000000000000,0.000000000000
0.000000000000,0.000000000000,0.000000000000
0.000000000000,0.000000000000,0.000000000000
0.000000000000,0.000000000000,0.000000000000
0.000000000000,0.000000000000,0.000000000000
0.000000000000,0.000000000000,0.000000000000
0.000000000000,0.000000000000,0.000000000000
0.000000000000,0.000000000000,0.000000000000
0.000000000000,0.000000000000,0.000000000000
0.000000000000,0.000000000000,0.000000000000
0.000000000000,0.000000000000,0.000000000000
0.000000000000,0.000000000000,0.000000000000
0.000000000000,0.000000000000,0.000000000000
0.000000000000,0.000000000000,0.000000000000
0.000000000000,0.000000000000,0.000000000000
0.000000000000,0.000000000000,0.000000000000
0.000000000000,0.000000000000,0.000000000000
0.000000000000,0.000000000000,0.000000000000
0.000000000000,0.000000000000,0.000000000000
0.000000000000,0.000000000000,0.000000000000
0.000000000000,0.000000000000,0.000000000000
0.000000000000,0.000000000000,0.000000000000
0.000000000000,0.000000000000,0.000000000000
0.000000000000,0.000000000000,0.000000000000
0.000000000000,0.000000000000,0.000000000000
0.000000000000,0.000000000000,0.000000000000
0.000000000000,0.000000000000,0.000000000000
0.000000000000,0.000000000000,0.000000000000
0.000000000000,0.000000000000,0.000000000000
0.000000000000,0.000000000000,0.000000000000
0.000000000000,0.000000000000,0.000000000000
0.000000000000,0.000000000000,0.000000000000
0.000000000000,0.000000000000,0.000000000000
0.000000000000,0.000000000000,0.000000000000
0.000000000000,0.000000000000,0.000000000000
0.000000000000,0.000000000000,0.000000000000
0.000000000000,0.000000000000,0.000000000000
0.000000000000,0.000000000000,0.000000000000
0.000000000000,0.000000000000,0.000000000000
0.000000000000,0.000000000000,0.000000000000
0.000000000000,0.000000000000,0.000000000000
0.000000000000,0.000000000000,0.000000000000
0.000000000000,0.000000000000,0.000000000000
0.000000000000,0.000000000000,0.000000000000
0.000000000000,0.000000000000,0.000000000000
0.000000000000,0.000000000000,0.000000000000
0.000000000000,0.000000000000,0.000000000000
0.000000000000,0.000000000000,0.000000000000
0.000000000000,0.000000000000,0.000000000000
0.000000000000,0.000000000000,0.000000000000
0.000000000000,0.000000000000,0.000000000000
0.000000000000,0.000000000000,0.000000000000
0.000000000000,0.000000000000,0.000000000000
0.000000000000,0.000000000000,0.000000000000
0.000000000000,0.000000000000,0.000000000000
0.000000000000,0.000000000000,0.000000000000
0.000000000000,0.000000000000,0.000000000000
0.000000000000,0.000000000000,0.000000000000
0.000000000000,0.000000000000,0.000000000000
0.000000000000,0.000000000000,0.000000000000
0.000000000000,0.000000000000,0.000000000000
0.000000000000,0.000000000000,0.000000000000
0.000000000000,0.000000000000,0.000000000000
0.000000000000,0.000000000000,0.000000000000
0.000000000000,0.000000000000,0.000000000000
0.000000000000,0.000000000000,0.000000000000
0.000000000000,0.000000000000,0.000000000000
0.000000000000,0.000000000000,0.000000000000
0.000000000000,0.000000000000,0.000000000000
0.000000000000,0.000000000000,0.000000000000
0.000000000000,0.000000000000,0.000000000000
0.000000000000,0.000000000000,0.000000000000
0.000000000000,0.000000000000,0.000000000000
0.000000000000,0.000000000000,0.000000000000
0.000000000000,0.000000000000,0.000000000000
0.000000000000,0.000000000000,0.000000000000
0.000000000000,0.000000000000,0.000000000000
0.000000000000,0.000000000000,0.000000000000
0.000000000000,0.000000000000,0.000000000000
0.000000000000,0.000000000000,0.000000000000
0.000000000000,0.000000000000,0.000000000000
0.000000000000,0.000000000000,0.000000000000
0.000000000000,0.000000000000,0.000000000000
0.000000000000,0.000000000000,0.000000000000
0.000000000000,0.000000000000,0.000000000000
0.000000000000,0.000000000000,0.000000000000
0.000000000000,0.000000000000,0.000000000000
0.000000000000,0.000000000000,0.000000000000
0.000000000000,0.000000000000,0.000000000000
0.000000000000,0.000000000000,0.000000000000
0.000000000000,0.000000000000,0.000000000000
0.000000000000,0.000000000000,0.000000000000
0.000000000000,0.000000000000,0.000000000000
0.000000000000,0.000000000000,0.000000000000
32.027431405617,57.993350784708,45.965919379092
0.000000000000,0.000000000000,0.000000000000
0.000000000000,0.000000000000,0.000000000000
35.036916955845,3.972294643883,48.943258845732
36.042335917298,5.983134280826,49.948679504126
37.042419349987,7.983219453409,50.948681390824
38.042419498252,9.983219669536,51.948681458865
39.042419498548,11.983219670121,52.948681459155
40.042419567479,13.983219885031,53.948681604968
41.042422779648,15.983304617446,54.948762985870
42.047827933867,17.994170906870,55.954223023656
0.000000000000,0.000000000000,0.000000000000
0.000000000000,0.000000000000,0.000000000000
0.000000000000,0.000000000000,0.000000000000
0.000000000000,0.000000000000,0.000000000000
0.000000000000,0.000000000000,0.000000000000
0.000000000000,0.000000000000,0.000000000000
49.033376910181,31.810580013917,2.785444992511
50.038813716702,33.820844139302,3.790275208178
51.038738236153,35.821584860321,4.791088397579
52.038699183296,37.822649319370,5.792189140342
53.041393482169,39.979879535558,6.946370362078
54.040608479724,41.821809665418,7.789453368925
55.038848904445,43.820889644924,8.790285611541
56.038854972780,45.820902766821,9.790292637913
57.039555977960,47.823131837350,10.791817188099
58.047751602855,49.992746968050,11.952878940154
0.000000000000,0.000000000000,0.000000000000
0.000000000000,0.000000000000,0.000000000000
0.000000000000,0.000000000000,0.000000000000
0.000000000000,0.000000000000,0.000000000000
0.000000000000,0.000000000000,0.000000000000
0.000000000000,0.000000000000,0.000000000000
0.000000000000,0.000000000000,0.000000000000
0.000000000000,0.000000000000,0.000000000000
0.000000000000,0.000000000000,0.000000000000
0.000000000000,0.000000000000,0.000000000000
0.000000000000,0.000000000000,0.000000000000
0.000000000000,0.000000000000,0.000000000000
0.000000000000,0.000000000000,0.000000000000
0.000000000000,0.000000000000,0.000000000000
0.000000000000,0.000000000000,0.000000000000
0.000000000000,0.000000000000,0.000000000000
0.000000000000,0.000000000000,0.000000000000
0.000000000000,0.000000000000,0.000000000000
0.000000000000,0.000000000000,0.000000000000
0.000000000000,0.000000000000,0.000000000000
0.000000000000,0.000000000000,0.000000000000
0.000000000000,0.000000000000,0.000000000000
0.000000000000,0.000000000000,0.000000000000
0.000000000000,0.000000000000,0.000000000000
0.000000000000,0.000000000000,0.000000000000
0.000000000000,0.000000000000,0.000000000000
0.000000000000,0.000000000000,0.000000000000
0.000000000000,0.000000000000,0.000000000000
0.000000000000,0.000000000000,0.000000000000
0.000000000000,0.000000000000,0.000000000000
0.000000000000,0.000000000000,0.000000000000
0.000000000000,0.000000000000,0.000000000000
0.000000000000,0.000000000000,0.000000000000
0.000000000000,0.000000000000,0.000000000000
0.000000000000,0.000000000000,0.000000000000
0.000000000000,0.000000000000,0.000000000000
0.000000000000,0.000000000000,0.000000000000
0.000000000000,0.000000000000,0.000000000000
0.000000000000,0.000000000000,0.000000000000
0.000000000000,0.000000000000,0.000000000000
0.000000000000,0.000000000000,0.000000000000
0.000000000000,0.000000000000,0.000000000000
0.000000000000,0.000000000000,0.000000000000
0.000000000000,0.000000000000,0.000000000000
0.000000000000,0.000000000000,0.000000000000
0.000000000000,0.000000000000,0.000000000000
0.000000000000,0.000000000000,0.000000000000
0.000000000000,0.000000000000,0.000000000000
0.000000000000,0.000000000000,0.000000000000
0.000000000000,0.000000000000,0.000000000000
0.000000000000,0.000000000000,0.000000000000
0.000000000000,0.000000000000,0.000000000000
0.000000000000,0.000000000000,0.000000000000
0.000000000000,0.000000000000,0.000000000000
0.000000000000,0.000000000000,0.000000000000
0.000000000000,0.000000000000,0.000000000000
0.000000000000,0.000000000000,0.000000000000
0.000000000000,0.000000000000,0.000000000000
0.000000000000,0.000000000000,0.000000000000
0.000000000000,0.000000000000,0.000000000000
0.000000000000,0.000000000000,0.000000000000
0.000000000000,0.000000000000,0.000000000000
0.000000000000,0.000000000000,0.000000000000
0.000000000000,0.000000000000,0.000000000000
0.000000000000,0.000000000000,0.000000000000
0.000000000000,0.000000000000,0.000000000000
0.000000000000,0.000000000000,0.000000000000
0.000000000000,0.000000000000,0.000000000000
0.000000000000,0.000000000000,0.000000000000
0.000000000000,0.000000000000,0.000000000000
0.000000000000,0.000000000000,0.000000000000
0.000000000000,0.000000000000,0.000000000000
0.000000000000,0.000000000000,0.000000000000
0.000000000000,0.000000000000,0.000000000000
0.000000000000,0.000000000000,0.000000000000
0.000000000000,0.000000000000,0.000000000000
0.000000000000,0.000000000000,0.000000000000
0.000000000000,0.000000000000,0.000000000000
0.000000000000,0.000000000000,0.000000000000
0.000000000000,0.000000000000,0.000000000000
0.000000000000,0.000000000000,0.000000000000
0.000000000000,0.000000000000,0.000000000000
0.000000000000,0.000000000000,0.000000000000
0.000000000000,0.000000000000,0.000000000000
0.000000000000,0.000000000000,0.000000000000
0.000000000000,0.000000000000,0.000000000000
0.000000000000,0.000000000000,0.000000000000
