x,y,z
49.487712361006,50.541348717200,27.380328042240
14.191929366789,23.191285590486,5.335105020135
6.148188317828,21.573622905599,52.271865070459
3.352272305556,17.746656502781,34.938236689596
6.283554501695,15.631110741017,23.645121867287
60.000000000000,0.000000000000,60.000000000000
6.060280486761,4.668680758278,27.183144608525
60.000000000000,0.000000000000,60.000000000000
4.985238905226,57.501277304434,52.299602131557
60.000000000000,0.000000000000,60.000000000000
8.102067985613,26.240571496982,47.557049402512
60.000000000000,0.000000000000,60.000000000000
60.000000000000,60.000000000000,60.000000000000
60.000000000000,60.000000000000,60.000000000000
3.678462967364,15.825485086041,18.772469842636
28.830122619978,17.577382657921,58.940812333623
4.733238287115,8.839104331775,46.676686643500
2.811065995700,33.505484627161,38.734933384350
4.152608769777,41.811143949323,25.648641540579
2.753123578449,37.143522674369,35.937742796248
4.093906576689,38.009615812734,8.344484954339
6.015140213745,48.510580934977,52.369528022382
26.250488662238,16.648422948086,57.686988941423
60.000000000000,0.000000000000,60.000000000000
8.443637999100,34.545243104161,51.992247729657
4.267494315183,38.401189205580,34.973676673654
60.000000000000,0.000000000000,60.000000000000
60.000000000000,0.000000000000,60.000000000000
22.643035124384,32.364078448032,24.778835071355
60.000000000000,60.000000000000,60.000000000000
0.224036857259,46.127085183271,43.400265969086
17.765392000560,7.847376687414,49.902977384045
6.359825569742,4.127795453551,3.215089645022
6.912705062978,34.037583009045,22.409910942709
1.136387806153,6.841393469501,45.445823086643
60.000000000000,60.000000000000,60.000000000000
26.327831181792,23.040931362466,44.350580384516
15.334383354665,12.971907178772,6.287656248823
3.261878131367,11.178437234049,42.892622911324
16.502650282412,49.619208185483,42.628655800679
60.000000000000,0.000000000000,60.000000000000
0.505986797763,29.606044398910,33.138378285713
7.322426860918,5.351189292160,51.507300221027
42.721755388895,36.508506694671,4.166208502282
46.614695976868,23.646301812298,36.375118002804
31.481967522630,60.000000000000,60.000000000000
5.509027437363,27.332000547829,25.628040895170
5.182858020030,37.931329953426,31.814031637039
60.000000000000,0.000000000000,60.000000000000
6.192335731616,34.291685164611,39.898390535666
4.239825903975,37.731261312196,51.144044149329
5.243582409693,39.637368734648,26.290898212357
6.850515943972,9.563597453081,51.779212954906
60.000000000000,60.000000000000,60.000000000000
60.000000000000,0.000000000000,60.000000000000
60.000000000000,0.000000000000,60.000000000000
60.000000000000,60.000000000000,60.000000000000
5.415532497344,33.081043553972,30.230376422403
0.383724967407,20.173206080111,25.544444814889
28.317512271467,57.044451370805,45.272102307519
27.155337625254,25.901898793218,55.610330024568
60.000000000000,60.000000000000,60.000000000000
2.791005000019,22.179344864210,0.959306036108
47.610714061449,42.204069763982,42.648318527415
60.000000000000,60.000000000000,60.000000000000
9.766617050594,60.000000000000,3.576558926820
1.726346082615,18.459927962917,12.600279892954
60.000000000000,0.000000000000,60.000000000000
0.303857822197,49.748562134849,11.417431871614
60.000000000000,60.000000000000,60.000000000000
5.482588840303,14.221671163911,6.901832777175
60.000000000000,60.000000000000,60.000000000000
3.275197131395,33.354590413801,4.709702168265
60.000000000000,32.784485284917,35.939432504442
60.000000000000,49.330510212542,33.593691792081
36.366489472992,58.635128033127,15.250799919241
60.000000000000,60.000000000000,60.000000000000
60.000000000000,60.000000000000,60.000000000000
60.000000000000,0.000000000000,60.000000000000
60.000000000000,0.000000000000,60.000000000000
6.117233392735,10.784513910731,51.262451459103
60.000000000000,0.000000000000,60.000000000000
60.000000000000,60.000000000000,60.000000000000
0.598202506538,32.449198928121,24.338195534981
53.135218733551,28.116848494372,3.230440186682
0.828978268369,60.000000000000,35.826712279625
60.000000000000,60.000000000000,60.000000000000
8.833668682136,30.926632050491,37.507203436315
21.447854587185,37.652516985916,12.626387012760
60.000000000000,60.000000000000,0.000000000000
6.268205681936,25.515196000457,19.383199288658
15.923687973456,34.884577660267,31.189924366661
1.379278315082,41.409657025371,45.242440110896
60.000000000000,56.334758338366,60.000000000000
27.574471689634,13.224052029009,28.263007670381
60.000000000000,60.000000000000,60.000000000000
6.676485659964,25.885060138528,45.274474737087
47.006339563676,15.067498551430,39.602905248002
60.000000000000,60.000000000000,60.000000000000
7.675367767686,19.684613184440,23.821020222627
5.425447516952,45.928988727623,40.464494666040
60.000000000000,60.000000000000,60.000000000000
60.000000000000,60.000000000000,60.000000000000
60.000000000000,60.000000000000,60.000000000000
1.251223963909,60.000000000000,29.100322777296
60.000000000000,60.000000000000,60.000000000000
60.000000000000,60.000000000000,60.000000000000
60.000000000000,60.000000000000,60.000000000000
60.000000000000,0.000000000000,60.000000000000
60.000000000000,60.000000000000,60.000000000000
60.000000000000,60.000000000000,60.000000000000
60.000000000000,60.000000000000,60.000000000000
13.059926342416,53.501020249021,45.905509742427
60.000000000000,60.000000000000,60.000000000000
3.441881020452,42.299471766060,46.950634640286
60.000000000000,60.000000000000,60.000000000000
2.340820337804,0.944560276906,30.184094456604
60.000000000000,60.000000000000,60.000000000000
30.817381736999,11.301372702537,49.695239823216
60.000000000000,60.000000000000,60.000000000000
60.000000000000,17.824711391184,60.000000000000
60.000000000000,60.000000000000,60.000000000000
3.186096576956,2.745291302927,49.417495510306
0.768923925411,30.022784842707,29.268603927282
7.695392228352,56.892836693761,0.210344750100
22.579177643608,16.303824367267,36.490335318760
60.000000000000,60.000000000000,60.000000000000
60.000000000000,60.000000000000,60.000000000000
53.360856775445,21.582672115940,39.851067221465
60.000000000000,60.000000000000,60.000000000000
19.040340275596,33.794962553912,51.104513270786
60.000000000000,60.000000000000,60.000000000000
60.000000000000,60.000000000000,60.000000000000
60.000000000000,60.000000000000,60.000000000000
0.790712669339,8.689985798466,25.999118381339
60.000000000000,60.000000000000,60.000000000000
2.746853914789,35.844905079981,10.366282041855
60.000000000000,60.000000000000,60.000000000000
22.782330006386,32.228988385083,33.331055235092
60.000000000000,60.000000000000,60.000000000000
4.299041025480,4.814480270126,17.615881934236
28.378681828858,55.447510675740,2.740552531361
60.000000000000,60.000000000000,60.000000000000
2.796844820343,60.000000000000,60.000000000000
60.000000000000,60.000000000000,60.000000000000
60.000000000000,0.000000000000,60.000000000000
8.902612058236,28.618845760373,40.442300339878
60.000000000000,60.000000000000,60.000000000000
5.757930178280,5.206794542863,47.989361837983
0.076103620248,27.350880885433,25.503579391573
6.234636773896,35.494126064736,3.432304109463
60.000000000000,60.000000000000,60.000000000000
60.000000000000,6.182872745943,17.514551585896
1.517780898138,16.572357362515,39.013106525171
60.000000000000,60.000000000000,60.000000000000
60.000000000000,60.000000000000,60.000000000000
60.000000000000,60.000000000000,60.000000000000
60.000000000000,60.000000000000,60.000000000000
60.000000000000,60.000000000000,60.000000000000
3.501885673684,19.501832062865,30.567720136179
34.956000503907,13.281299680692,5.008214319210
60.000000000000,50.931859463068,10.327411743493
60.000000000000,60.000000000000,60.000000000000
60.000000000000,60.000000000000,60.000000000000
60.000000000000,60.000000000000,60.000000000000
2.626317408037,28.615558317047,35.281663429576
6.571924166831,39.100385899848,10.576765310140
60.000000000000,60.000000000000,60.000000000000
4.005371128380,49.645335731395,19.912497749393
60.000000000000,60.000000000000,60.000000000000
60.000000000000,60.000000000000,60.000000000000
60.000000000000,60.000000000000,60.000000000000
5.503237517341,53.926140096326,17.741544525188
60.000000000000,60.000000000000,60.000000000000
60.000000000000,60.000000000000,60.000000000000
60.000000000000,60.000000000000,60.000000000000
60.000000000000,60.000000000000,60.000000000000
43.636836799702,25.871918391308,6.845034572517
6.182906046718,20.831399181209,39.735752857964
60.000000000000,60.000000000000,60.000000000000
9.664266682894,18.815124377856,26.860495700971
43.965739740928,24.021962711303,34.952185296806
0.763986879875,33.493259411096,13.147601133064
60.000000000000,60.000000000000,60.000000000000
54.264120532312,44.268046185426,60.000000000000
60.000000000000,60.000000000000,60.000000000000
60.000000000000,60.000000000000,60.000000000000
60.000000000000,60.000000000000,60.000000000000
7.117854792620,14.563085120904,49.715130774749
60.000000000000,60.000000000000,60.000000000000
60.000000000000,60.000000000000,60.000000000000
60.000000000000,60.000000000000,60.000000000000
8.479070102785,1.141822936149,51.691775626148
60.000000000000,60.000000000000,60.000000000000
60.000000000000,51.992976795700,29.711474756602
41.474249055999,10.440884649915,22.284992328664
60.000000000000,57.425996571349,36.706148396922
6.776150289454,42.361798485948,17.651311053052
60.000000000000,60.000000000000,60.000000000000
60.000000000000,60.000000000000,60.000000000000
60.000000000000,60.000000000000,60.000000000000
7.345115406135,47.171683859506,42.535578901595
1.799212352640,13.852943750273,51.060278036978
60.000000000000,60.000000000000,60.000000000000
60.000000000000,60.000000000000,60.000000000000
60.000000000000,60.000000000000,60.000000000000
60.000000000000,13.040790223965,19.379255365814
60.000000000000,60.000000000000,60.000000000000
3.951497170574,30.019303971727,15.092241766028
21.334904169288,40.859918327731,17.376816990979
32.565695518735,57.355146092410,4.891522745731
60.000000000000,60.000000000000,60.000000000000
60.000000000000,60.000000000000,60.000000000000
60.000000000000,60.000000000000,60.000000000000
6.062920902184,28.949672157632,43.116220572823
46.130062527760,60.000000000000,3.195201238972
7.961304295031,4.732895460567,10.106426276023
60.000000000000,60.000000000000,60.000000000000
3.832735035676,51.245375098291,21.670384931434
60.000000000000,60.000000000000,60.000000000000
60.000000000000,60.000000000000,60.000000000000
60.000000000000,60.000000000000,60.000000000000
4.668945957718,23.031234879734,54.871940756650
60.000000000000,60.000000000000,60.000000000000
8.053203373200,45.700825690151,10.201285024858
60.000000000000,60.000000000000,60.000000000000
8.499462569325,42.937236729962,34.727307156489
26.863620616512,28.200115164524,43.376367146014
6.278300543755,55.830738054600,0.203553948760
49.262709587098,58.734361905015,4.658613204264
9.442401142761,13.116472408682,51.129001411176
60.000000000000,60.000000000000,60.000000000000
60.000000000000,60.000000000000,60.000000000000
7.261943853787,36.165642007928,27.502680288195
2.071202454177,2.150324860122,19.486404291715
60.000000000000,60.000000000000,60.000000000000
60.000000000000,36.375048998549,60.000000000000
2.136809597995,33.256635808397,27.178283176632
1.029433564955,12.642557456320,18.616256961084
5.383182389829,25.635521193650,39.463037469226
60.000000000000,60.000000000000,60.000000000000
60.000000000000,0.000000000000,60.000000000000
38.527213958316,34.828746171488,16.339560089132
60.000000000000,60.000000000000,60.000000000000
4.423748622490,28.046084471995,18.775222438524
60.000000000000,60.000000000000,60.000000000000
60.000000000000,60.000000000000,60.000000000000
60.000000000000,60.000000000000,60.000000000000
45.069426635737,31.719377042207,21.933271578866
60.000000000000,60.000000000000,60.000000000000
3.126909289964,43.640981762917,32.767841918922
60.000000000000,60.000000000000,60.000000000000
60.000000000000,60.000000000000,60.000000000000
41.127960643127,11.152421167690,1.325202242182
2.574054266346,0.960033602821,25.209867323526
60.000000000000,60.000000000000,60.000000000000
0.923800791907,7.473626159118,32.867127241817
60.000000000000,60.000000000000,60.000000000000
60.000000000000,44.839441993984,43.801230970588
60.000000000000,60.000000000000,60.000000000000
4.601434471126,46.525387837888,2.195969312674
60.000000000000,0.000000000000,60.000000000000
60.000000000000,35.616016113248,60.000000000000
60.000000000000,60.000000000000,60.000000000000
14.863556225037,3.250426655674,38.423933296393
59.051476360093,16.205771679435,30.197928518501
40.011516142061,19.387935814378,60.000000000000
60.000000000000,60.000000000000,60.000000000000
60.000000000000,60.000000000000,60.000000000000
8.349563011988,36.412401227437,24.046292328950
5.882698735821,19.529558902596,9.957923971495
60.000000000000,60.000000000000,60.000000000000
43.509236442179,2.131393767260,55.239606524759
60.000000000000,0.000000000000,60.000000000000
60.000000000000,60.000000000000,60.000000000000
60.000000000000,60.000000000000,60.000000000000
4.726309663995,31.935000532857,24.421175817996
60.000000000000,60.000000000000,60.000000000000
60.000000000000,60.000000000000,60.000000000000
60.000000000000,60.000000000000,60.000000000000
6.361157866902,7.292565533350,17.920796741092
60.000000000000,60.000000000000,60.000000000000
60.000000000000,60.000000000000,60.000000000000
60.000000000000,7.002035784008,40.575564427661
12.209458826025,60.000000000000,60.000000000000
34.911899393345,28.720301883139,55.651449625348
60.000000000000,60.000000000000,60.000000000000
60.000000000000,60.000000000000,0.000000000000
5.655674304545,28.537407492934,46.060331105021
60.000000000000,60.000000000000,60.000000000000
60.000000000000,60.000000000000,60.000000000000
60.000000000000,60.000000000000,60.000000000000
60.000000000000,2.455414806111,60.000000000000
60.000000000000,60.000000000000,60.000000000000
19.156020865547,38.938739361587,18.623171859831
60.000000000000,60.000000000000,60.000000000000
5.946427222536,26.905238529817,15.250881631046
1.502211050458,26.194351689365,34.478667410879
60.000000000000,0.000000000000,51.348099561388
60.000000000000,60.000000000000,60.000000000000
57.950513987305,45.465233103061,23.809295330175
6.250936718824,58.782437487087,35.944620187863
13.596975047193,3.083651491087,52.454539939150
33.516184486455,3.692655866620,60.000000000000
60.000000000000,60.000000000000,60.000000000000
60.000000000000,0.000000000000,60.000000000000
10.417826696907,45.784253277598,47.017780887036
60.000000000000,0.000000000000,60.000000000000
15.643953474240,34.811509376330,2.587829645696
10.076893178980,33.214577694080,27.337681130169
14.890886911845,7.755322445811,24.428416473896
10.056564999053,29.199684430655,38.586869148745
5.882747768958,22.357846617761,3.007632873574
60.000000000000,0.000000000000,60.000000000000
9.865780602205,45.987465843298,50.741273879916
1.284357638984,14.952849737392,38.822590163123
16.893420116859,21.852658113636,49.917712858483
3.487551196433,48.678715900198,5.419145550864
10.360702706942,17.991732606441,42.067745011095
11.964641377852,35.854591375793,19.729348046670
10.206902953998,43.027410176945,49.658201527208
60.000000000000,0.000000000000,60.000000000000
51.346128675820,48.593788252814,37.746916741999
12.048659087924,31.998218858999,22.528585102323
34.801767244500,59.602707276962,24.195852571722
10.175777356645,31.930278435297,30.239912553840
9.024373862629,12.173448557673,15.072959650069
9.185695184672,34.983361658710,39.590868620950
12.995489603011,13.095557379003,7.021740861438
60.000000000000,60.000000000000,60.000000000000
16.455022022314,25.028729950902,12.319077862469
16.548785984329,34.650341453158,35.091961079132
35.936818341899,26.864739339046,18.223559375950
16.753106259883,41.444392944631,28.457964719062
9.008642154000,5.701454765590,58.874149804310
60.000000000000,60.000000000000,60.000000000000
11.856792198407,26.786434209262,5.848451637877
34.013127641837,41.265467310211,34.151537614178
12.255637984558,26.294151748077,2.474167679142
13.080783124557,29.773956100457,40.017538819558
60.000000000000,0.000000000000,60.000000000000
8.580685529690,32.387522468392,21.821781734701
60.000000000000,0.000000000000,60.000000000000
2.738321829207,5.753701825791,6.769436441350
60.000000000000,60.000000000000,60.000000000000
60.000000000000,0.000000000000,60.000000000000
23.242901246007,58.131531762749,18.440073522922
32.154636322497,13.154809645527,10.760482248273
60.000000000000,0.000000000000,60.000000000000
35.575848059059,36.700775647314,17.820775993805
60.000000000000,60.000000000000,19.234644346007
6.352419126034,19.509205556703,27.935525639035
28.232509528117,43.041627993697,6.062199961047
0.233343158947,10.722500999413,20.915182137919
60.000000000000,0.000000000000,60.000000000000
22.303748429983,46.043793001620,56.745853935754
14.568030676936,6.590742581182,3.498193258053
42.334564882710,36.041051211437,56.120338708865
15.931409210926,6.914233031557,8.237049638708
60.000000000000,60.000000000000,60.000000000000
13.497582169146,4.868975233952,19.393772072651
60.000000000000,0.000000000000,60.000000000000
60.000000000000,60.000000000000,0.000000000000
60.000000000000,0.000000000000,60.000000000000
60.000000000000,60.000000000000,60.000000000000
60.000000000000,0.000000000000,60.000000000000
10.078054819833,18.104488610172,53.597515311695
60.000000000000,0.000000000000,60.000000000000
7.539407254221,40.807757467522,53.837009381279
10.055424192278,19.291021648424,26.838935264561
14.713671938266,50.251120644889,35.330794533565
60.000000000000,0.000000000000,60.000000000000
16.756310053403,5.286667108257,14.185449577599
60.000000000000,0.000000000000,60.000000000000
10.186141593015,29.802074502664,17.817411298535
60.000000000000,0.000000000000,60.000000000000
52.343788535457,55.755726186701,23.659237435135
60.000000000000,60.000000000000,39.031113397531
60.000000000000,0.000000000000,60.000000000000
60.000000000000,0.000000000000,60.000000000000
16.042414561941,43.991858847210,51.823370089482
60.000000000000,0.000000000000,60.000000000000
60.000000000000,60.000000000000,60.000000000000
17.248820355179,29.117443577869,29.637570749709
51.941435177763,39.981863841324,54.677738433600
23.649681903110,42.618559631253,49.462696684247
60.000000000000,60.000000000000,60.000000000000
13.331063106986,26.462216028986,22.326103598457
33.265348093726,60.000000000000,17.766197284678
17.866564462369,24.534520139751,55.529494284153
45.290544811113,3.346360646331,33.179716422624
37.081608654989,44.880388168811,35.530950959945
60.000000000000,43.926631323161,60.000000000000
60.000000000000,60.000000000000,60.000000000000
11.827988072958,30.592071587484,41.764753562827
60.000000000000,0.000000000000,60.000000000000
15.299835034402,36.987344181959,15.097189896463
25.596648353057,8.482782136189,51.179434566969
60.000000000000,0.000000000000,60.000000000000
15.512134930737,36.089832998667,21.814086043843
52.587061343943,7.706544025369,59.477555190064
60.000000000000,60.000000000000,60.000000000000
60.000000000000,0.000000000000,60.000000000000
60.000000000000,0.000000000000,60.000000000000
60.000000000000,60.000000000000,60.000000000000
60.000000000000,0.000000000000,60.000000000000
60.000000000000,60.000000000000,60.000000000000
60.000000000000,0.000000000000,60.000000000000
17.255719783942,60.000000000000,18.344376244115
60.000000000000,60.000000000000,0.000000000000
1.140596650232,49.199789746162,54.129652114984
60.000000000000,0.000000000000,60.000000000000
10.657921632203,2.545969935387,9.775059032114
60.000000000000,1.485877841559,47.936051353010
60.000000000000,60.000000000000,60.000000000000
60.000000000000,57.838449043046,12.195397519580
60.000000000000,60.000000000000,60.000000000000
60.000000000000,0.000000000000,60.000000000000
60.000000000000,60.000000000000,60.000000000000
60.000000000000,0.000000000000,60.000000000000
11.503381817270,33.171768531575,48.618244032332
60.000000000000,0.000000000000,60.000000000000
15.919665960598,2.447901691025,54.525317180229
60.000000000000,60.000000000000,60.000000000000
4.080446366281,36.807712748044,28.252595256697
12.133682548369,9.185854429679,35.052245498630
9.881346494332,20.156888446713,55.984196513059
60.000000000000,0.000000000000,60.000000000000
32.697612913167,46.359424282100,21.613711250549
60.000000000000,60.000000000000,60.000000000000
60.000000000000,60.000000000000,57.801171341137
60.000000000000,60.000000000000,60.000000000000
60.000000000000,0.000000000000,60.000000000000
60.000000000000,0.000000000000,60.000000000000
12.175288856636,21.899482653075,43.146330467385
60.000000000000,60.000000000000,60.000000000000
16.360863525365,54.315687145608,8.176867400871
60.000000000000,0.000000000000,60.000000000000
11.858639325081,10.831071517217,51.196241530800
60.000000000000,0.000000000000,60.000000000000
24.845386861393,23.964176974418,35.570474452333
18.023189747825,12.899175697705,18.947676931510
60.000000000000,0.000000000000,60.000000000000
11.888543628216,27.602191941326,24.365507997876
60.000000000000,60.000000000000,60.000000000000
57.086385256449,60.000000000000,33.092813815543
8.991614412732,28.608931433027,44.511545720364
60.000000000000,0.000000000000,60.000000000000
2.408652769253,59.269563144365,17.157633373012
60.000000000000,60.000000000000,60.000000000000
9.400911887869,8.949729431700,36.868280531244
60.000000000000,0.000000000000,60.000000000000
60.000000000000,60.000000000000,60.000000000000
24.342346127993,28.274340450780,1.406054648515
60.000000000000,0.000000000000,60.000000000000
60.000000000000,0.000000000000,60.000000000000
12.905636742078,60.000000000000,36.276515478482
60.000000000000,0.000000000000,60.000000000000
60.000000000000,60.000000000000,60.000000000000
30.003783489329,9.157677555316,28.044638141265
10.327421643085,53.283031851455,29.034501190517
11.767675321459,27.543138551517,34.512956722903
60.000000000000,60.000000000000,60.000000000000
60.000000000000,0.000000000000,60.000000000000
59.093279453620,21.899376168592,0.438664770105
60.000000000000,60.000000000000,60.000000000000
43.887418446727,15.287041630144,26.265467448533
60.000000000000,0.000000000000,60.000000000000
14.453620602812,55.749657151501,51.378773478403
60.000000000000,0.000000000000,60.000000000000
60.000000000000,0.000000000000,60.000000000000
60.000000000000,0.000000000000,60.000000000000
12.342785709940,53.428586598173,31.656335048640
60.000000000000,60.000000000000,60.000000000000
0.000000000000,0.000000000000,60.000000000000
60.000000000000,0.000000000000,60.000000000000
60.000000000000,60.000000000000,60.000000000000
11.796702837533,35.764110140765,27.228497501138
21.146068161514,29.937783392143,30.760828729461
11.885188660179,43.165879891877,33.960513205393
16.274599506384,14.550814007330,13.103814575676
60.000000000000,60.000000000000,60.000000000000
16.831234616858,31.601384296475,1.589688623770
60.000000000000,0.000000000000,60.000000000000
12.177871064604,16.067324071187,30.792595182420
60.000000000000,0.000000000000,60.000000000000
60.000000000000,0.000000000000,60.000000000000
60.000000000000,60.000000000000,60.000000000000
12.095400079165,43.640343184002,40.145177825189
60.000000000000,21.454177612665,13.435075719371
60.000000000000,0.000000000000,60.000000000000
60.000000000000,0.000000000000,60.000000000000
8.788692740944,56.937505422886,42.377965740337
60.000000000000,0.000000000000,60.000000000000
13.153630739368,14.360253348885,36.917607030701
14.040195621593,33.604604168743,30.672789265433
9.267914110758,56.700832440054,13.121966157253
4.950315830252,32.267991132710,30.968683176692
60.000000000000,0.000000000000,60.000000000000
60.000000000000,60.000000000000,0.000000000000
60.000000000000,0.000000000000,60.000000000000
23.012729003044,28.826075906004,6.402748709562
13.126177028511,34.549812280674,39.499440427064
60.000000000000,0.000000000000,60.000000000000
60.000000000000,0.000000000000,60.000000000000
60.000000000000,0.000000000000,60.000000000000
2.653912280991,26.825731099573,25.037894588873
60.000000000000,0.000000000000,60.000000000000
54.457455039067,13.957728237885,17.846730223899
25.938715632243,2.880231680452,60.000000000000
13.878618196831,37.417831802598,29.746047422837
0.000000000000,0.000000000000,60.000000000000
60.000000000000,0.000000000000,60.000000000000
60.000000000000,60.000000000000,60.000000000000
28.901966696943,43.635038788701,27.762223761594
60.000000000000,60.000000000000,60.000000000000
11.540205413364,34.323055976913,11.205464186577
60.000000000000,0.000000000000,60.000000000000
13.937441830963,20.377656182156,0.821741839736
60.000000000000,0.000000000000,60.000000000000
60.000000000000,0.000000000000,60.000000000000
60.000000000000,60.000000000000,60.000000000000
11.939980144851,50.935303242341,3.762689185680
60.000000000000,0.000000000000,60.000000000000
15.551834485465,29.561761609916,7.052838378037
60.000000000000,0.000000000000,60.000000000000
8.899305533284,43.285860632584,28.287836278579
35.572751212429,58.954129788438,18.527791942683
14.859902701434,19.573681626067,49.856237427504
24.068550474684,34.337399115226,14.198545045419
11.495368781909,37.251651810052,38.023013498161
60.000000000000,28.601616265920,36.556692142161
60.000000000000,0.000000000000,60.000000000000
12.031659334498,28.465693517196,19.206641544348
11.249599663303,44.057862983730,29.913920779085
60.000000000000,0.000000000000,60.000000000000
60.000000000000,60.000000000000,26.225047106992
60.000000000000,60.000000000000,60.000000000000
60.000000000000,60.000000000000,60.000000000000
15.009839598198,24.071051107128,39.861847136997
60.000000000000,0.000000000000,60.000000000000
60.000000000000,60.000000000000,60.000000000000
45.643191080234,11.981323664414,57.405167443051
60.000000000000,60.000000000000,60.000000000000
6.584325459140,8.127733557508,50.657849905367
60.000000000000,0.000000000000,60.000000000000
60.000000000000,0.000000000000,60.000000000000
60.000000000000,0.000000000000,60.000000000000
60.000000000000,60.000000000000,60.000000000000
60.000000000000,25.627265567471,47.476205061862
12.258590760440,25.686664695050,3.072530545558
60.000000000000,0.000000000000,60.000000000000
60.000000000000,0.000000000000,60.000000000000
60.000000000000,60.000000000000,60.000000000000
9.719093773189,50.106144194798,37.291501673428
60.000000000000,0.000000000000,60.000000000000
29.217298776965,52.843611214160,21.553637303399
0.000000000000,0.000000000000,60.000000000000
32.680429902666,51.098339287110,55.102892668528
60.000000000000,60.000000000000,60.000000000000
8.974814147314,47.949449769079,16.703420757162
60.000000000000,60.000000000000,60.000000000000
60.000000000000,37.689759464210,60.000000000000
60.000000000000,0.000000000000,60.000000000000
13.727348153560,47.826384964516,32.200327295837
58.380935357556,13.873233637970,40.111974356246
38.045252237019,36.993816299468,34.067027245564
60.000000000000,0.000000000000,60.000000000000
60.000000000000,60.000000000000,60.000000000000
17.107288719069,40.910263599673,32.932976932648
16.390473736052,47.376604891595,32.030005286611
60.000000000000,0.000000000000,60.000000000000
60.000000000000,60.000000000000,60.000000000000
60.000000000000,60.000000000000,60.000000000000
60.000000000000,0.000000000000,60.000000000000
60.000000000000,0.000000000000,60.000000000000
11.909350609540,30.127847922480,25.047377163673
60.000000000000,0.000000000000,60.000000000000
60.000000000000,0.000000000000,60.000000000000
60.000000000000,60.000000000000,60.000000000000
4.413884539377,45.391136341779,45.876733052390
60.000000000000,0.000000000000,60.000000000000
60.000000000000,60.000000000000,60.000000000000
54.493417384182,60.000000000000,60.000000000000
60.000000000000,0.000000000000,60.000000000000
18.097519195136,37.652681288682,23.623532457709
60.000000000000,0.000000000000,60.000000000000
37.054864658974,47.923247533773,36.505123276931
13.250732648879,13.806287510935,23.186899918591
60.000000000000,0.000000000000,60.000000000000
60.000000000000,60.000000000000,60.000000000000
60.000000000000,0.000000000000,60.000000000000
11.651010334309,60.000000000000,43.435797561814
60.000000000000,0.000000000000,0.000000000000
3.429215977882,30.587066788483,57.448277526143
60.000000000000,0.000000000000,60.000000000000
16.440039467590,39.350284711693,46.184718136782
45.344162043549,4.870456345646,45.738654982268
60.000000000000,60.000000000000,60.000000000000
60.000000000000,0.000000000000,60.000000000000
17.261317415669,5.855797576454,5.357063075797
60.000000000000,60.000000000000,60.000000000000
20.706509942829,40.491010286706,48.892771798463
35.051549790358,6.943471891311,60.000000000000
25.867100311730,11.968582535866,21.437046943217
60.000000000000,60.000000000000,60.000000000000
57.585075141163,51.350853216059,36.857362677315
60.000000000000,45.256894846739,6.722714653062
50.341744670424,30.837593329625,54.905052154325
60.000000000000,60.000000000000,60.000000000000
13.472127231091,60.000000000000,31.022863986679
19.150171467844,36.886272486735,38.372215658010
12.603956286549,45.240212685020,30.200499893591
23.251031579596,30.476068894367,10.870293289140
24.716356495461,15.748239614043,22.593679276838
23.148611053798,24.415913262340,27.229552555402
17.601820671312,30.949238459200,55.172037120345
24.003282682102,23.532744095557,18.359101819780
41.026441158117,0.224898286426,21.477991824299
60.000000000000,60.000000000000,60.000000000000
60.000000000000,60.000000000000,60.000000000000
60.000000000000,16.138214642728,53.617301378846
19.776411081795,11.358673873967,28.313213229723
0.000000000000,60.000000000000,60.000000000000
20.865281531461,35.224461311721,8.794324690307
19.814883826168,24.139201629470,26.903353086556
60.000000000000,26.581556316685,60.000000000000
17.147419265154,32.996358127352,30.220382888005
22.171311230477,25.135735502539,45.327558388071
60.000000000000,60.000000000000,60.000000000000
32.499151309579,60.000000000000,41.381264459793
20.691444619687,34.937736267862,20.274050260792
18.284803115119,54.908614167702,47.616624902709
3.452743504695,31.622386752924,50.254942200016
23.789149596634,6.992900788374,16.747748627951
60.000000000000,60.000000000000,60.000000000000
22.213708413374,43.833748454402,21.617115264178
60.000000000000,60.000000000000,60.000000000000
60.000000000000,60.000000000000,60.000000000000
59.650933105181,8.143199600728,34.146095168186
22.728086414104,46.591759164347,29.604871992678
60.000000000000,60.000000000000,60.000000000000
60.000000000000,60.000000000000,60.000000000000
13.990924330547,41.027334505170,28.081791805189
40.531659532920,51.600406782019,34.103708485446
0.000000000000,60.000000000000,60.000000000000
60.000000000000,60.000000000000,60.000000000000
22.512873700799,29.239306221159,35.498110336309
14.198057428695,52.666269537534,36.172932960324
18.620095743293,34.175012658532,36.523954064256
16.931724707057,30.566707646471,37.136918906912
60.000000000000,60.000000000000,60.000000000000
19.700338702964,50.425634581919,31.852465007689
25.582421693275,3.275674534273,24.366879745959
32.537495483986,37.493273258302,31.010877662975
3.850757494643,22.792965488431,30.975435652353
19.790637147562,51.342112735029,19.986556347256
60.000000000000,60.000000000000,60.000000000000
60.000000000000,60.000000000000,60.000000000000
19.314642816651,0.014690079850,22.696913127114
22.350562764822,55.750623683967,54.106537976004
60.000000000000,60.000000000000,60.000000000000
60.000000000000,60.000000000000,60.000000000000
60.000000000000,60.000000000000,60.000000000000
22.987942677823,14.062610143629,49.737020853716
60.000000000000,60.000000000000,60.000000000000
60.000000000000,60.000000000000,60.000000000000
60.000000000000,60.000000000000,60.000000000000
60.000000000000,41.370845717477,39.082583991158
20.967137273444,35.953285004909,35.021176945253
60.000000000000,60.000000000000,60.000000000000
60.000000000000,60.000000000000,60.000000000000
0.000000000000,60.000000000000,60.000000000000
60.000000000000,60.000000000000,60.000000000000
60.000000000000,60.000000000000,60.000000000000
60.000000000000,60.000000000000,60.000000000000
51.318592024542,15.589196880285,50.535049111463
17.522485141014,7.286191284358,20.466292447088
60.000000000000,60.000000000000,60.000000000000
60.000000000000,60.000000000000,60.000000000000
22.002235208141,10.955800135453,57.691307251771
60.000000000000,60.000000000000,60.000000000000
17.521985015336,15.204885201652,6.969038934499
24.317228866439,26.377185987449,37.328351438473
21.956465107235,49.039274643437,49.545064636453
56.808046489608,8.685259439226,32.261318920966
22.592253325441,48.154493742204,15.192677101035
21.378688327681,40.643749629935,27.237322290737
23.676926796392,15.965326348276,16.264155852430
60.000000000000,60.000000000000,60.000000000000
60.000000000000,60.000000000000,60.000000000000
11.719187917410,32.261467442907,27.668205289959
18.456135875933,51.952282548581,60.000000000000
60.000000000000,0.000000000000,60.000000000000
60.000000000000,5.525503312843,21.207032069843
60.000000000000,60.000000000000,60.000000000000
60.000000000000,60.000000000000,60.000000000000
37.606818706345,18.778369045956,3.281957311474
60.000000000000,0.000000000000,60.000000000000
17.805177125179,23.734275182188,5.156147854893
19.238091286498,46.466837821021,56.900504816833
50.628002283608,57.734563635767,37.811090441363
17.598877662867,7.003157349099,3.512088104369
15.490729253092,32.885612018804,60.000000000000
17.803968106569,60.000000000000,38.019730776433
60.000000000000,0.000000000000,60.000000000000
25.162770383176,39.460549721538,52.929090954399
0.000000000000,0.000000000000,60.000000000000
20.648352879866,12.328055293402,8.282655628539
24.789470735904,58.628623754362,15.967739728427
18.531447170473,25.889913154846,28.281221584596
60.000000000000,0.000000000000,60.000000000000
23.714291175586,15.568003213935,54.702062790140
39.404176567426,15.024700619452,23.682044639637
20.593398048160,15.858293968561,57.922308747314
60.000000000000,60.000000000000,60.000000000000
60.000000000000,0.000000000000,60.000000000000
60.000000000000,0.000000000000,60.000000000000
49.480004747490,48.529655592228,38.721388352624
0.000000000000,0.000000000000,60.000000000000
20.139422143497,31.798926624302,19.950113032822
60.000000000000,0.000000000000,60.000000000000
23.932907590669,1.946417492043,0.018336291904
15.721212852913,60.000000000000,19.849844000587
60.000000000000,60.000000000000,60.000000000000
12.011813974730,29.397106554237,35.218813190214
21.934869234765,35.692279705739,51.389560990030
60.000000000000,60.000000000000,60.000000000000
30.959404552002,18.717021776634,40.703454013457
60.000000000000,0.000000000000,60.000000000000
6.172434318674,14.736273691588,50.542552044941
14.616363112482,55.459807180937,14.460154197804
60.000000000000,60.000000000000,60.000000000000
60.000000000000,0.000000000000,60.000000000000
28.415466799529,38.117029790161,4.066355518112
14.537984688353,12.667545576161,29.432959841538
3.327990662569,30.950247689217,2.620752678734
60.000000000000,0.000000000000,60.000000000000
21.699559989724,9.910065139322,13.289785698362
60.000000000000,0.000000000000,60.000000000000
19.059434367722,53.583440717662,19.545735732377
15.148330043443,32.583808244176,34.322849626185
34.753253403975,60.000000000000,5.313452501728
9.134123403957,12.482229897750,31.959393733253
26.932971462584,4.348230714327,4.622311985585
18.318357177223,20.811415845027,32.258695326091
3.905054874626,36.696248435420,58.073752992957
60.000000000000,60.000000000000,60.000000000000
21.535415713942,33.483647061092,37.141908126825
60.000000000000,0.000000000000,60.000000000000
21.633166742665,38.733982222934,13.315997156752
27.682379116594,60.000000000000,38.714620587758
60.000000000000,0.804337342074,14.443335038512
17.298056992201,39.274785115572,25.710320918361
20.729947755226,60.000000000000,49.903283720340
0.000000000000,0.000000000000,60.000000000000
60.000000000000,60.000000000000,60.000000000000
60.000000000000,60.000000000000,60.000000000000
35.314244388708,27.073755459324,11.941144897196
0.017228913560,50.531231561062,8.621708392236
24.792566450784,4.450190912192,56.089366805680
60.000000000000,60.000000000000,60.000000000000
60.000000000000,60.000000000000,60.000000000000
60.000000000000,60.000000000000,60.000000000000
36.918612055109,22.105316278243,2.720915956969
60.000000000000,0.000000000000,60.000000000000
35.673601723204,5.607230955120,5.325437484875
60.000000000000,60.000000000000,60.000000000000
28.873640427202,17.977516555594,25.616592155188
60.000000000000,60.000000000000,60.000000000000
41.213591777375,60.000000000000,58.435868801884
60.000000000000,0.000000000000,60.000000000000
23.193792010554,6.943994798900,50.629298284601
60.000000000000,17.083978305969,60.000000000000
26.845527515276,60.000000000000,21.916122691605
60.000000000000,60.000000000000,60.000000000000
18.277388349027,17.131084675336,29.510859948546
23.843782275252,20.240920220339,24.070351232658
60.000000000000,51.319935926203,12.569271602444
60.000000000000,60.000000000000,60.000000000000
21.134220571306,54.540993874081,59.910065511066
60.000000000000,60.000000000000,60.000000000000
23.848336371351,36.014466574743,47.171567319840
60.000000000000,0.000000000000,60.000000000000
2.216924867242,11.050370151101,8.966009196382
60.000000000000,0.000000000000,60.000000000000
60.000000000000,60.000000000000,60.000000000000
60.000000000000,0.000000000000,60.000000000000
12.146165303751,22.656100499946,28.856183638891
60.000000000000,60.000000000000,60.000000000000
60.000000000000,60.000000000000,60.000000000000
60.000000000000,0.000000000000,60.000000000000
21.252357475752,60.000000000000,21.818490636557
20.426344880612,0.000000000000,33.736234986990
19.378759673793,57.219008494097,58.402526902116
3.558456561739,42.820867733845,22.144617133176
9.750759608128,9.944506076950,38.492665850057
60.000000000000,60.000000000000,60.000000000000
60.000000000000,0.000000000000,60.000000000000
60.000000000000,0.000000000000,60.000000000000
60.000000000000,0.000000000000,60.000000000000
60.000000000000,60.000000000000,60.000000000000
32.059063952659,57.785537540390,38.239495920163
60.000000000000,0.000000000000,60.000000000000
60.000000000000,60.000000000000,60.000000000000
60.000000000000,0.000000000000,60.000000000000
18.269235665893,50.184305101200,26.083176222355
60.000000000000,0.000000000000,60.000000000000
60.000000000000,60.000000000000,60.000000000000
18.781883587649,30.641284129393,24.806015949765
18.917829848516,21.257366392054,20.732521776988
60.000000000000,60.000000000000,60.000000000000
60.000000000000,60.000000000000,60.000000000000
60.000000000000,0.000000000000,60.000000000000
15.121940921876,52.361851545683,7.819381563642
60.000000000000,0.000000000000,60.000000000000
58.440874525728,21.959586408912,50.607135002747
60.000000000000,0.000000000000,60.000000000000
24.215447237892,49.353135196094,40.700807260442
60.000000000000,0.000000000000,60.000000000000
60.000000000000,0.000000000000,60.000000000000
60.000000000000,60.000000000000,60.000000000000
19.141613526413,19.392538631457,13.440099587398
0.000000000000,0.000000000000,60.000000000000
22.732583040064,13.494866855939,3.546411934094
60.000000000000,60.000000000000,60.000000000000
20.293981275258,51.866814179569,47.701469878170
22.417995633260,41.778505674606,20.635843940839
23.054119799737,45.860752376114,40.717880968202
60.000000000000,58.257174367953,60.000000000000
15.862598923739,32.945753715527,58.112906168450
60.000000000000,60.000000000000,0.000000000000
60.000000000000,0.000000000000,60.000000000000
60.000000000000,60.000000000000,57.736682057148
20.978843343437,25.893344218840,41.247439238479
60.000000000000,0.000000000000,60.000000000000
60.000000000000,60.000000000000,60.000000000000
60.000000000000,0.000000000000,60.000000000000
60.000000000000,0.000000000000,60.000000000000
24.698093599998,39.951733564397,39.783400100677
60.000000000000,0.000000000000,60.000000000000
60.000000000000,60.000000000000,60.000000000000
19.549280663811,54.591395764094,50.626793816751
60.000000000000,29.446986702345,60.000000000000
27.784258715789,34.678172704371,20.631583238016
60.000000000000,60.000000000000,60.000000000000
2.770337036560,60.000000000000,9.423833721291
1.011644833256,60.000000000000,4.790613552026
60.000000000000,22.998269313080,51.348975803381
23.549861242017,42.515282081096,8.509411586049
21.580540131394,45.460716797303,35.108484196523
60.000000000000,0.000000000000,60.000000000000
60.000000000000,60.000000000000,60.000000000000
60.000000000000,0.000000000000,60.000000000000
20.610218377006,5.415558186525,38.328031714720
60.000000000000,0.000000000000,60.000000000000
60.000000000000,41.026109320616,54.225119964971
60.000000000000,60.000000000000,60.000000000000
28.558699912978,2.150507839076,33.554581251115
60.000000000000,0.000000000000,60.000000000000
22.020969576144,48.108474354896,31.220510887220
60.000000000000,60.000000000000,60.000000000000
60.000000000000,10.976889824754,39.837642357680
60.000000000000,0.000000000000,60.000000000000
32.653670571066,60.000000000000,24.265358625558
47.988743277210,52.974359014513,13.793908901823
20.636566718860,0.180734935125,26.402596475301
60.000000000000,0.000000000000,60.000000000000
60.000000000000,60.000000000000,60.000000000000
60.000000000000,60.000000000000,60.000000000000
60.000000000000,60.000000000000,60.000000000000
60.000000000000,0.000000000000,60.000000000000
60.000000000000,60.000000000000,60.000000000000
0.000000000000,60.000000000000,60.000000000000
60.000000000000,0.000000000000,60.000000000000
60.000000000000,0.000000000000,60.000000000000
15.042439074134,29.591978890979,33.974216322824
60.000000000000,60.000000000000,60.000000000000
60.000000000000,0.000000000000,60.000000000000
60.000000000000,0.000000000000,60.000000000000
24.056258182360,21.538868025581,36.011956356130
0.000000000000,0.000000000000,60.000000000000
60.000000000000,60.000000000000,60.000000000000
11.316186167119,52.925014314087,40.953965019813
60.000000000000,60.000000000000,60.000000000000
60.000000000000,60.000000000000,60.000000000000
56.481001485364,60.000000000000,60.000000000000
22.282696169234,28.818208766505,30.754485258436
21.599827108335,50.795029674298,5.967078054590
0.000000000000,0.000000000000,60.000000000000
60.000000000000,0.000000000000,60.000000000000
60.000000000000,0.000000000000,60.000000000000
35.801622000934,47.916486124004,7.011460918048
60.000000000000,60.000000000000,60.000000000000
22.444069947998,13.652069258130,33.414021570841
60.000000000000,0.000000000000,60.000000000000
1.075581485553,12.809269623454,34.201096092303
0.000000000000,60.000000000000,60.000000000000
60.000000000000,0.000000000000,60.000000000000
60.000000000000,0.000000000000,60.000000000000
31.010141380963,15.702698846710,37.832194236831
60.000000000000,60.000000000000,60.000000000000
33.852043451566,20.238479438389,50.746895366581
45.701928056530,30.790274041462,24.443989381407
28.626892013222,39.022529700782,23.627819956755
60.000000000000,60.000000000000,60.000000000000
21.730387952989,19.085700641245,41.433546496116
60.000000000000,60.000000000000,60.000000000000
60.000000000000,60.000000000000,60.000000000000
60.000000000000,60.000000000000,60.000000000000
45.857767451370,21.240867573688,13.463240550618
60.000000000000,60.000000000000,60.000000000000
32.938727172388,52.720359106442,24.602868742059
30.524392077377,34.591390867038,30.572243287005
30.307846738665,43.186619039666,54.925109659735
27.431475686384,37.249958920233,27.091424120214
9.660231750418,28.963923603476,44.328290006976
60.000000000000,60.000000000000,60.000000000000
25.211583325490,34.984126510991,12.745427168551
60.000000000000,60.000000000000,60.000000000000
30.727401430104,50.301343568564,11.810222195612
60.000000000000,0.000000000000,60.000000000000
29.704913873171,19.079896091333,2.939497648121
60.000000000000,60.000000000000,60.000000000000
60.000000000000,60.000000000000,60.000000000000
30.796361199680,37.021149764437,26.179643314997
26.061550864771,43.589136861645,48.973852453378
60.000000000000,60.000000000000,60.000000000000
60.000000000000,60.000000000000,60.000000000000
16.107420768437,26.194323481266,13.421540292104
60.000000000000,10.427568644798,60.000000000000
29.210561884350,25.193664409221,22.798109362884
47.573529468899,47.034421798555,52.856859778914
21.843115567238,28.105935269281,40.061889154199
20.758192396870,60.000000000000,9.033085485557
60.000000000000,60.000000000000,60.000000000000
60.000000000000,40.751792770493,14.642608397761
60.000000000000,60.000000000000,60.000000000000
32.619862778484,60.000000000000,48.529570980892
35.210015248422,31.147169176828,36.194891185685
27.845443594014,46.654070110207,22.009142844731
6.819810356543,12.445121009554,7.149874935596
37.738934829011,21.300338975810,5.859236871582
60.000000000000,60.000000000000,60.000000000000
11.224409630532,29.510283297059,22.064835740015
60.000000000000,60.000000000000,60.000000000000
52.616051727860,27.147016589428,57.077221983217
60.000000000000,60.000000000000,60.000000000000
60.000000000000,60.000000000000,60.000000000000
28.922886842947,32.842705359382,34.988927004265
31.064990788324,9.389109020059,6.114033540295
60.000000000000,60.000000000000,60.000000000000
32.564630736717,38.719392897431,14.407939325301
55.490575365041,35.575053779322,0.904566038399
60.000000000000,60.000000000000,60.000000000000
60.000000000000,60.000000000000,60.000000000000
36.385990846608,8.272837081876,35.273334900632
37.295918801141,50.006839102635,27.473995119528
32.399637197395,53.531000995345,18.135070225667
29.108072081637,34.120068354031,37.491002593524
41.476755617440,58.885955244045,6.009568012019
60.000000000000,60.000000000000,20.801597090846
60.000000000000,60.000000000000,60.000000000000
60.000000000000,60.000000000000,60.000000000000
33.018465072130,52.827534947580,52.702310332442
60.000000000000,60.000000000000,60.000000000000
30.862859689631,15.186441742775,14.992903900770
3.122806917586,37.723831211235,51.900345126760
25.925083154410,17.068098651759,10.591707924282
60.000000000000,60.000000000000,60.000000000000
60.000000000000,0.000000000000,60.000000000000
60.000000000000,60.000000000000,60.000000000000
60.000000000000,53.885260580550,35.698085451923
60.000000000000,60.000000000000,60.000000000000
31.983067399038,47.792808457396,47.550183629990
60.000000000000,60.000000000000,60.000000000000
23.949673029292,26.189584679186,10.147072635809
29.557971162134,20.119809212314,24.502801260213
12.263690007470,32.819192129018,53.786461936539
60.000000000000,60.000000000000,60.000000000000
42.446340961436,21.226252303360,34.547215244078
35.806971887960,53.986157758213,25.858327102367
25.924147536924,32.932020387710,12.357301189050
33.444858783363,21.576684482551,26.517564864264
60.000000000000,60.000000000000,60.000000000000
31.876093123275,26.803801010968,41.237006870856
31.869302240016,22.293888984336,13.699531151146
26.920141539257,56.783900917420,27.397805369331
25.679593918558,2.107142998541,30.992774119126
60.000000000000,3.300246715576,23.676879403202
60.000000000000,60.000000000000,60.000000000000
32.201555402587,25.794184508956,36.562676303139
30.274357194423,57.342577385142,16.951453170962
1.566035495289,60.000000000000,37.536715736653
31.183790682307,36.990158424906,36.318468155352
60.000000000000,0.000000000000,43.339919800740
33.878369908051,30.801144252090,14.441997159050
36.772050155727,14.552118625963,56.169422387866
60.000000000000,60.000000000000,60.000000000000
60.000000000000,60.000000000000,60.000000000000
44.039174386410,17.235057502539,31.868591385901
60.000000000000,60.000000000000,60.000000000000
28.096874242086,44.178409356377,43.833833663389
60.000000000000,60.000000000000,60.000000000000
29.832820726311,4.450057427637,44.093076834585
60.000000000000,0.000000000000,60.000000000000
31.840438754016,29.857048835213,28.168023758790
60.000000000000,60.000000000000,60.000000000000
60.000000000000,60.000000000000,60.000000000000
60.000000000000,60.000000000000,60.000000000000
32.530825319689,26.099382470532,43.786926235575
29.052428692706,60.000000000000,11.025307698477
29.412592474365,44.664834156857,45.745963163218
60.000000000000,60.000000000000,60.000000000000
60.000000000000,60.000000000000,60.000000000000
60.000000000000,0.000000000000,60.000000000000
60.000000000000,0.000000000000,60.000000000000
60.000000000000,60.000000000000,60.000000000000
28.970844122852,19.719342894335,56.642395006759
60.000000000000,60.000000000000,60.000000000000
51.802096962127,12.963678093443,46.422042806013
60.000000000000,60.000000000000,60.000000000000
29.843059852658,1.980897783391,5.528543205054
60.000000000000,60.000000000000,60.000000000000
60.000000000000,0.000000000000,60.000000000000
60.000000000000,60.000000000000,60.000000000000
31.418777223358,54.488387900553,46.394651381644
31.487411642512,3.056105763967,21.135674389229
28.914606133103,45.859426772067,35.529940335401
60.000000000000,0.000000000000,60.000000000000
29.518281559635,32.470088252014,41.610335318269
60.000000000000,60.000000000000,60.000000000000
60.000000000000,0.000000000000,60.000000000000
60.000000000000,0.000000000000,60.000000000000
32.344614921541,52.223385528401,19.129426400724
60.000000000000,60.000000000000,60.000000000000
28.137468011126,5.451567105684,50.072335131756
60.000000000000,60.000000000000,60.000000000000
60.000000000000,60.000000000000,60.000000000000
60.000000000000,60.000000000000,60.000000000000
29.821605317516,20.074978550297,50.132037524214
30.624489538263,34.778422686734,23.795790049667
25.865482940101,14.427922354575,19.548540394233
60.000000000000,60.000000000000,60.000000000000
25.912392104962,30.295970167181,56.103834114361
26.846585376104,34.478071186275,23.859184294175
33.222144202690,47.505676834189,13.199798676987
60.000000000000,0.000000000000,60.000000000000
29.972181438992,13.956322544180,3.264444120247
0.000000000000,0.000000000000,60.000000000000
32.563647132430,15.314990586387,44.097758079981
35.154062300905,56.768904181698,60.000000000000
36.039724828431,22.920473607950,16.464486868603
29.013855118164,31.000103967824,28.436676161118
10.813202536279,53.897760963234,15.184335196958
60.000000000000,60.000000000000,60.000000000000
60.000000000000,60.000000000000,60.000000000000
30.466348278372,5.734269380351,34.343084950821
29.129111036080,52.426157314821,16.261391092100
2.609652293439,6.801243461804,9.914906755631
0.000000000000,0.000000000000,14.580943118969
60.000000000000,60.000000000000,60.000000000000
60.000000000000,60.000000000000,60.000000000000
60.000000000000,0.000000000000,60.000000000000
60.000000000000,60.000000000000,60.000000000000
60.000000000000,0.000000000000,60.000000000000
60.000000000000,60.000000000000,60.000000000000
60.000000000000,31.979198229096,37.880883878516
60.000000000000,60.000000000000,60.000000000000
6.785599074856,33.618002123232,41.436478929309
46.224391301412,11.273749963328,32.530574752996
60.000000000000,0.000000000000,60.000000000000
27.298760563546,14.220210354156,8.152030400358
60.000000000000,60.000000000000,60.000000000000
30.893613540414,39.208736410428,29.506780173068
60.000000000000,60.000000000000,60.000000000000
60.000000000000,60.000000000000,60.000000000000
60.000000000000,60.000000000000,60.000000000000
30.699297320189,14.586454325996,24.341809362845
60.000000000000,60.000000000000,60.000000000000
60.000000000000,60.000000000000,60.000000000000
60.000000000000,0.000000000000,60.000000000000
32.032335929168,43.885154239371,28.565614428796
60.000000000000,0.000000000000,60.000000000000
10.070424358429,5.166503053416,6.669316272311
60.000000000000,0.000000000000,60.000000000000
30.306474013987,58.141504403289,60.000000000000
60.000000000000,0.000000000000,60.000000000000
39.607736561584,60.000000000000,5.395476878490
60.000000000000,0.000000000000,60.000000000000
52.679543099375,18.032933031608,45.657732055707
60.000000000000,0.000000000000,60.000000000000
60.000000000000,60.000000000000,60.000000000000
30.671318814297,28.808094990109,21.813482402912
53.282042733171,34.973224391139,31.524097147603
7.702793668300,24.099552039282,41.611514337806
60.000000000000,60.000000000000,60.000000000000
60.000000000000,0.000000000000,60.000000000000
60.000000000000,60.000000000000,60.000000000000
60.000000000000,0.000000000000,60.000000000000
60.000000000000,0.000000000000,60.000000000000
60.000000000000,0.000000000000,60.000000000000
60.000000000000,60.000000000000,60.000000000000
60.000000000000,60.000000000000,60.000000000000
60.000000000000,0.000000000000,60.000000000000
60.000000000000,0.000000000000,60.000000000000
25.449417129066,3.590924977270,28.649169901299
60.000000000000,0.000000000000,60.000000000000
60.000000000000,60.000000000000,60.000000000000
33.930632341566,23.105626042574,21.575820238361
30.691035414044,5.236595165414,12.752400645311
60.000000000000,60.000000000000,60.000000000000
60.000000000000,0.000000000000,60.000000000000
60.000000000000,0.000000000000,60.000000000000
28.003849398914,10.093180748553,6.135294474125
60.000000000000,60.000000000000,60.000000000000
4.500471361624,4.080997111463,11.205020024967
60.000000000000,0.000000000000,60.000000000000
28.506203001860,21.778705828769,19.617044987220
60.000000000000,60.000000000000,60.000000000000
5.773626020598,60.000000000000,14.834355463195
60.000000000000,60.000000000000,60.000000000000
26.340341427580,47.737252745515,23.023495875077
60.000000000000,60.000000000000,60.000000000000
30.041126759434,57.291046953054,1.157933390969
60.000000000000,60.000000000000,60.000000000000
34.343003765225,54.809156408348,57.241840418115
60.000000000000,60.000000000000,60.000000000000
30.555221406499,12.328990880323,30.824721911840
27.720939126425,33.095374309425,32.888041273162
26.944809881634,28.103004882454,53.317198404405
41.718614192160,31.772682809067,60.000000000000
25.839984519581,60.000000000000,4.184136895397
60.000000000000,51.361365803560,23.341670103351
60.000000000000,60.000000000000,60.000000000000
60.000000000000,0.000000000000,60.000000000000
28.597803430513,60.000000000000,60.000000000000
60.000000000000,0.000000000000,60.000000000000
60.000000000000,0.000000000000,60.000000000000
24.224379279438,33.290288773740,38.072595519901
26.562385802826,60.000000000000,60.000000000000
25.629937747499,31.158220624658,60.000000000000
20.866852925646,32.688567482101,40.181932970383
60.000000000000,60.000000000000,60.000000000000
27.404916914744,9.010278528928,52.475372856984
60.000000000000,60.000000000000,60.000000000000
19.205803280707,51.170256168888,4.758377361778
60.000000000000,60.000000000000,60.000000000000
44.281558482961,8.845509626250,0.136994951442
32.717300597219,31.604455675756,27.512726134297
41.602812722622,12.757141798993,24.480528858695
0.000000000000,0.000000000000,60.000000000000
60.000000000000,60.000000000000,60.000000000000
60.000000000000,0.000000000000,60.000000000000
43.179246370563,32.261193570261,40.918657376374
60.000000000000,0.000000000000,60.000000000000
60.000000000000,60.000000000000,60.000000000000
60.000000000000,0.000000000000,60.000000000000
46.326764889754,3.081374546229,49.344375769994
60.000000000000,60.000000000000,60.000000000000
25.751888698907,53.557226484238,50.943101197465
0.000000000000,41.416175227229,43.456046816247
30.547919102649,23.404108444724,0.488028103131
48.307048400732,0.000000000000,60.000000000000
51.821369752703,22.666926078132,60.000000000000
41.454217602511,31.790087266563,45.787967603897
8.354778986109,21.881060416581,37.150833352201
60.000000000000,0.000000000000,60.000000000000
60.000000000000,60.000000000000,60.000000000000
60.000000000000,0.000000000000,60.000000000000
30.766721977216,45.297071907265,14.126470344735
28.213627072394,0.000000000000,60.000000000000
60.000000000000,60.000000000000,60.000000000000
60.000000000000,24.680834527597,30.871493194877
60.000000000000,60.000000000000,60.000000000000
60.000000000000,60.000000000000,60.000000000000
46.881985478128,9.121659534547,13.530837828661
60.000000000000,60.000000000000,60.000000000000
60.000000000000,0.000000000000,60.000000000000
3.840589247384,60.000000000000,4.278383284676
28.085698200104,15.966436108018,41.650974319843
60.000000000000,60.000000000000,60.000000000000
60.000000000000,0.000000000000,60.000000000000
60.000000000000,60.000000000000,60.000000000000
60.000000000000,60.000000000000,60.000000000000
60.000000000000,0.000000000000,60.000000000000
42.620312063912,13.109797125332,5.202169928933
29.941872379387,33.838623884203,27.121868961176
26.615314548140,28.387348754559,48.280606501624
60.000000000000,60.000000000000,60.000000000000
60.000000000000,0.000000000000,60.000000000000
60.000000000000,0.000000000000,60.000000000000
43.404648295375,18.443571213925,33.329327395114
60.000000000000,60.000000000000,60.000000000000
31.715233951949,52.282742788889,3.869930237769
60.000000000000,0.000000000000,60.000000000000
60.000000000000,60.000000000000,60.000000000000
60.000000000000,60.000000000000,60.000000000000
60.000000000000,0.000000000000,60.000000000000
60.000000000000,60.000000000000,60.000000000000
56.771166833671,34.463602695489,46.552744346250
3.083139571514,13.830455028532,42.826260020477
0.698776902063,25.871152236441,11.514715814814
60.000000000000,60.000000000000,60.000000000000
60.000000000000,60.000000000000,60.000000000000
10.416672969542,33.111879322454,28.360146009939
41.088349878241,55.465461704582,46.431809976627
39.514311597467,23.213472099611,33.709210042642
42.704071752919,27.072579720305,35.639322432818
35.686579957581,17.255879148587,59.176673046426
42.593372395942,15.008783965299,9.306669509448
60.000000000000,0.000000000000,60.000000000000
38.253395527678,5.265094091418,9.985400295577
51.631516522904,50.682125902678,31.109903585658
33.206636211992,16.903004964734,24.054728314482
60.000000000000,60.000000000000,60.000000000000
37.702350436858,48.805144226211,4.477518395291
42.782454537299,32.993932823727,22.905252018977
37.226976317620,8.325432267248,29.758400223106
41.982893600868,22.987691886764,23.626491688399
37.086501497586,58.915557071510,54.272589912066
13.897948714629,56.273597453167,18.441265076334
13.627444396163,47.678810299738,47.755508531568
60.000000000000,0.000000000000,60.000000000000
42.494471201573,35.930511767749,26.943984850349
60.000000000000,0.000000000000,60.000000000000
34.444495247779,58.811260658113,6.271550263995
29.632210855375,18.619095984893,60.000000000000
31.786588496113,58.317797953620,58.138755392647
60.000000000000,0.000000000000,60.000000000000
40.312637121691,21.759737108784,38.357005153488
5.197570170179,43.656610103481,38.014900033129
22.099248591292,18.049797102938,25.667488004858
35.619489951177,32.992586394920,25.854491429425
36.365281881750,9.780350186455,52.601854650346
42.474147658655,33.330778931116,31.484424180091
60.000000000000,60.000000000000,60.000000000000
39.547275369696,28.258719466580,36.862274007023
36.987071967128,53.503053783072,19.157178687505
27.922382670359,8.930305265908,49.746432850008
38.829584214084,19.300013544106,48.205483097875
60.000000000000,0.000000000000,60.000000000000
26.454489559533,48.432141859560,12.542424500353
60.000000000000,0.000000000000,60.000000000000
34.574465839375,5.436912216586,40.174686388501
60.000000000000,60.000000000000,60.000000000000
37.197735520483,12.059174903578,20.443790301527
36.826980805784,2.891116540118,19.064243031725
60.000000000000,60.000000000000,60.000000000000
34.606003453400,60.000000000000,60.000000000000
39.595178270208,19.493453415320,51.444688845562
60.000000000000,0.000000000000,60.000000000000
41.087543135605,28.349387301133,2.127779189364
7.696377436253,4.422884754659,24.175638282059
60.000000000000,0.000000000000,60.000000000000
24.783526797394,4.088681599059,42.024668255460
38.401239425179,14.207615730008,52.728483352363
60.000000000000,0.000000000000,60.000000000000
55.173538320573,57.514978236162,48.062636423967
60.000000000000,60.000000000000,60.000000000000
60.000000000000,15.616085105030,41.601941804380
39.506941817573,30.515998883996,8.984753323495
60.000000000000,0.000000000000,60.000000000000
60.000000000000,60.000000000000,60.000000000000
60.000000000000,60.000000000000,60.000000000000
44.782543013868,60.000000000000,38.944587979107
37.810772663680,18.190629115774,56.642216064603
32.091844569487,45.347221825229,47.081718396387
40.963063266546,9.942025622830,51.751338352707
60.000000000000,60.000000000000,60.000000000000
34.413873116555,60.000000000000,58.669482831955
60.000000000000,0.000000000000,60.000000000000
60.000000000000,0.000000000000,60.000000000000
60.000000000000,57.793163567560,34.488681037732
6.124736470938,58.670682491368,9.835943833723
32.512985042116,51.275930784408,53.006857259093
36.727862255950,55.891286835053,53.177730828327
37.687897546739,33.965372815861,11.166854039794
41.515667209792,38.068131821815,44.646159694113
60.000000000000,60.000000000000,60.000000000000
37.831386623191,3.488836352502,8.206731827697
5.990068622727,42.654816995517,28.444328757859
39.687076323526,34.776525075613,13.387264449755
36.282187052394,48.563263050669,1.158995167494
39.803564204549,22.399929826124,0.847300553431
38.327814582082,22.833994482384,30.257424089751
39.832549690212,30.695532675267,16.830746120468
43.443957596020,27.032910829189,39.824550784704
45.814222830845,41.614076597316,27.597192008454
60.000000000000,0.000000000000,60.000000000000
60.000000000000,0.000000000000,60.000000000000
42.899228625657,25.588107122628,24.783787974566
33.845227714178,1.922683978223,56.166503961507
40.027565188291,25.025111361581,36.168932571911
40.681006477977,41.460270487130,2.934443405408
0.000000000000,60.000000000000,60.000000000000
34.645422361442,11.558477652518,44.171324000144
7.283136533223,18.521997328280,8.536952864977
60.000000000000,60.000000000000,60.000000000000
60.000000000000,0.000000000000,60.000000000000
41.588530818186,47.151070229373,13.425091195195
60.000000000000,0.000000000000,60.000000000000
35.317668229571,27.739156475910,25.523304638578
60.000000000000,0.000000000000,60.000000000000
43.677207565264,18.562054532934,48.113095467538
60.000000000000,60.000000000000,60.000000000000
32.024563015508,23.132493176953,4.719534792913
60.000000000000,60.000000000000,60.000000000000
60.000000000000,0.000000000000,60.000000000000
60.000000000000,0.000000000000,60.000000000000
50.990627422038,52.974943593482,35.306877215952
60.000000000000,0.000000000000,60.000000000000
41.458171963940,50.457471940064,18.780152516727
60.000000000000,0.000000000000,60.000000000000
16.834021448788,1.290973504255,7.826235488897
43.293734538080,60.000000000000,37.264538613521
15.583391603104,60.000000000000,4.443148265175
31.206540038306,43.397363733814,34.362508180753
9.694599738798,16.750148645061,27.508000202537
1.113981148803,30.385109218987,41.748757485477
42.235800213825,32.079354164733,18.055850945080
34.129562748749,26.998805582435,26.118275189863
37.796196173988,1.874561400247,11.244368961178
60.000000000000,0.000000000000,60.000000000000
60.000000000000,0.000000000000,60.000000000000
60.000000000000,60.000000000000,21.274547320926
40.824333279064,12.731182840632,40.657961317546
60.000000000000,0.000000000000,60.000000000000
34.815290938599,12.612566332897,50.185615294398
60.000000000000,0.000000000000,60.000000000000
35.918246791927,51.122878092374,11.941802722785
60.000000000000,0.000000000000,60.000000000000
50.713311954431,60.000000000000,51.889738218536
60.000000000000,0.000000000000,60.000000000000
35.972116716988,8.150966044283,53.074091098860
60.000000000000,0.000000000000,60.000000000000
42.000989857763,52.788970624535,3.798364225824
22.392279445822,25.040771408313,3.162448477920
60.000000000000,0.000000000000,60.000000000000
60.000000000000,60.000000000000,60.000000000000
41.145158757382,45.112670239015,20.863122953702
38.318464777200,36.825421285955,30.809177661420
41.469686424892,13.096585803605,42.707305257632
60.000000000000,0.000000000000,60.000000000000
38.752873289268,50.176907443337,44.896076032867
60.000000000000,0.000000000000,60.000000000000
37.141567945412,36.276695170512,54.412300689970
60.000000000000,0.000000000000,60.000000000000
2.194915512537,44.492834793595,21.823683287794
39.960312665258,60.000000000000,37.054544985546
35.369273577102,48.572472530286,17.700930560756
38.732708763248,34.245096759034,24.872994536932
60.000000000000,60.000000000000,60.000000000000
60.000000000000,13.701607806164,24.738316809583
0.057228149536,16.571388055577,22.998294107531
10.018263762787,40.699687907457,15.439602032084
60.000000000000,0.000000000000,60.000000000000
30.432014942128,16.144614353089,28.815540331707
29.114198751970,53.086021121822,57.337891887288
39.179899095496,25.245464843632,24.843102277383
60.000000000000,0.000000000000,60.000000000000
60.000000000000,0.000000000000,60.000000000000
60.000000000000,0.000000000000,60.000000000000
60.000000000000,0.000000000000,60.000000000000
60.000000000000,60.000000000000,60.000000000000
31.225454310223,60.000000000000,34.617486755240
42.226036963625,0.502427926060,36.651360163656
38.913545149338,39.448939955539,38.527372391367
1.238675084590,50.766191956113,37.694568233664
38.949327822450,30.048615774965,29.101889864577
49.519180893031,46.615632679655,22.440843426849
60.000000000000,0.000000000000,60.000000000000
39.971773887388,21.067736855565,25.519193961369
60.000000000000,60.000000000000,60.000000000000
25.351421916929,25.768549729733,53.212551634030
60.000000000000,0.000000000000,60.000000000000
60.000000000000,0.000000000000,60.000000000000
60.000000000000,0.000000000000,60.000000000000
3.358522846797,22.445657948469,37.798341928681
60.000000000000,0.000000000000,60.000000000000
37.349747497437,1.778319878426,26.491890169913
45.128061426648,60.000000000000,24.627459336155
0.136193764989,34.175119688905,37.373450981976
60.000000000000,0.000000000000,60.000000000000
60.000000000000,60.000000000000,60.000000000000
0.000000000000,0.000000000000,60.000000000000
41.829217218133,21.488084728816,19.042459498119
60.000000000000,0.000000000000,60.000000000000
49.979000767021,8.032863340274,14.464369669935
60.000000000000,0.000000000000,60.000000000000
40.830749012353,22.638073267350,45.300019037374
60.000000000000,0.000000000000,60.000000000000
60.000000000000,60.000000000000,60.000000000000
41.319808166769,31.777587558141,32.127244849174
10.948929286629,30.562421302235,32.619089841415
60.000000000000,0.000000000000,60.000000000000
60.000000000000,0.000000000000,60.000000000000
60.000000000000,0.000000000000,60.000000000000
40.288682781096,18.782307996402,26.477729391323
60.000000000000,0.000000000000,60.000000000000
60.000000000000,0.000000000000,60.000000000000
0.000000000000,0.000000000000,6.067169156395
60.000000000000,0.000000000000,60.000000000000
60.000000000000,60.000000000000,60.000000000000
60.000000000000,0.000000000000,60.000000000000
37.863407646643,60.000000000000,4.503849434047
34.197767657404,21.091984799526,22.118547786177
60.000000000000,0.000000000000,60.000000000000
41.302969770321,54.804119309360,9.287448343938
31.374922063668,33.550963549472,0.903154875210
5.794890337975,44.934993387169,7.873055683541
60.000000000000,0.000000000000,60.000000000000
46.876067982256,60.000000000000,16.184053675186
60.000000000000,0.000000000000,60.000000000000
36.707975873399,20.787144690080,59.360975367017
60.000000000000,60.000000000000,60.000000000000
40.120567790847,1.804680888488,14.258214958708
60.000000000000,0.000000000000,60.000000000000
36.295537625141,47.082592732218,0.359422063101
60.000000000000,0.000000000000,60.000000000000
60.000000000000,60.000000000000,60.000000000000
60.000000000000,0.000000000000,0.000000000000
15.417519511410,51.548230424350,41.182443621182
60.000000000000,0.000000000000,60.000000000000
37.345639908771,41.452862584292,58.660429694445
60.000000000000,25.166067923512,28.227381497270
40.825963013972,0.769566844409,0.516853803177
9.667225703338,60.000000000000,48.143509870738
49.314339787944,14.746025947218,54.338419593121
22.581698115481,24.107980570729,35.708990575657
37.889880522662,26.801151715925,4.702527508033
3.991699462761,54.710152038381,6.247900769889
21.604316346379,60.000000000000,23.709100589971
60.000000000000,60.000000000000,60.000000000000
28.063052165888,57.151809525417,58.496792722523
60.000000000000,0.000000000000,60.000000000000
10.355194591505,40.063818266781,57.870317362311
60.000000000000,0.000000000000,60.000000000000
60.000000000000,60.000000000000,14.946179361662
48.416390259950,22.634953554181,20.319897819365
60.000000000000,27.745742471388,60.000000000000
36.127093098340,24.998379191701,23.132789470876
38.521942244974,37.541599980470,6.096851267192
60.000000000000,0.000000000000,60.000000000000
37.306524701473,44.064177595780,24.617865377201
60.000000000000,0.000000000000,60.000000000000
34.231326138521,37.951510732280,32.176420613912
60.000000000000,0.000000000000,60.000000000000
49.549272445271,26.163690969222,26.966581856785
4.198234910341,60.000000000000,60.000000000000
30.454476725297,57.359715893758,57.892499895624
43.482666593972,60.000000000000,20.093183121624
60.000000000000,60.000000000000,60.000000000000
32.420187013533,0.000000000000,12.330672553545
60.000000000000,60.000000000000,0.000000000000
60.000000000000,0.000000000000,60.000000000000
27.671688197401,48.585144940235,41.364288834335
60.000000000000,0.000000000000,60.000000000000
60.000000000000,60.000000000000,60.000000000000
60.000000000000,60.000000000000,60.000000000000
60.000000000000,60.000000000000,60.000000000000
29.144784685145,49.152946138644,4.265155192254
35.630304258891,34.653870524248,58.579869134702
60.000000000000,60.000000000000,60.000000000000
45.352523818187,5.616793559192,19.152517387947
60.000000000000,60.000000000000,60.000000000000
12.169820426215,29.881920459050,55.691369492408
60.000000000000,0.000000000000,60.000000000000
60.000000000000,0.000000000000,60.000000000000
60.000000000000,0.000000000000,60.000000000000
35.015653639388,42.466672111233,22.197086359943
60.000000000000,60.000000000000,60.000000000000
42.478285805358,0.000000000000,60.000000000000
60.000000000000,0.000000000000,60.000000000000
60.000000000000,0.000000000000,60.000000000000
60.000000000000,60.000000000000,60.000000000000
10.749787352163,24.143467714003,21.112224351614
60.000000000000,60.000000000000,25.128005619740
48.661686717451,60.000000000000,19.128676645683
15.582197105577,45.656592995930,52.467596577382
35.782420676330,18.794789012859,50.576135206922
60.000000000000,0.000000000000,60.000000000000
60.000000000000,60.000000000000,29.657806980128
60.000000000000,0.000000000000,60.000000000000
60.000000000000,60.000000000000,60.000000000000
60.000000000000,0.000000000000,60.000000000000
60.000000000000,8.604856235966,41.390829675899
60.000000000000,0.000000000000,60.000000000000
40.187291499789,3.099062091033,29.713811570074
60.000000000000,0.000000000000,60.000000000000
56.012579826196,60.000000000000,3.636161735857
60.000000000000,0.000000000000,60.000000000000
40.991478920860,7.415281550426,43.670494679080
60.000000000000,60.000000000000,60.000000000000
33.656261142768,31.553579205096,39.140010312630
60.000000000000,0.000000000000,60.000000000000
60.000000000000,60.000000000000,60.000000000000
42.265817078607,34.707941762907,60.000000000000
19.779401314824,60.000000000000,0.000000000000
60.000000000000,0.000000000000,0.000000000000
47.795071029157,35.548738013244,39.348425937808
60.000000000000,0.000000000000,60.000000000000
29.677940647005,44.027996379844,35.452747733954
43.955784018608,31.388387133225,34.195630547390
46.628925391190,42.192244785865,24.531122491807
60.000000000000,0.000000000000,60.000000000000
45.092346607291,40.881885807672,3.656304109825
60.000000000000,0.000000000000,60.000000000000
52.602537052389,1.962943204323,49.388136309595
45.204941171217,36.758011545062,34.415032207482
31.789913917267,48.049964090883,37.247750663468
48.080621181385,39.696944987668,38.242593130114
49.332837281222,21.696892859617,45.655423582462
47.218008333664,47.298593948226,34.392906859371
43.220407877033,45.289893475780,57.923713828584
60.000000000000,15.897272505632,41.477813930324
51.596805491096,59.083894364727,0.623824824673
60.000000000000,0.000000000000,60.000000000000
60.000000000000,60.000000000000,60.000000000000
45.993848988595,34.939170443520,29.887174551992
26.617592407239,26.722225682359,48.322731834983
58.656826636364,12.391744775703,39.445526050565
49.533002140911,50.390252792726,57.850073240879
60.000000000000,0.000000000000,60.000000000000
60.000000000000,0.000000000000,60.000000000000
47.475643806287,22.193927776144,39.070175957526
42.832527745658,14.688768998388,23.894870433390
47.119635038032,38.439363881131,25.045249659701
38.300453997578,6.001756109990,30.759528025708
60.000000000000,0.000000000000,60.000000000000
47.010027185903,3.790159973861,7.220452431397
5.535298517020,15.509848598508,39.198198549880
18.535306749750,60.000000000000,60.000000000000
1.492713325731,17.427023319487,53.169814388071
60.000000000000,0.000000000000,60.000000000000
60.000000000000,60.000000000000,60.000000000000
44.909175388697,35.058354345731,9.331099463175
50.845282331892,35.286187801903,30.940803788586
60.000000000000,0.000000000000,60.000000000000
35.610231395080,7.468384034467,34.229417359307
36.843483544545,31.411862444946,0.738936103646
30.224768250987,45.307857571143,11.828852492689
2.541884340526,3.757849433210,15.921141603572
39.554742092816,18.661452179922,11.633190881590
49.809628461766,10.540212397385,51.773716281657
60.000000000000,0.000000000000,60.000000000000
45.295194863788,55.841641724422,23.676952515456
60.000000000000,0.000000000000,60.000000000000
44.654232400312,14.161949395211,44.258986553624
50.226815613989,35.006183548854,29.727619996959
47.944186930305,30.925676540332,37.223346981014
48.291047418923,60.000000000000,37.360992205413
49.516594631458,18.209790722438,49.580916135380
52.026355810009,36.100165145159,38.788216867798
57.211524024219,60.000000000000,50.188565892720
58.577657268493,9.281423614823,55.285541961082
2.522593131988,57.621341783684,44.590698783447
60.000000000000,60.000000000000,60.000000000000
0.000000000000,60.000000000000,25.539376319097
60.000000000000,0.000000000000,60.000000000000
60.000000000000,28.758731516245,33.552965597497
60.000000000000,0.000000000000,60.000000000000
60.000000000000,0.000000000000,60.000000000000
60.000000000000,0.000000000000,60.000000000000
60.000000000000,60.000000000000,60.000000000000
47.700702497533,20.636045040689,28.208482041647
47.638550103402,16.213395249609,36.862195157217
60.000000000000,60.000000000000,60.000000000000
48.140285600788,0.350855663427,31.924625593401
60.000000000000,60.000000000000,60.000000000000
32.100407330455,23.649609155094,17.841001003451
46.923779605789,60.000000000000,32.603862910490
60.000000000000,60.000000000000,60.000000000000
16.922665760832,35.318728140084,40.904949926142
45.616703286611,10.785227460065,17.273764569595
46.961697239538,25.906817758281,20.343235989774
49.128496341123,32.378854339967,43.757910697157
25.538525231828,7.327468447336,18.013399389110
48.741752915151,10.682734864729,48.274739161589
50.831550244352,21.156531297111,29.666983592777
13.762422431855,34.029036624658,32.949564954820
60.000000000000,60.000000000000,60.000000000000
43.584280333219,43.615208692170,9.529380560027
45.509606872908,35.883598776874,21.291412511774
43.495153981822,41.524511010566,8.668967756924
24.825171438353,27.292941388894,56.145137632022
42.935520734663,51.093841882957,22.213397310039
47.549947403758,22.034939201928,21.434506142198
47.280077742338,34.611583439542,56.931112304739
60.000000000000,0.000000000000,60.000000000000
49.930084419648,0.000000000000,19.588251049774
4.562901560372,20.962658531544,17.600351046123
47.013912286714,7.544545131657,39.301169308712
45.651775525745,27.112745965359,23.219177018704
49.812918004167,45.257900550844,30.561046493502
60.000000000000,55.954176023811,34.209808235173
43.886423830165,22.921693264774,13.590246543516
12.905476067704,4.735077655405,30.430387721803
46.149924404355,58.706296297937,6.536840368138
7.067499981140,60.000000000000,60.000000000000
44.446889993012,17.196325507188,51.618487316178
60.000000000000,60.000000000000,60.000000000000
45.341989859213,8.107494466416,9.171045410614
60.000000000000,60.000000000000,60.000000000000
45.467120074546,48.048190149149,13.133711223494
60.000000000000,60.000000000000,60.000000000000
9.987445272767,18.660358707614,46.681633097718
60.000000000000,60.000000000000,60.000000000000
47.046170011253,60.000000000000,43.238563418486
60.000000000000,60.000000000000,60.000000000000
50.308405533470,5.094180545894,16.926361372857
60.000000000000,60.000000000000,60.000000000000
43.007856727407,6.793871785168,1.332539187998
60.000000000000,60.000000000000,60.000000000000
21.328491112267,31.120757732852,12.721506216366
47.730401358842,18.901608991677,31.321081389126
49.139778967540,33.138102130396,8.194585680748
60.000000000000,60.000000000000,60.000000000000
1.649974971379,23.408873696107,58.581088248535
60.000000000000,60.000000000000,60.000000000000
14.097033719099,44.676873464115,9.559300529559
60.000000000000,60.000000000000,60.000000000000
43.831397263686,1.646121005171,16.839839853589
60.000000000000,60.000000000000,60.000000000000
51.874427798780,60.000000000000,60.000000000000
50.544475006132,40.406829226136,20.933098195345
60.000000000000,60.000000000000,60.000000000000
60.000000000000,60.000000000000,60.000000000000
48.438307984893,37.165030870862,1.229236926703
60.000000000000,60.000000000000,60.000000000000
45.665968928777,11.990162928241,49.345495335369
60.000000000000,60.000000000000,60.000000000000
59.157504912239,26.989665955617,43.785670123582
60.000000000000,60.000000000000,60.000000000000
50.163175935151,14.090496890626,57.479312296385
60.000000000000,60.000000000000,60.000000000000
48.694277889461,11.216109319611,4.069173483181
60.000000000000,60.000000000000,60.000000000000
60.000000000000,60.000000000000,60.000000000000
60.000000000000,60.000000000000,60.000000000000
43.839901109578,9.987356160360,51.705962309647
31.991068101577,44.415275096119,38.333774127125
60.000000000000,60.000000000000,60.000000000000
60.000000000000,60.000000000000,60.000000000000
49.662933452893,8.476437379017,33.243250219970
60.000000000000,60.000000000000,60.000000000000
46.548108501247,38.180082021492,57.946632780421
60.000000000000,60.000000000000,60.000000000000
44.860915633684,42.153756033451,52.487022437175
46.036642791824,39.197985955941,29.155648341228
45.565384997681,20.281443133104,51.912801630927
60.000000000000,60.000000000000,60.000000000000
44.729790187713,45.101692776337,50.089253647513
45.239847123293,29.535076598549,37.256218181555
46.115538857037,1.857845717585,2.186688534988
30.906837544159,8.325379106287,18.468985930242
60.000000000000,60.000000000000,60.000000000000
52.666185154389,41.065281907541,20.543795571032
44.870316957858,2.845734450970,42.161363119735
44.056297945005,20.366103048286,22.743778407596
60.000000000000,60.000000000000,60.000000000000
60.000000000000,60.000000000000,60.000000000000
60.000000000000,60.000000000000,60.000000000000
60.000000000000,60.000000000000,60.000000000000
60.000000000000,60.000000000000,60.000000000000
36.819935756574,11.294078100100,51.678750636728
47.532667818418,37.490664443999,13.141986478512
0.000000000000,60.000000000000,60.000000000000
32.413067271191,47.757412678448,50.778176374534
43.654489203791,31.988771382524,28.742773464175
60.000000000000,25.214631840589,60.000000000000
60.000000000000,60.000000000000,60.000000000000
43.752669950711,28.739689640883,43.102733814269
60.000000000000,60.000000000000,60.000000000000
60.000000000000,60.000000000000,60.000000000000
60.000000000000,60.000000000000,60.000000000000
60.000000000000,60.000000000000,60.000000000000
60.000000000000,60.000000000000,60.000000000000
48.870948756603,2.624789185770,37.525407528787
60.000000000000,60.000000000000,60.000000000000
49.564268313509,56.271324988787,11.496526201694
49.567554535525,32.512647121794,37.716935003369
60.000000000000,60.000000000000,60.000000000000
60.000000000000,60.000000000000,60.000000000000
58.644544401713,22.607339297014,45.451239616301
60.000000000000,60.000000000000,60.000000000000
60.000000000000,60.000000000000,60.000000000000
60.000000000000,60.000000000000,60.000000000000
43.888863665066,31.046123202256,2.051947941037
60.000000000000,60.000000000000,60.000000000000
31.227999508701,52.506822965479,10.384509530241
60.000000000000,60.000000000000,60.000000000000
60.000000000000,60.000000000000,60.000000000000
60.000000000000,60.000000000000,60.000000000000
60.000000000000,60.000000000000,60.000000000000
60.000000000000,60.000000000000,60.000000000000
60.000000000000,60.000000000000,60.000000000000
43.869677665505,60.000000000000,39.707765519508
60.000000000000,60.000000000000,60.000000000000
54.824598269737,60.000000000000,13.047437504826
15.144494376602,60.000000000000,60.000000000000
11.860023212108,38.078780096617,60.000000000000
51.640255983042,60.000000000000,4.185320994135
60.000000000000,60.000000000000,60.000000000000
60.000000000000,60.000000000000,0.762367410425
49.055971372007,46.910885102382,53.014953709772
60.000000000000,60.000000000000,60.000000000000
60.000000000000,60.000000000000,60.000000000000
6.563128009461,12.281024297368,42.041565459090
49.294780732237,29.747511186053,33.085861585882
47.882722491033,31.034518097152,1.264961566786
60.000000000000,60.000000000000,60.000000000000
25.769240798682,45.359926585180,35.744745877018
60.000000000000,60.000000000000,60.000000000000
39.753054346719,60.000000000000,41.288413423206
60.000000000000,53.216059795066,0.000000000000
41.953506414657,31.408780272998,17.803083310830
60.000000000000,60.000000000000,60.000000000000
32.766961512468,29.915529188805,37.721668998215
19.805216061966,60.000000000000,7.295346854328
35.214398308737,60.000000000000,35.220131795173
60.000000000000,60.000000000000,60.000000000000
2.577226876406,2.370188497164,21.975221350603
60.000000000000,60.000000000000,60.000000000000
48.893421832038,34.449429070880,39.638139532877
58.162210223305,27.978139979001,25.171301546002
7.358563576732,17.579994580747,5.919873667738
49.137846093690,27.483928552070,26.915229610908
48.649109884198,2.509164840440,13.748888325708
45.797835611702,30.272580930935,31.131109184157
50.506992005651,21.744377970530,12.718617660249
60.000000000000,60.000000000000,60.000000000000
51.688778907605,6.883251468653,14.111210343917
29.363370544744,11.333972272014,17.473567977004
49.689915573820,22.258340739966,3.506244208740
60.000000000000,60.000000000000,60.000000000000
60.000000000000,60.000000000000,60.000000000000
60.000000000000,60.000000000000,60.000000000000
55.244694343202,24.578399392509,60.000000000000
44.634201849275,55.744407558117,26.607436098576
60.000000000000,60.000000000000,60.000000000000
51.399693194594,26.271622315075,21.715972760302
44.255637576589,59.055484521013,43.808195506542
60.000000000000,60.000000000000,60.000000000000
48.533405506074,16.668388363978,54.960943036254
60.000000000000,60.000000000000,60.000000000000
60.000000000000,60.000000000000,60.000000000000
60.000000000000,60.000000000000,60.000000000000
51.251260349365,27.878657713148,12.136148801650
60.000000000000,60.000000000000,60.000000000000
0.370159480375,41.646491448059,40.592709758905
53.295844078679,28.169258688742,26.910407294299
18.653628520559,9.751967215152,60.000000000000
46.296737359793,28.744185681231,27.638967790366
0.000000000000,60.000000000000,60.000000000000
60.000000000000,60.000000000000,60.000000000000
51.218605154197,3.879017721655,37.410774493948
60.000000000000,60.000000000000,60.000000000000
60.000000000000,60.000000000000,60.000000000000
60.000000000000,60.000000000000,60.000000000000
43.763103200545,52.885972527007,17.190328832613
60.000000000000,60.000000000000,60.000000000000
42.564319009396,44.403105726329,27.896395725087
41.238694661972,60.000000000000,52.267399949267
48.260151900451,56.272914940606,21.148898729092
51.074925923889,60.000000000000,60.000000000000
19.837416847642,55.108165321810,50.176553647780
60.000000000000,60.000000000000,60.000000000000
60.000000000000,60.000000000000,60.000000000000
60.000000000000,60.000000000000,60.000000000000
17.837603882757,16.493696328747,55.921091013720
60.000000000000,0.000000000000,60.000000000000
6.184044006558,11.054856276068,47.438389867959
60.000000000000,60.000000000000,60.000000000000
60.000000000000,60.000000000000,60.000000000000
60.000000000000,33.235817090235,20.974432731592
25.095659013983,21.871540469701,53.989217898378
60.000000000000,60.000000000000,60.000000000000
48.462800536200,46.957393605650,13.824268524952
60.000000000000,60.000000000000,60.000000000000
41.904991826577,21.085371960462,58.553768021426
60.000000000000,60.000000000000,60.000000000000
60.000000000000,37.456206909994,20.280536267380
60.000000000000,60.000000000000,60.000000000000
60.000000000000,60.000000000000,60.000000000000
60.000000000000,60.000000000000,60.000000000000
60.000000000000,60.000000000000,60.000000000000
60.000000000000,60.000000000000,60.000000000000
59.176741904299,45.567833104168,32.009484267746
60.000000000000,60.000000000000,60.000000000000
60.000000000000,60.000000000000,60.000000000000
60.000000000000,60.000000000000,60.000000000000
51.078870684994,8.390545856514,3.875760300360
47.729627504268,30.005459596451,17.644186857676
46.779941386840,9.557589137299,10.276136585499
60.000000000000,60.000000000000,60.000000000000
51.010416753648,60.000000000000,39.486651452615
47.236662348351,36.000637020308,24.527229715656
60.000000000000,60.000000000000,60.000000000000
60.000000000000,60.000000000000,60.000000000000
52.251570801354,46.732300340500,9.717619537930
60.000000000000,60.000000000000,60.000000000000
50.675767101443,22.590347900622,49.006678538671
55.411971179521,33.763208550168,27.740335394914
52.854460753416,1.110234659047,27.259016057072
60.000000000000,0.000000000000,60.000000000000
54.138614734552,20.710844921066,26.941501724903
54.037569289335,21.788137297413,34.652400008331
50.749856551908,58.897388977859,48.200508882823
3.522754382309,3.566808905209,42.648155371386
56.865245200998,42.270923697682,18.853039687422
59.241865957951,25.088560807389,43.545676735463
57.719103458677,35.260822727450,28.283084654382
60.000000000000,0.000000000000,60.000000000000
20.827617473688,34.551180099559,5.879290060144
60.000000000000,0.000000000000,60.000000000000
57.697633497525,6.305211401728,13.909842055331
60.000000000000,0.000000000000,60.000000000000
60.000000000000,60.000000000000,60.000000000000
52.836102732543,39.404265696849,36.741807054914
58.148099838957,9.066710896492,17.157515711476
26.700604793064,52.437813272749,39.097291598094
54.365631047280,40.076978329186,42.177062053160
51.340437320718,24.947766154652,19.873515304850
60.000000000000,60.000000000000,60.000000000000
32.799500208550,30.507687386995,11.451794864750
16.535017921678,49.730293474948,23.952609788165
53.840257093950,28.516118834684,31.715592850516
37.726013915947,33.699820762951,24.606075131347
52.887807755783,23.043418546855,25.589913438985
57.725873234593,41.830076014252,34.339616319716
60.000000000000,0.000000000000,60.000000000000
60.000000000000,60.000000000000,60.000000000000
54.915712542217,24.028693624016,35.353156709360
59.281295351988,26.297836711927,33.319151660884
60.000000000000,0.000000000000,60.000000000000
52.858826466860,48.177999268836,21.594669877984
57.478254017268,40.857674136018,10.740503751409
54.008344651938,24.833945676042,53.851702949269
59.102544044957,33.652307336040,26.189698979525
54.247137236100,36.220471205665,8.671181129209
7.285532443624,53.895082003264,49.286934892488
60.000000000000,60.000000000000,60.000000000000
60.000000000000,0.000000000000,60.000000000000
6.442496676834,22.553952876478,26.262865206095
60.000000000000,60.000000000000,60.000000000000
53.670513325950,38.811707874497,25.111839114073
60.000000000000,0.000000000000,60.000000000000
51.313750751100,4.843032915134,51.140005375253
54.411254318442,32.699078572745,30.223994019569
58.591380215859,38.883523275563,23.651347302799
60.000000000000,0.000000000000,60.000000000000
60.000000000000,60.000000000000,60.000000000000
39.245893323960,35.017246307006,9.575610514588
49.116076689058,30.077843600495,15.550603820168
60.000000000000,60.000000000000,60.000000000000
60.000000000000,60.000000000000,60.000000000000
60.000000000000,36.092962740510,23.814126398744
60.000000000000,39.870291976119,9.531268532997
60.000000000000,0.000000000000,60.000000000000
60.000000000000,0.000000000000,60.000000000000
55.609262484525,60.000000000000,36.274868761465
2.481789027860,60.000000000000,24.869892489891
23.420616448130,60.000000000000,41.717643009382
60.000000000000,0.000000000000,60.000000000000
57.299285990919,30.000286806816,33.627065941715
44.071020795738,17.461607083396,13.310800410518
60.000000000000,31.893867453419,24.237789791150
55.060416413711,50.827885987153,12.007661725012
60.000000000000,0.000000000000,60.000000000000
53.271499667407,31.266355340679,54.506838816557
60.000000000000,0.000000000000,60.000000000000
58.356542897186,48.172020288901,60.000000000000
60.000000000000,60.000000000000,60.000000000000
60.000000000000,60.000000000000,60.000000000000
45.770460687526,39.786846308157,55.033911562341
53.262767822003,9.194958295397,35.052724228131
40.407078368127,1.998070869866,45.823557839425
60.000000000000,0.000000000000,60.000000000000
52.946720498200,22.870231523788,41.257273287411
53.511774028482,56.041711896129,18.813864864653
60.000000000000,8.610816662591,4.001074592951
60.000000000000,0.000000000000,60.000000000000
60.000000000000,60.000000000000,60.000000000000
12.747738617520,44.478147715510,60.000000000000
60.000000000000,0.000000000000,60.000000000000
60.000000000000,0.000000000000,60.000000000000
55.012209926948,37.668520363859,28.005451460117
43.346806552057,56.949887240026,40.253969963895
52.487214944520,60.000000000000,43.637373595888
56.899151654785,53.170363146835,57.741330713220
7.675045940946,33.094652761132,37.829392483866
57.226266845564,13.929384739482,20.908156335119
51.638886064636,30.043189919853,27.992583073037
17.749861418671,43.052925741782,47.618385997428
60.000000000000,60.000000000000,60.000000000000
60.000000000000,60.000000000000,60.000000000000
60.000000000000,60.000000000000,60.000000000000
0.000000000000,60.000000000000,47.054903625634
51.377813931950,26.901693869238,29.356780660391
55.272245262675,47.843749179174,29.770505923695
60.000000000000,42.784537613464,51.571834746106
53.998507441307,51.206676074342,51.552035530521
60.000000000000,60.000000000000,60.000000000000
60.000000000000,60.000000000000,0.000000000000
28.266201087533,49.606512046908,29.685424186817
55.135853813643,8.604426889322,13.846955763224
60.000000000000,60.000000000000,60.000000000000
60.000000000000,60.000000000000,60.000000000000
60.000000000000,60.000000000000,60.000000000000
0.000000000000,60.000000000000,60.000000000000
60.000000000000,60.000000000000,60.000000000000
53.152412782959,22.547334057434,44.172604354148
60.000000000000,60.000000000000,60.000000000000
53.346570221121,32.696954451077,41.408007006858
60.000000000000,60.000000000000,60.000000000000
53.835287096134,12.792989458759,46.207685207776
60.000000000000,60.000000000000,60.000000000000
53.472561242386,22.416484802179,16.232173416962
60.000000000000,60.000000000000,60.000000000000
36.914803424385,4.694680053225,27.472975165195
60.000000000000,60.000000000000,60.000000000000
50.566177153970,26.978249444527,1.087772307558
60.000000000000,11.446058663608,22.132721054564
60.000000000000,6.397703221748,60.000000000000
54.876715084549,30.786444279627,19.873779469244
26.416613572523,22.614513700289,40.963576481956
60.000000000000,60.000000000000,60.000000000000
28.895194746257,13.050099913126,31.969553781839
60.000000000000,60.000000000000,60.000000000000
53.882176268922,30.455310650742,26.610434722800
60.000000000000,60.000000000000,60.000000000000
56.953154184587,44.195038510500,23.825072225781
60.000000000000,60.000000000000,60.000000000000
54.532979893747,27.897824883189,15.054051956976
60.000000000000,60.000000000000,60.000000000000
46.274891194987,38.453757251839,37.655788902968
60.000000000000,60.000000000000,60.000000000000
43.929246404794,31.328596472070,60.000000000000
60.000000000000,60.000000000000,60.000000000000
60.000000000000,27.326547096825,60.000000000000
57.242467272207,22.688766936936,28.308470703625
60.000000000000,60.000000000000,60.000000000000
60.000000000000,60.000000000000,60.000000000000
51.384479141004,28.706242214320,21.718276246274
60.000000000000,60.000000000000,60.000000000000
55.928333390046,40.253920147434,1.331037363653
60.000000000000,60.000000000000,60.000000000000
57.655100428072,25.582375197748,17.161848923232
56.134279918771,20.077810884265,32.820283444985
59.189769878199,52.474019851555,24.211467789747
60.000000000000,60.000000000000,60.000000000000
60.000000000000,60.000000000000,60.000000000000
56.560631387488,38.667478227508,21.212195516870
49.305595812725,47.484574893557,25.409014345618
53.048604485670,24.058482257777,33.047630008785
52.922591246811,60.000000000000,30.300926247935
60.000000000000,60.000000000000,60.000000000000
60.000000000000,60.000000000000,60.000000000000
50.536343098431,39.143636338093,19.205738317498
42.720369924746,25.960513564051,60.000000000000
60.000000000000,60.000000000000,60.000000000000
60.000000000000,60.000000000000,60.000000000000
60.000000000000,60.000000000000,60.000000000000
60.000000000000,4.791593918876,17.493419054016
52.799949126120,33.769176737950,28.160695861675
54.221281153225,14.908700241818,47.967274021530
60.000000000000,60.000000000000,60.000000000000
56.177302254691,25.218516176342,45.795308935177
60.000000000000,60.000000000000,60.000000000000
51.609214534520,60.000000000000,10.977522245092
60.000000000000,27.827292246237,5.278511118881
56.434860876660,35.878640446087,0.540460417140
0.000000000000,60.000000000000,60.000000000000
60.000000000000,60.000000000000,60.000000000000
60.000000000000,60.000000000000,60.000000000000
60.000000000000,60.000000000000,60.000000000000
60.000000000000,0.000000000000,28.341552252605
23.377418909830,12.703927505015,20.156015853714
60.000000000000,60.000000000000,60.000000000000
58.137997487998,51.672093193350,55.669814260670
57.533757181073,19.958835063444,38.805023081075
60.000000000000,53.400549721080,14.700768549056
60.000000000000,60.000000000000,60.000000000000
4.044272373229,60.000000000000,25.865959372205
60.000000000000,60.000000000000,60.000000000000
60.000000000000,60.000000000000,60.000000000000
60.000000000000,60.000000000000,60.000000000000
51.520292255946,4.219383030348,57.471502640925
60.000000000000,60.000000000000,60.000000000000
36.311546260990,39.039898235569,34.127586839010
60.000000000000,60.000000000000,60.000000000000
56.595640733965,60.000000000000,48.824123996844
60.000000000000,60.000000000000,60.000000000000
60.000000000000,60.000000000000,60.000000000000
60.000000000000,60.000000000000,60.000000000000
0.000000000000,60.000000000000,60.000000000000
60.000000000000,26.742398953756,60.000000000000
60.000000000000,60.000000000000,60.000000000000
54.355696796061,17.054830199996,31.109909602058
44.206502958828,4.058180315776,35.363328906959
42.012312044330,30.892484237911,37.537907716817
19.279088898914,14.285355460749,10.506633206447
59.122736194580,22.106335561272,24.607330682660
10.566248039571,35.688454753298,34.668220161765
60.000000000000,60.000000000000,60.000000000000
0.000000000000,60.000000000000,60.000000000000
60.000000000000,60.000000000000,60.000000000000
60.000000000000,48.154947257487,6.327947293257
23.239364129671,54.054469151615,21.652719904593
2.465372906991,56.834873371863,29.233551660191
60.000000000000,60.000000000000,60.000000000000
10.620684719275,34.850698112952,21.285666408991
60.000000000000,60.000000000000,60.000000000000
56.873544346438,54.812999406725,29.964954058200
30.198098676917,53.186719941735,13.031149778289
57.487327539094,4.302084477437,17.514421348386
60.000000000000,60.000000000000,60.000000000000
55.178834158996,43.616682268045,17.958056098095
52.020658114999,42.827646072195,31.413378855405
60.000000000000,60.000000000000,60.000000000000
31.830073021015,34.578581658626,24.997073663409
51.105520813147,8.080509599200,38.089587780889
60.000000000000,60.000000000000,60.000000000000
6.573322902171,40.044134976210,33.194829516591
51.822634763710,34.934520705097,49.292157959458
52.766471326399,9.683494105986,13.360549815120
48.403887882690,12.666177097984,48.921556903779
32.758237394893,25.091458465772,34.738784344483
54.062298919370,28.036330498049,27.871454178053
60.000000000000,55.731505584827,16.332261570577
60.000000000000,60.000000000000,60.000000000000
27.422270722530,19.975305290835,12.170730136295
25.982312222884,12.132677555018,54.890707850416
49.407974491785,8.370619432780,17.283998434508
60.000000000000,60.000000000000,60.000000000000
60.000000000000,60.000000000000,60.000000000000
51.784078670006,14.284239102667,34.533600434854
58.471995840918,32.871530736498,13.885062347662
56.765173735650,30.655203214618,38.091853361963
60.000000000000,60.000000000000,60.000000000000
54.805058118353,30.779795546045,40.114334384641
58.776356553588,19.747897068295,21.002162009454
60.000000000000,60.000000000000,60.000000000000
59.256763288380,50.409315072145,26.135094194465
60.000000000000,60.000000000000,60.000000000000
60.000000000000,60.000000000000,60.000000000000
60.000000000000,60.000000000000,60.000000000000
57.936398531325,50.987555017530,13.607933484159
60.000000000000,60.000000000000,60.000000000000
8.604554795599,20.510324217246,18.815920719768
60.000000000000,60.000000000000,60.000000000000
60.000000000000,60.000000000000,60.000000000000
53.531979713871,22.541370413863,22.772519184411
60.000000000000,28.477766081723,16.565118357127
60.000000000000,60.000000000000,60.000000000000
52.301235857733,15.291069466534,14.765503999825
60.000000000000,60.000000000000,60.000000000000
60.000000000000,60.000000000000,60.000000000000
60.000000000000,60.000000000000,60.000000000000
50.464701102765,52.024990749892,25.857207355018
60.000000000000,60.000000000000,60.000000000000
60.000000000000,60.000000000000,60.000000000000
60.000000000000,60.000000000000,60.000000000000
59.042447981358,43.310332614816,18.427236440248
18.525524435836,60.000000000000,60.000000000000
29.509960328652,55.669934085376,20.131263722358
60.000000000000,60.000000000000,60.000000000000
60.000000000000,60.000000000000,60.000000000000
60.000000000000,13.955663153383,60.000000000000
6.857942506309,43.772110599197,28.695672451723
60.000000000000,60.000000000000,60.000000000000
35.287577127653,1.407819728468,57.430127547975
60.000000000000,60.000000000000,60.000000000000
60.000000000000,2.813914315063,0.000000000000
60.000000000000,60.000000000000,60.000000000000
50.479645809943,19.691645147554,4.568765249603
60.000000000000,60.000000000000,60.000000000000
52.918289649615,41.972046172821,38.385992710156
60.000000000000,32.140198413398,38.180061166769
53.660945231228,28.810998814935,12.666243845024
60.000000000000,60.000000000000,60.000000000000
60.000000000000,60.000000000000,60.000000000000
60.000000000000,60.000000000000,60.000000000000
60.000000000000,51.670941384671,28.180757677977
60.000000000000,0.000000000000,35.621895519826
60.000000000000,56.361864070827,60.000000000000
60.000000000000,60.000000000000,60.000000000000
54.613904899522,16.958907119603,57.885212549464
60.000000000000,60.000000000000,60.000000000000
60.000000000000,42.489523194890,3.917617733027
60.000000000000,60.000000000000,60.000000000000
60.000000000000,17.545481382059,46.471197704122
60.000000000000,60.000000000000,60.000000000000
55.293917413884,46.334189396627,6.542494397365
60.000000000000,60.000000000000,60.000000000000
52.690761660453,42.017068136197,22.263414760385
55.429378595783,34.404871462336,32.264054417420
60.000000000000,60.000000000000,60.000000000000
60.000000000000,60.000000000000,60.000000000000
