x,y,z
2.581347413687,10.852787676857,48.751617595577
1.122891016116,49.152487197956,44.523843083399
6.212945268857,21.757890323991,52.258451601715
6.017259685969,25.587143689438,29.667886077423
6.280470612667,15.624867726680,23.656710944888
60.000000000000,0.000000000000,60.000000000000
6.144514902612,4.955952710053,27.305742993588
60.000000000000,0.000000000000,60.000000000000
4.940828588269,57.518468383236,52.199093551843
60.000000000000,0.000000000000,60.000000000000
8.021953601766,26.209036854226,47.468085270739
23.946433449416,58.743707387539,1.048814683023
0.076762455468,12.034970306463,59.903721011535
2.208907541284,30.857923658720,38.847352103209
3.678195347278,15.827793382126,18.782877922615
38.465369768998,14.359841523330,35.441237767278
6.126574740191,12.409336860877,46.181977604738
3.038943533384,33.310101171265,38.678415164527
4.226774965108,41.557203710163,25.861973658149
3.563924915703,4.317585138282,3.811457492104
4.051282987496,37.979966833384,8.332204598450
38.582920577524,31.031245757478,14.554224071723
58.701748890986,54.322633794889,48.040848033694
60.000000000000,0.000000000000,60.000000000000
8.440151491625,34.549760631267,51.977893031311
3.268347728350,38.292312487139,34.410374592080
60.000000000000,0.000000000000,60.000000000000
60.000000000000,0.000000000000,60.000000000000
5.864855426499,52.565607351431,34.706902817220
60.000000000000,60.000000000000,60.000000000000
0.237465889121,46.124273085329,43.401008451125
44.800956049083,37.078117041302,49.532539359564
6.375570010068,4.117615194329,3.205951544312
6.830683531575,34.065704657149,22.418754322021
1.818572809593,5.699419051208,43.729993321527
35.916977342199,50.412341558825,43.902363605584
12.618012380033,6.564886327634,47.018254054847
13.857442489992,56.516479902656,33.434481580706
3.466332685896,12.281534925024,43.545529927052
31.959973580256,18.219345336470,8.080312738997
60.000000000000,0.000000000000,60.000000000000
0.437747509569,29.592952479051,34.996080761177
7.317556842629,5.446771374450,51.482613410067
18.902602295385,44.310004201192,9.928521100423
1.554243164564,40.674456736534,33.499679535273
4.574887557886,37.033219995300,39.052211001850
5.371977809003,27.665353180495,25.570519637755
5.287222356267,37.742495616111,31.870631942905
60.000000000000,0.000000000000,60.000000000000
6.088100289061,34.200367987832,39.871262543489
5.338828340440,39.033305131534,50.739223423800
5.389404630979,39.571621733700,26.386602436936
6.860827693609,9.565671066304,51.788908659072
60.000000000000,60.000000000000,60.000000000000
60.000000000000,0.000000000000,60.000000000000
60.000000000000,0.000000000000,60.000000000000
60.000000000000,28.602665100875,46.998120288277
5.049863141496,32.521913838952,29.780420865662
0.311582897823,20.045248499403,25.591194322395
3.879598248530,19.787018718475,32.874521615160
5.567808079868,17.427268372219,44.546852874110
60.000000000000,60.000000000000,60.000000000000
4.600535866266,22.906147922839,0.080212903676
5.882090645962,25.725191263104,25.834339426776
60.000000000000,60.000000000000,60.000000000000
5.553717238110,26.349351623514,27.719325792765
1.716122077710,18.469710260776,12.587043606614
60.000000000000,0.000000000000,60.000000000000
3.187705592208,48.439469939784,11.059086340467
47.818670604415,60.000000000000,29.452215976554
5.453190651822,14.341875010260,6.994699429330
45.898735835581,60.000000000000,14.167776209547
3.269149815132,33.377465511471,4.701744776632
60.000000000000,32.622991627126,35.969293222273
60.000000000000,49.459063524952,33.057886639301
6.961757324534,30.570037049036,25.450289352645
26.032172360392,38.856811663476,46.895662652075
7.770090729640,38.118271643277,27.663425142814
60.000000000000,0.000000000000,60.000000000000
60.000000000000,0.000000000000,60.000000000000
6.352580648835,35.795866952365,4.356857948550
60.000000000000,0.000000000000,60.000000000000
60.000000000000,60.000000000000,60.000000000000
0.314924775392,32.367798715368,23.636206435275
25.094302470580,41.307471626274,23.160615758312
9.286154541543,60.000000000000,34.525590401252
60.000000000000,60.000000000000,60.000000000000
8.724951462486,31.007458457382,37.462834278951
11.992237300738,56.920038221920,31.280352584238
60.000000000000,60.000000000000,8.200297626289
60.000000000000,35.870012821838,11.929522456542
11.952043346615,31.526662973596,28.422357680143
0.584550651710,41.211434448345,26.808478390558
31.090439731091,42.584687449013,41.617785384985
26.821621934394,38.031099611328,59.389963795804
60.000000000000,60.000000000000,60.000000000000
6.441206212554,25.758462088415,45.393176057381
45.346089329483,55.107595218788,44.980877178344
60.000000000000,60.000000000000,60.000000000000
7.785898584408,19.853542976505,23.720183989261
5.452160400207,45.937221673676,40.500141272526
27.313624097532,60.000000000000,60.000000000000
60.000000000000,60.000000000000,60.000000000000
60.000000000000,60.000000000000,60.000000000000
1.404886436349,60.000000000000,29.178226140501
60.000000000000,60.000000000000,60.000000000000
27.247403494379,20.020189952093,41.751255727727
60.000000000000,60.000000000000,60.000000000000
60.000000000000,0.000000000000,60.000000000000
60.000000000000,60.000000000000,60.000000000000
5.474577690816,60.000000000000,57.434514367532
60.000000000000,60.000000000000,60.000000000000
24.010972553052,18.419537515312,45.799329077094
60.000000000000,60.000000000000,60.000000000000
3.432759184062,42.320934880100,46.987043637583
60.000000000000,60.000000000000,60.000000000000
45.533525751668,52.607511355719,24.256137763352
60.000000000000,60.000000000000,60.000000000000
57.134398385101,35.452037024208,29.081017471999
60.000000000000,60.000000000000,60.000000000000
6.370644907130,42.671524415923,23.133942052477
60.000000000000,60.000000000000,60.000000000000
1.314269003250,2.612848709988,49.114090826738
0.433598809553,31.129540645041,28.960095116406
7.595625376834,56.435898179282,0.178795807965
27.878891757575,32.533132410431,46.564015125710
7.189246093683,15.641056118710,5.579893481995
60.000000000000,60.000000000000,60.000000000000
43.983504565232,45.790767226530,7.979459022464
60.000000000000,60.000000000000,60.000000000000
13.694530976634,32.284645026009,52.615238191781
60.000000000000,60.000000000000,60.000000000000
60.000000000000,60.000000000000,60.000000000000
60.000000000000,60.000000000000,60.000000000000
0.751665616934,8.748259484296,25.574960080129
60.000000000000,60.000000000000,60.000000000000
2.020067462198,35.385412963939,9.998775542927
60.000000000000,60.000000000000,60.000000000000
9.939214570266,20.996961401184,25.424259999503
60.000000000000,60.000000000000,60.000000000000
4.281121831690,4.834103180354,17.632136727068
43.514738466739,16.307486707259,53.758790995696
60.000000000000,60.000000000000,60.000000000000
1.378527300084,2.285013969692,8.509043289532
60.000000000000,60.000000000000,60.000000000000
60.000000000000,0.000000000000,60.000000000000
8.763690841732,28.396844431897,40.390190166854
60.000000000000,60.000000000000,60.000000000000
5.889695418326,5.214278737564,47.963679106930
0.945067067328,27.887744248488,25.958558162298
6.358276767268,35.590354866046,3.357330562702
60.000000000000,60.000000000000,60.000000000000
60.000000000000,31.337245318652,19.894399482670
1.598762074477,18.444686397240,38.413172835490
60.000000000000,60.000000000000,60.000000000000
60.000000000000,60.000000000000,60.000000000000
51.198698527299,57.317360834094,39.546353756328
60.000000000000,60.000000000000,60.000000000000
60.000000000000,60.000000000000,60.000000000000
3.576718186780,19.667678910175,30.572508461601
53.486776675003,49.331008165960,2.461224787284
60.000000000000,30.772889553132,45.152102725316
60.000000000000,60.000000000000,60.000000000000
60.000000000000,60.000000000000,60.000000000000
6.858943836022,60.000000000000,60.000000000000
1.973657585289,28.773674455223,35.428799746266
2.485569166259,36.745238807970,11.983581451894
60.000000000000,60.000000000000,60.000000000000
4.108594375798,52.857980080093,19.823489565589
60.000000000000,60.000000000000,60.000000000000
60.000000000000,60.000000000000,60.000000000000
60.000000000000,60.000000000000,60.000000000000
6.413794408462,52.910481154455,16.109595542642
60.000000000000,60.000000000000,60.000000000000
60.000000000000,60.000000000000,60.000000000000
60.000000000000,60.000000000000,60.000000000000
60.000000000000,60.000000000000,60.000000000000
5.079808465634,48.924482295270,22.647931890869
6.194275288994,20.861968622187,39.677461760618
60.000000000000,60.000000000000,60.000000000000
8.169094127572,19.269262579502,28.696618630861
4.510957300121,34.365886667122,2.776256371839
0.764948154051,25.554657288593,18.499800039051
60.000000000000,60.000000000000,60.000000000000
23.081806913603,44.230127449755,60.000000000000
60.000000000000,60.000000000000,60.000000000000
60.000000000000,60.000000000000,60.000000000000
60.000000000000,60.000000000000,60.000000000000
6.558538855529,14.909027140223,49.285180567454
60.000000000000,60.000000000000,60.000000000000
60.000000000000,60.000000000000,60.000000000000
60.000000000000,60.000000000000,60.000000000000
8.463776353465,1.144281931925,51.690617353561
60.000000000000,60.000000000000,60.000000000000
60.000000000000,52.070570389905,37.946488088675
44.391320094683,60.000000000000,3.379422844499
5.420898704919,53.307145725693,39.734993336355
6.897928484196,39.257318212494,22.311684005942
60.000000000000,60.000000000000,60.000000000000
60.000000000000,60.000000000000,60.000000000000
60.000000000000,60.000000000000,60.000000000000
48.282933507630,16.925171346599,7.793901740215
1.548538703723,13.884751195422,51.941750528782
60.000000000000,60.000000000000,60.000000000000
60.000000000000,60.000000000000,60.000000000000
60.000000000000,60.000000000000,60.000000000000
60.000000000000,52.601447905370,19.836746819676
60.000000000000,60.000000000000,60.000000000000
3.930101134490,30.001960566400,15.084613695518
4.108969793443,25.980663457533,32.335918270639
52.246245523477,7.078608450326,27.544703108270
60.000000000000,60.000000000000,60.000000000000
60.000000000000,60.000000000000,60.000000000000
18.594723137669,39.544332623585,60.000000000000
6.111018750719,28.939416113930,43.154444826616
45.899298980545,20.267726530312,32.610901351516
7.930009482688,4.832597872514,10.058681652300
60.000000000000,60.000000000000,60.000000000000
3.833652599606,51.393868163307,21.131174584487
60.000000000000,60.000000000000,60.000000000000
60.000000000000,60.000000000000,60.000000000000
60.000000000000,60.000000000000,60.000000000000
4.729865597086,22.849999273637,54.671500443923
60.000000000000,60.000000000000,60.000000000000
8.423972170800,45.711221696191,9.715263987201
60.000000000000,60.000000000000,60.000000000000
8.478964376491,42.979820042157,34.769067260009
58.322427621204,46.150557075658,8.315597003094
8.011060130322,54.377091750416,0.215390171762
22.991954123581,13.831883153521,22.301242111745
3.913194153940,13.247180208339,18.209598266692
60.000000000000,60.000000000000,60.000000000000
60.000000000000,60.000000000000,60.000000000000
4.864952101626,36.151731204143,27.719731674327
1.932950187177,2.869961855072,19.766839369316
60.000000000000,60.000000000000,60.000000000000
5.416568211550,36.812693243590,34.115730937041
2.413709933804,32.771617787596,27.511054914350
1.384940575516,7.795645712180,20.235215883704
5.588787833232,31.445702744161,38.732993805150
60.000000000000,60.000000000000,60.000000000000
60.000000000000,0.000000000000,60.000000000000
40.752683781817,4.178152378134,34.374825246962
60.000000000000,27.246180840598,39.272790846820
4.337482114892,28.015952612261,18.716941276298
60.000000000000,60.000000000000,60.000000000000
60.000000000000,60.000000000000,60.000000000000
60.000000000000,60.000000000000,60.000000000000
45.069954995803,58.619563814245,16.132651669403
60.000000000000,60.000000000000,60.000000000000
3.228156431794,42.115529535691,32.570891070211
60.000000000000,60.000000000000,60.000000000000
60.000000000000,60.000000000000,60.000000000000
12.280563939619,33.316999529154,40.835893423770
8.339093034906,33.103939985477,35.722099275472
60.000000000000,60.000000000000,60.000000000000
0.861329664940,7.512953994015,32.216182712217
60.000000000000,60.000000000000,60.000000000000
55.130769066308,36.138998682208,2.215660092820
57.415395596733,60.000000000000,60.000000000000
4.614633963788,46.523481528655,2.193096301080
60.000000000000,0.000000000000,60.000000000000
50.209884657190,22.821574658264,14.468042136983
60.000000000000,60.000000000000,60.000000000000
0.572985878171,1.626930084602,35.834288365974
55.914492096128,18.614378122011,33.048700539018
30.500655167298,21.692886480593,60.000000000000
60.000000000000,60.000000000000,60.000000000000
60.000000000000,60.000000000000,60.000000000000
8.346922501725,36.468187155686,23.911591757142
5.856215505235,19.484118647905,9.967925380093
60.000000000000,60.000000000000,60.000000000000
25.340704732054,7.255064636342,48.967381592806
60.000000000000,0.000000000000,60.000000000000
60.000000000000,60.000000000000,60.000000000000
60.000000000000,60.000000000000,60.000000000000
4.791540599461,31.618122217276,24.456129829272
60.000000000000,60.000000000000,60.000000000000
60.000000000000,60.000000000000,60.000000000000
60.000000000000,60.000000000000,60.000000000000
5.854198623773,7.279483985413,17.151229067132
60.000000000000,60.000000000000,60.000000000000
60.000000000000,60.000000000000,60.000000000000
60.000000000000,54.613048517123,60.000000000000
10.087837553452,19.566683226559,60.000000000000
13.508051120201,23.658809041334,32.940162556393
60.000000000000,60.000000000000,60.000000000000
60.000000000000,60.000000000000,0.000000000000
6.341874397264,32.119384652382,44.220684496442
60.000000000000,60.000000000000,60.000000000000
60.000000000000,6.931254585541,60.000000000000
60.000000000000,60.000000000000,60.000000000000
1.647235426547,4.184154873634,20.081073080145
60.000000000000,60.000000000000,60.000000000000
51.486491003164,5.474365788159,1.409533116192
60.000000000000,60.000000000000,60.000000000000
5.940085218590,26.624765574394,15.445861912713
1.614447612450,26.461046842336,34.568637196557
2.998624141958,0.000000000000,15.939647079780
60.000000000000,60.000000000000,60.000000000000
14.186637930357,55.261781053345,36.440241906952
9.910217890683,28.083209681949,36.266907191281
12.423967915971,2.691982052689,52.157400098998
8.649629877854,33.194952301634,24.573764433815
60.000000000000,60.000000000000,31.163546344906
60.000000000000,0.000000000000,23.011168976116
11.242528456481,46.384949962335,47.090155961982
60.000000000000,0.000000000000,60.000000000000
15.620195584389,34.780467972426,2.580928759569
10.258778014515,32.804784834369,27.395829366343
15.076896344247,7.858965382617,21.815554380918
10.132319906124,29.151345364239,38.746863740477
16.801424820342,22.067164558213,4.039705383033
60.000000000000,0.000000000000,60.000000000000
9.890543073474,45.905590834324,50.722607828311
42.681822896207,54.234403580961,58.367906117864
16.652673336750,21.841557804619,50.065933943715
27.806542114006,42.836705734835,60.000000000000
10.381035833613,18.005559838112,42.078883191914
11.859957478415,35.955440335373,19.815707790525
10.174731119042,43.083763630015,49.720643828382
60.000000000000,0.000000000000,60.000000000000
41.997199912476,53.250731077775,26.049941663485
11.800926142250,32.289774352844,22.589927141202
12.606872158683,4.883225963455,30.667128584640
10.285767735231,31.726564673854,30.191669127638
9.035620683463,12.377720638157,15.043667563148
9.768387936546,35.676425905713,38.592507222284
12.864533188056,10.936814489449,9.061928149511
60.000000000000,60.000000000000,60.000000000000
16.781936061645,25.358468655848,12.077234417970
16.524372813983,34.311527409796,35.585819313439
6.161711438027,47.552503571358,22.665830160344
16.623123534015,40.844091928865,28.365131294779
8.969682550304,5.751618057248,58.971157066110
31.289265583143,56.936248514564,60.000000000000
11.710218653908,26.830659858804,5.832228714993
14.091532000831,31.164474790137,26.159435523968
13.145511809326,24.916393021841,4.851155495709
12.883636612436,29.511855133361,39.826156721353
60.000000000000,0.000000000000,60.000000000000
8.663529915567,33.389585606097,21.832917093722
60.000000000000,0.000000000000,60.000000000000
16.959410144878,21.008244922826,21.808413098564
60.000000000000,60.000000000000,60.000000000000
60.000000000000,0.000000000000,60.000000000000
0.982873270925,44.639613122858,28.974414330690
55.997268549859,23.750936192679,49.579348094619
60.000000000000,0.000000000000,60.000000000000
52.558472682544,40.184511725882,17.210217062412
14.237317752290,49.559677691446,35.635118082467
15.510825355848,34.858301724599,30.279795361571
43.240152826140,11.937354277919,21.048817323472
57.430139748866,15.015387520377,22.570987251835
60.000000000000,0.000000000000,60.000000000000
19.026956687901,41.856316065518,1.678177742080
14.642186140419,40.089511879569,3.428228564043
58.259282386700,30.102284402697,36.926217092364
12.854269867975,9.569090358276,4.990968326892
60.000000000000,60.000000000000,60.000000000000
13.565298406528,4.889642492775,19.393716243390
60.000000000000,0.000000000000,60.000000000000
60.000000000000,60.000000000000,0.000000000000
60.000000000000,0.000000000000,60.000000000000
60.000000000000,30.426705672709,25.281548428381
60.000000000000,0.000000000000,60.000000000000
10.278204528739,18.166569027883,53.615151593199
60.000000000000,0.000000000000,60.000000000000
8.503630473647,40.197893404966,53.117528227909
9.792570026868,23.055189716156,39.321961886604
7.240063843159,47.038026957841,35.308858220873
60.000000000000,0.000000000000,60.000000000000
16.757830269132,5.281078196561,14.183491972484
60.000000000000,0.000000000000,60.000000000000
10.248296440848,29.752973865098,17.880775126988
60.000000000000,0.000000000000,60.000000000000
18.471276145011,4.825195908800,28.088384138127
5.135911839502,30.227770872992,37.827683850989
60.000000000000,0.000000000000,60.000000000000
60.000000000000,0.000000000000,60.000000000000
14.932249905478,44.428769880823,52.263489383109
60.000000000000,0.000000000000,60.000000000000
60.000000000000,60.000000000000,60.000000000000
17.107394061463,29.147702730223,29.551129772838
9.023523452716,32.358494044922,42.874873266975
17.427935665793,38.296255222697,41.937197190585
60.000000000000,12.101202341655,60.000000000000
13.699518196985,26.152834449093,22.336093464880
5.925454413429,34.665273952612,5.193626080946
11.669638342662,24.564307792027,38.980941378426
58.232482272441,15.415431946943,57.620880279884
15.695149538578,29.215847457599,32.793385795656
51.490061889953,43.588932537904,18.033941187918
60.000000000000,60.000000000000,60.000000000000
11.823303350960,30.535177108264,41.582896706685
60.000000000000,0.000000000000,60.000000000000
15.286689249221,36.990818982209,15.163424929975
59.106666205381,16.041492125100,36.853286083831
60.000000000000,0.000000000000,60.000000000000
15.096285333399,36.625914163326,22.514205702308
37.110303688307,2.611297730281,41.938878878567
60.000000000000,60.000000000000,60.000000000000
60.000000000000,0.000000000000,60.000000000000
60.000000000000,0.000000000000,60.000000000000
9.228068954882,29.367424660020,33.600770592556
60.000000000000,0.000000000000,60.000000000000
31.988516780377,59.841872159298,2.382071557949
60.000000000000,0.000000000000,60.000000000000
1.827075346573,60.000000000000,18.640020264635
60.000000000000,60.000000000000,0.000000000000
6.709197807587,19.200156180717,18.761060898249
60.000000000000,0.000000000000,60.000000000000
11.023129715800,1.937028032973,10.590046746296
60.000000000000,54.041712713331,2.376333867434
60.000000000000,60.000000000000,60.000000000000
60.000000000000,19.722444850071,43.225525290601
60.000000000000,60.000000000000,60.000000000000
60.000000000000,0.000000000000,60.000000000000
60.000000000000,60.000000000000,60.000000000000
60.000000000000,0.000000000000,60.000000000000
11.558891368484,33.348711725836,48.647582249743
60.000000000000,0.000000000000,60.000000000000
15.911248855402,2.422049187241,54.521179182031
31.150657631884,45.000355291992,31.863015427155
52.996382154256,11.635130940693,32.310019107740
11.604263637304,12.923185429153,35.571031037133
11.145748899811,18.746201913065,56.248733621886
60.000000000000,0.000000000000,60.000000000000
26.029978875874,50.179723872439,20.251700987612
60.000000000000,60.000000000000,60.000000000000
7.029510154605,43.113890636010,31.343199352772
60.000000000000,46.358773470066,45.695933841372
60.000000000000,0.000000000000,60.000000000000
60.000000000000,0.000000000000,60.000000000000
12.173525971551,21.921635948817,43.121551996286
60.000000000000,24.474606770744,35.191066049067
16.352862788912,54.307713287566,8.175724374954
60.000000000000,0.000000000000,60.000000000000
11.204343545541,9.125398177262,50.807107653357
60.000000000000,0.000000000000,60.000000000000
40.567897692784,50.323463843121,2.264393179645
16.934933503827,47.990655976088,56.495450338560
60.000000000000,0.000000000000,60.000000000000
12.198158490118,27.395119010754,24.066760153206
60.000000000000,60.000000000000,60.000000000000
29.196555495274,12.963515551791,28.355415772334
9.099028783388,29.002364278519,44.243582745713
60.000000000000,0.000000000000,60.000000000000
5.708642213545,54.748654286856,15.488733459323
60.000000000000,60.000000000000,60.000000000000
9.467159777950,8.962767852488,36.935542326563
60.000000000000,0.000000000000,60.000000000000
19.639890908121,60.000000000000,17.453172707684
10.295561438973,29.002939966997,21.700652640291
60.000000000000,0.000000000000,60.000000000000
60.000000000000,0.000000000000,60.000000000000
12.745006618908,9.015987375538,36.655626995478
60.000000000000,0.000000000000,60.000000000000
60.000000000000,60.000000000000,60.000000000000
10.711102132914,36.034593707102,28.983178218746
10.266778596600,53.168510025279,29.037842915406
11.398168023632,27.289737827031,22.135250866949
60.000000000000,60.000000000000,16.512273587145
60.000000000000,0.000000000000,60.000000000000
40.424044751621,59.522713642374,55.652043341274
60.000000000000,60.000000000000,60.000000000000
46.126269981530,48.122845275337,1.032509273193
60.000000000000,0.000000000000,60.000000000000
14.484666804117,55.717905192770,51.417705401006
60.000000000000,0.000000000000,60.000000000000
60.000000000000,0.000000000000,60.000000000000
60.000000000000,0.000000000000,60.000000000000
11.883516297257,55.414640936346,31.925073635304
60.000000000000,60.000000000000,60.000000000000
0.000000000000,0.000000000000,60.000000000000
60.000000000000,0.000000000000,60.000000000000
60.000000000000,60.000000000000,60.000000000000
13.789325554192,38.347932442533,25.220993673146
19.236887485382,24.525460310333,8.258636426015
11.887839143626,5.413357773684,34.186805826922
16.257771360032,14.611537718699,13.104831099096
19.285418478165,21.224949345963,6.374778928083
16.848462129395,31.556377954739,1.685393900416
60.000000000000,0.000000000000,60.000000000000
12.035366289061,16.183667673266,30.769205262536
60.000000000000,0.000000000000,60.000000000000
60.000000000000,0.000000000000,60.000000000000
60.000000000000,60.000000000000,60.000000000000
12.072354646231,43.634206308671,40.149970762288
60.000000000000,15.246346864704,21.449855220862
60.000000000000,0.000000000000,60.000000000000
60.000000000000,0.000000000000,60.000000000000
9.755708330888,57.384531106138,41.969313042071
60.000000000000,0.000000000000,60.000000000000
13.754430646890,54.112064073882,16.056985405776
13.928859528488,33.944289228456,30.979988903396
8.928833586593,59.612758432459,40.485089439086
1.484385333114,34.628133182018,31.683913804407
60.000000000000,0.000000000000,60.000000000000
60.000000000000,60.000000000000,0.000000000000
60.000000000000,0.000000000000,60.000000000000
2.107188039095,8.901476265375,16.598930576932
13.127410389771,34.584049438262,39.447177769394
60.000000000000,0.000000000000,60.000000000000
60.000000000000,0.000000000000,60.000000000000
60.000000000000,0.000000000000,60.000000000000
10.868781492975,16.030032753582,40.770609297834
60.000000000000,0.000000000000,60.000000000000
15.117349896329,36.158482104824,43.827284767894
22.124758518041,38.015117435416,19.823159086362
14.264743552196,37.595797326370,28.852976541621
0.000000000000,0.000000000000,60.000000000000
60.000000000000,0.000000000000,60.000000000000
60.000000000000,60.000000000000,60.000000000000
21.223158649844,43.094943629315,29.754604642325
60.000000000000,60.000000000000,60.000000000000
11.567965070753,34.298731285539,11.174894126213
60.000000000000,0.000000000000,60.000000000000
13.946043895521,20.348198901037,0.866678791244
60.000000000000,0.000000000000,60.000000000000
60.000000000000,0.000000000000,60.000000000000
60.000000000000,60.000000000000,60.000000000000
11.973661179780,50.938901853248,3.807019127356
60.000000000000,0.000000000000,60.000000000000
15.571551414688,29.553757921343,7.016280464326
60.000000000000,0.000000000000,60.000000000000
12.631431477952,46.176628777755,37.046438846819
16.404262308041,24.019988298987,32.498531490285
15.167915588153,19.553985283454,50.101468159867
9.189671053865,34.308675870194,42.576829227975
10.993735865387,36.499419145797,37.616394844238
60.000000000000,45.026546246614,18.033808803614
60.000000000000,0.000000000000,60.000000000000
11.776232406685,28.578716600667,19.647783079562
11.201262568879,44.058872911359,29.926525586774
60.000000000000,0.000000000000,60.000000000000
60.000000000000,39.833494800816,13.743522896779
60.000000000000,60.000000000000,60.000000000000
60.000000000000,60.000000000000,60.000000000000
14.972486843048,24.444059617615,39.600716021790
60.000000000000,0.000000000000,60.000000000000
14.383485596298,60.000000000000,24.926139803894
9.190646888215,24.600830832877,13.991861300365
11.265695812036,1.749977297640,14.120031326352
10.810847670188,4.196257409918,50.446568295182
60.000000000000,0.000000000000,60.000000000000
60.000000000000,0.000000000000,60.000000000000
60.000000000000,0.000000000000,60.000000000000
22.106569970002,0.099152497952,41.907164574464
60.000000000000,15.450027570631,37.908680753679
2.470589601309,3.089790922716,1.027332387277
60.000000000000,0.000000000000,60.000000000000
60.000000000000,0.000000000000,60.000000000000
60.000000000000,60.000000000000,60.000000000000
9.842907563275,50.010715693632,37.125550834870
60.000000000000,0.000000000000,60.000000000000
29.217734496396,18.729029648982,16.892747632339
0.000000000000,0.000000000000,60.000000000000
15.677655603449,26.971485581015,38.811075153857
60.000000000000,60.000000000000,60.000000000000
9.124417761725,47.734347696980,16.689061529444
60.000000000000,60.000000000000,60.000000000000
34.592915252481,58.395950682137,11.653823554833
60.000000000000,0.000000000000,60.000000000000
13.844716243602,47.886350385984,32.161123338679
33.067512460049,59.394381848302,54.743321989296
12.826996503058,4.404420897206,30.468981701556
60.000000000000,0.000000000000,60.000000000000
60.000000000000,60.000000000000,60.000000000000
11.735534547182,40.685894220926,35.161899040936
16.538433137158,47.486590255571,31.761912564628
60.000000000000,0.000000000000,60.000000000000
60.000000000000,60.000000000000,60.000000000000
60.000000000000,60.000000000000,60.000000000000
60.000000000000,0.000000000000,60.000000000000
60.000000000000,0.000000000000,60.000000000000
11.793950111070,30.181148662713,25.783402818028
60.000000000000,0.000000000000,60.000000000000
60.000000000000,0.000000000000,60.000000000000
60.000000000000,60.000000000000,60.000000000000
26.196500061344,29.345628373196,23.573212900348
60.000000000000,0.000000000000,60.000000000000
60.000000000000,37.588366554220,3.575186117232
50.367457616993,43.422327170487,60.000000000000
60.000000000000,0.000000000000,60.000000000000
17.569273726439,37.605180368354,24.334456464920
60.000000000000,0.000000000000,60.000000000000
27.618937933357,37.590237847097,36.182315760807
13.368279574291,13.701977813927,23.257073128308
60.000000000000,0.000000000000,60.000000000000
60.000000000000,60.000000000000,60.000000000000
60.000000000000,0.000000000000,60.000000000000
11.601154490661,4.971094890960,43.429520707188
60.000000000000,0.000000000000,0.000000000000
6.217491766847,30.291737818416,59.755696131678
60.000000000000,0.000000000000,60.000000000000
16.510781886815,39.316153721284,46.313427366685
13.931219235823,23.892115866882,20.094794952465
60.000000000000,60.000000000000,60.000000000000
60.000000000000,0.000000000000,60.000000000000
18.379726299671,5.578921765406,7.096141772049
60.000000000000,60.000000000000,60.000000000000
21.370146649979,40.854817588391,50.394588646345
10.859582605343,5.988691809978,29.085503475736
19.364407428284,11.700081861411,23.884195591768
60.000000000000,60.000000000000,60.000000000000
43.379668959047,11.436548985783,17.227176617979
60.000000000000,35.178455969662,8.791988540314
38.320906459076,17.055333007249,31.373997848604
60.000000000000,60.000000000000,60.000000000000
37.393857795263,44.088390979603,35.622759841920
19.353964642882,36.666449414372,38.667115113933
23.432680599700,44.841586337833,31.324070413856
12.421903704170,21.246318664522,33.507181284202
24.691180848800,15.742146380608,22.555162080359
21.322821610008,33.946755759285,31.432104482122
17.583196924821,30.959928669144,55.166180257091
23.198370135239,23.275626940713,20.720640517679
41.777723057062,44.994299617311,43.602759508440
24.082131004094,8.290811896528,23.683811847696
60.000000000000,60.000000000000,60.000000000000
47.988663135677,53.745246049525,14.120186493565
19.776432171956,11.409928110827,28.351865729025
0.000000000000,22.271860850997,25.586224678475
25.510349541677,34.758470734379,8.807368157405
19.705014264606,24.336342528779,27.224071856735
29.743460200972,30.019299671569,2.905474408769
19.109719171095,34.409250234099,27.428569416129
23.323785922538,24.131998723039,43.386096525949
60.000000000000,60.000000000000,60.000000000000
25.748385587954,4.906272731347,39.877700145438
18.996174729676,35.482401379969,19.715411913904
18.291967676211,54.905042906598,47.690251745817
3.010959397782,21.783546464222,32.224236486628
23.761668395082,7.030692041127,16.804293368076
60.000000000000,60.000000000000,60.000000000000
22.210912747544,43.802633448055,21.624298142980
60.000000000000,60.000000000000,60.000000000000
60.000000000000,60.000000000000,60.000000000000
48.034838392620,40.772104371531,28.310806934608
23.444923399405,27.457107968690,27.937393825601
60.000000000000,60.000000000000,60.000000000000
60.000000000000,60.000000000000,60.000000000000
17.861480412057,38.061422776934,30.990482542882
34.786495846967,52.619099267750,29.247128130200
0.000000000000,60.000000000000,60.000000000000
60.000000000000,60.000000000000,60.000000000000
22.159017065605,28.444749598606,35.960732847400
18.670800816883,55.924635213291,30.456044653667
18.861474643054,33.981332477004,36.788443900430
23.503776758282,36.112952978217,38.062459655876
60.000000000000,60.000000000000,60.000000000000
24.126455423948,48.934309025686,26.883822030017
21.836473605283,19.474513200984,34.223671666952
34.997027133837,58.116370823504,20.285080499550
20.203686917065,3.508838830539,44.755017163260
19.779778008261,51.387398475078,19.939123943459
60.000000000000,60.000000000000,60.000000000000
21.627200739238,2.541218887672,40.388089122760
19.265435987674,26.797741605307,22.754276603341
22.345732848887,55.748921488742,54.102655446520
60.000000000000,60.000000000000,60.000000000000
60.000000000000,60.000000000000,60.000000000000
60.000000000000,60.000000000000,60.000000000000
21.282353684847,7.972423656311,53.653728797716
60.000000000000,60.000000000000,60.000000000000
60.000000000000,60.000000000000,60.000000000000
60.000000000000,60.000000000000,60.000000000000
4.349702768427,31.091958494062,40.156964110337
21.160333667789,35.817689339290,35.012482505999
60.000000000000,60.000000000000,60.000000000000
60.000000000000,60.000000000000,60.000000000000
8.213730468572,13.206518322538,25.686844594891
60.000000000000,60.000000000000,60.000000000000
60.000000000000,60.000000000000,60.000000000000
60.000000000000,60.000000000000,60.000000000000
0.596311572199,27.945533102723,17.345852565032
28.258481608011,33.823487647028,24.572210705985
60.000000000000,60.000000000000,60.000000000000
60.000000000000,60.000000000000,60.000000000000
22.062764034293,10.956354450300,57.693545032087
60.000000000000,60.000000000000,60.000000000000
17.497531243464,44.565760493226,6.968155964521
24.292734652505,26.296986033796,37.271846829090
21.953207897245,49.056506953072,49.535419717504
38.466623831555,38.126705870167,49.630458153760
22.106401181781,48.254043051580,15.898973830052
21.368602248139,40.436304584234,27.266960952890
23.823843159304,15.984626076417,16.331184953278
60.000000000000,60.000000000000,60.000000000000
60.000000000000,60.000000000000,60.000000000000
25.114763310734,25.961242658279,23.790325930350
18.127891721998,51.836287347387,60.000000000000
60.000000000000,0.000000000000,60.000000000000
21.372289212678,34.252362966762,8.740142985109
60.000000000000,60.000000000000,60.000000000000
60.000000000000,60.000000000000,60.000000000000
55.057703589540,32.667026544591,13.305941848606
60.000000000000,0.000000000000,60.000000000000
53.658353963360,58.989062324419,24.348818689243
19.236377014301,46.581105346573,56.972315195425
13.919306266072,53.785824924332,37.260155185992
18.200511706287,5.230670525289,2.680253631646
60.000000000000,48.607178364616,60.000000000000
17.799331609231,49.889248624433,37.985493683564
60.000000000000,0.000000000000,60.000000000000
24.949261398156,38.898405692069,52.614468986589
0.000000000000,0.000000000000,60.000000000000
21.476928492411,12.658693802543,9.488811546786
51.742090697285,5.535375538615,55.096049619597
18.605799023801,24.682270463046,28.805787111666
60.000000000000,0.000000000000,60.000000000000
23.050895017841,16.199944635442,54.462846413115
48.577782823996,19.305608812805,4.890386304809
21.916868192197,42.647365149757,57.674957811835
60.000000000000,60.000000000000,60.000000000000
60.000000000000,0.000000000000,60.000000000000
60.000000000000,0.000000000000,60.000000000000
49.495580392781,14.070328152342,60.000000000000
0.000000000000,0.000000000000,60.000000000000
21.099482598523,32.547808605523,18.967871865761
60.000000000000,0.000000000000,60.000000000000
23.597503781615,2.038968263649,0.001528932511
48.879064295000,3.352122334267,28.084338323598
60.000000000000,60.000000000000,60.000000000000
13.560025619867,27.607252480499,34.927310963334
21.950007394625,35.738092692336,51.415113761357
36.471572124998,60.000000000000,43.375341842131
31.416467335669,22.413900764076,60.000000000000
60.000000000000,0.000000000000,60.000000000000
39.309349422958,49.917629941770,58.545543881660
16.452671783110,20.639816430508,34.960350137256
60.000000000000,60.000000000000,60.000000000000
60.000000000000,0.000000000000,60.000000000000
26.946394333321,37.117019341995,2.214089549756
18.304686879850,23.967960494717,31.171210388024
21.952279543927,13.931773602221,6.853676463645
60.000000000000,0.000000000000,60.000000000000
21.702149488871,9.945134512094,13.276543693906
60.000000000000,0.000000000000,60.000000000000
18.847110296356,54.156161231949,19.439111395022
20.256374934853,31.796128433864,36.129841074260
23.307781650681,60.000000000000,45.610509579046
60.000000000000,33.016808214810,52.374879801582
25.675367492251,7.978280733149,5.130215204061
18.792715082111,22.612706337997,32.825550140983
18.297852140126,32.065998958704,47.522885519841
60.000000000000,60.000000000000,60.000000000000
21.781635559156,32.914264267871,37.093997699517
60.000000000000,0.000000000000,60.000000000000
20.732847747872,42.597043461503,11.149944145931
26.649455866381,60.000000000000,38.345651315519
21.679010054900,0.803154053119,14.434465090805
18.279413255215,39.747980404233,25.799153825063
21.361834896832,60.000000000000,50.251680511369
0.000000000000,0.000000000000,60.000000000000
60.000000000000,60.000000000000,60.000000000000
60.000000000000,60.000000000000,60.000000000000
10.370001576406,29.595287027016,56.278084822351
6.710876502786,32.474716045651,45.533307725131
24.779482244151,4.449927475081,56.111174822300
60.000000000000,60.000000000000,60.000000000000
22.182791353102,27.118742887314,4.650428765215
60.000000000000,60.000000000000,60.000000000000
29.276002976007,34.619868986085,3.130714559129
60.000000000000,0.000000000000,60.000000000000
6.949970294036,6.800135301622,35.755953252140
60.000000000000,60.000000000000,60.000000000000
46.064042274808,48.963435723588,27.176973561809
17.084444003991,60.000000000000,28.536975041164
14.992611796346,60.000000000000,53.726808507106
60.000000000000,0.000000000000,60.000000000000
23.218763429839,6.961339789494,50.634074972269
60.000000000000,12.854777524363,33.562871898587
24.044723125507,60.000000000000,9.325221189830
60.000000000000,60.000000000000,60.000000000000
19.803592783359,13.124952848602,30.575608103049
24.275490780213,20.229907998940,24.576990691461
1.658576332263,20.959569289145,30.972290680912
60.000000000000,60.000000000000,60.000000000000
22.259205923830,47.650593851746,59.344462983922
60.000000000000,60.000000000000,60.000000000000
23.921580818870,36.361042166622,46.404575059898
60.000000000000,0.000000000000,60.000000000000
53.791595413066,33.481658583324,48.102403410101
60.000000000000,0.000000000000,60.000000000000
58.931369254257,60.000000000000,8.180835714577
60.000000000000,0.000000000000,60.000000000000
18.156256077229,11.911471174231,31.473511351466
60.000000000000,60.000000000000,60.000000000000
14.810206872189,60.000000000000,54.937246270835
60.000000000000,0.000000000000,60.000000000000
17.494706176369,60.000000000000,16.363012791650
20.420488564000,0.000000000000,32.931088210968
19.390446758864,57.232471816869,58.416834314903
56.910465898735,50.652447149112,6.246986821401
19.005591057371,10.703342193637,37.607791290587
60.000000000000,60.000000000000,60.000000000000
60.000000000000,0.000000000000,60.000000000000
60.000000000000,0.000000000000,60.000000000000
60.000000000000,0.000000000000,60.000000000000
60.000000000000,60.000000000000,60.000000000000
22.037166050551,19.986156703060,1.129124561736
60.000000000000,0.000000000000,60.000000000000
60.000000000000,60.000000000000,60.000000000000
60.000000000000,0.000000000000,60.000000000000
18.299551664309,50.164069773440,26.068397864040
60.000000000000,0.000000000000,60.000000000000
18.242941032449,42.362178232384,12.315106365307
18.363357417646,30.342266916084,25.266222074619
18.946311282892,21.264241097900,20.825407007284
60.000000000000,60.000000000000,60.000000000000
60.000000000000,60.000000000000,60.000000000000
60.000000000000,0.000000000000,60.000000000000
48.857233852453,14.312895053460,32.821419620542
60.000000000000,0.000000000000,60.000000000000
44.671324001289,3.538975709863,37.578883567542
60.000000000000,0.000000000000,60.000000000000
24.223015576149,49.313796521760,40.707330127652
60.000000000000,0.000000000000,60.000000000000
60.000000000000,0.000000000000,60.000000000000
60.000000000000,60.000000000000,60.000000000000
19.169000372873,19.382410063748,13.435812978003
0.000000000000,0.000000000000,60.000000000000
22.835824301973,13.477752247585,3.924892668267
60.000000000000,60.000000000000,60.000000000000
20.307007691927,51.892302015541,47.703380216944
21.659519794542,41.019988948800,20.601380804139
23.089129586980,45.868177920865,40.719954488903
49.345777217455,60.000000000000,43.531258646907
20.974371257611,32.181373621674,48.820692708032
60.000000000000,60.000000000000,0.000000000000
60.000000000000,0.000000000000,60.000000000000
8.391639179515,2.092782217609,13.933557011201
20.844853614484,25.691371728833,40.877468974559
60.000000000000,0.000000000000,60.000000000000
4.077048494448,60.000000000000,60.000000000000
60.000000000000,0.000000000000,60.000000000000
60.000000000000,0.000000000000,60.000000000000
24.735855162603,39.554288562003,39.584320384758
60.000000000000,0.000000000000,60.000000000000
3.877823674845,47.109567063953,24.597922510368
19.519279347414,54.547274165512,50.591642507244
20.979032062792,29.718860567104,24.323001440591
27.023531431346,34.926903821343,20.805772884450
12.106013740505,60.000000000000,22.317782232876
5.308770809925,60.000000000000,33.336913709958
4.410527265560,60.000000000000,19.381350544122
19.066878596709,23.087829552594,13.933722517991
24.015846394963,38.655055227231,32.390095217323
24.891224393013,52.515219102222,35.547433679728
60.000000000000,0.000000000000,60.000000000000
60.000000000000,60.000000000000,60.000000000000
60.000000000000,0.000000000000,60.000000000000
20.522462698949,5.568667554434,38.312889684307
60.000000000000,0.000000000000,60.000000000000
60.000000000000,34.954832904072,43.198374207943
60.000000000000,60.000000000000,60.000000000000
40.121745552566,33.124457365707,36.271972139219
60.000000000000,0.000000000000,60.000000000000
22.281778631315,48.069347097169,31.176273323201
44.497397905010,60.000000000000,60.000000000000
40.274535650600,60.000000000000,54.801003983102
60.000000000000,0.000000000000,60.000000000000
32.654255251605,60.000000000000,28.466671157198
12.028485852232,18.732279825898,30.334868383188
19.802654311413,0.335949863358,26.702931192624
60.000000000000,0.000000000000,60.000000000000
60.000000000000,60.000000000000,60.000000000000
60.000000000000,60.000000000000,60.000000000000
18.715121426265,8.719390386710,42.437036887569
60.000000000000,0.000000000000,60.000000000000
60.000000000000,60.000000000000,60.000000000000
0.000000000000,60.000000000000,28.487594487644
60.000000000000,0.000000000000,60.000000000000
60.000000000000,0.000000000000,60.000000000000
8.618903615853,29.595287082496,6.300258915376
21.782971341667,60.000000000000,60.000000000000
60.000000000000,0.000000000000,60.000000000000
60.000000000000,0.000000000000,60.000000000000
22.427807368071,18.439663195822,34.508106099770
0.000000000000,0.000000000000,60.000000000000
60.000000000000,60.000000000000,60.000000000000
60.000000000000,26.410548479379,43.654071727254
11.113727059724,60.000000000000,31.278143627414
60.000000000000,60.000000000000,60.000000000000
43.751516403362,60.000000000000,31.742733434568
22.687804446147,29.676339373863,31.027138660451
20.624337393963,50.352385083514,6.190029940990
0.000000000000,0.000000000000,60.000000000000
60.000000000000,0.000000000000,60.000000000000
60.000000000000,0.000000000000,60.000000000000
23.400333731530,11.627592555470,4.033409013320
60.000000000000,60.000000000000,60.000000000000
22.900569089002,11.377496354621,32.258562982087
60.000000000000,0.000000000000,60.000000000000
44.730921290945,12.809365941853,30.296441645869
60.000000000000,60.000000000000,60.000000000000
60.000000000000,0.000000000000,60.000000000000
60.000000000000,0.000000000000,60.000000000000
31.031347201397,15.753592326405,37.786370226714
60.000000000000,60.000000000000,60.000000000000
33.883059842799,20.396944237797,50.536779066092
4.585779258388,30.034678079784,11.120194200442
29.296201230866,40.113068289973,24.356189540088
60.000000000000,60.000000000000,60.000000000000
56.533895734040,20.087157373080,30.348787448636
32.386942340429,28.964415827110,6.650176602934
60.000000000000,60.000000000000,60.000000000000
60.000000000000,60.000000000000,60.000000000000
39.190973217780,25.522561637871,21.005047465946
60.000000000000,60.000000000000,60.000000000000
32.922200258464,52.732630045181,24.639762943227
30.075841376734,34.437882566687,30.454995193356
30.656048514192,43.422544168332,54.834959708738
27.153895870069,37.220586681944,26.796757595712
16.708208234499,46.870048505739,50.262569412170
3.859541310654,47.164990328713,26.698684626313
31.158572979587,31.602124909529,13.921909320592
60.000000000000,60.000000000000,60.000000000000
30.890552308741,52.572811419160,12.533939964764
60.000000000000,0.000000000000,60.000000000000
29.290048784067,18.967287988145,2.577367520205
26.463546577561,33.304196142998,29.283131710622
60.000000000000,60.000000000000,60.000000000000
30.220533516368,37.063242670657,25.595282214530
25.987961995866,43.495185260722,49.198554493621
60.000000000000,60.000000000000,60.000000000000
60.000000000000,60.000000000000,60.000000000000
58.301346990195,10.833422879375,19.634592299944
24.351865489986,57.730027735641,20.008065357654
29.545916429795,24.770946293516,23.348705785137
41.819055375973,48.318289716920,36.145999894628
23.037397985114,28.929404812828,39.689455068621
29.907921852533,8.957713829685,33.808275237225
60.000000000000,60.000000000000,60.000000000000
29.120097497585,26.606483722547,36.856739685600
60.000000000000,60.000000000000,60.000000000000
32.555505580867,60.000000000000,49.359118791649
33.232067583559,28.086430899131,36.803298556353
27.214700809908,43.154743060107,13.497281289674
24.368131717920,29.394767817951,32.051553409648
34.583120390039,20.254513623297,4.319125458514
60.000000000000,60.000000000000,60.000000000000
0.881220184242,51.466327585916,51.651354948590
60.000000000000,60.000000000000,60.000000000000
42.280136471260,52.560712965603,37.484402304117
60.000000000000,60.000000000000,60.000000000000
60.000000000000,60.000000000000,60.000000000000
29.277523802307,32.996041280247,35.162521608446
31.036611911253,9.415000551859,6.130985024167
60.000000000000,60.000000000000,60.000000000000
32.550706910036,38.727989499613,14.453051350001
47.796992036562,34.067698241026,16.884024293673
60.000000000000,60.000000000000,60.000000000000
60.000000000000,60.000000000000,60.000000000000
32.616947125415,1.807192287401,36.637144331852
2.410608306797,9.332934303854,51.917771092032
32.359584152768,53.587468872596,18.042515643992
29.268124834759,32.590719973606,37.873502172399
38.098315304474,56.504567800743,13.264635986242
60.000000000000,29.575274745011,23.165610749241
60.000000000000,60.000000000000,60.000000000000
60.000000000000,60.000000000000,60.000000000000
33.019652998875,52.824879504746,52.695764674390
60.000000000000,60.000000000000,60.000000000000
28.303675488491,17.952556280852,15.861516758163
23.026713807482,59.795763177977,37.928631406416
28.162844121220,18.263545877532,11.036042500062
60.000000000000,60.000000000000,60.000000000000
60.000000000000,0.000000000000,60.000000000000
60.000000000000,60.000000000000,60.000000000000
18.703326853728,38.088265963870,10.720875399193
60.000000000000,60.000000000000,60.000000000000
32.104414361416,50.153909631164,47.576485845388
60.000000000000,60.000000000000,60.000000000000
26.791831511247,24.004268680787,7.647200419703
29.906587920223,20.217549318089,24.295959858799
24.656237086839,38.903074571745,37.243256232733
60.000000000000,60.000000000000,60.000000000000
30.023801208385,37.197629262527,2.946566355002
35.255265488197,43.302040461613,25.902903021864
25.794804098660,31.485111146838,10.873892188554
32.883619203648,21.814266968166,26.183691860265
26.333184814546,6.695917026884,55.913353851125
32.999352152519,26.712077286648,39.765785840151
58.640855058384,29.019427601756,50.529914877932
39.565415663237,56.917753015124,43.035632524518
26.553672122487,2.339411685702,30.650055776088
60.000000000000,28.126095850027,28.024010566008
60.000000000000,60.000000000000,60.000000000000
32.800080101986,25.422732958812,35.466422571254
30.388030051045,57.253388582801,16.898053992354
17.928167316178,33.343516749664,27.458311282932
31.045434221367,37.216590118054,36.236170306699
60.000000000000,0.000000000000,43.341241986049
33.886120027034,6.484362875702,14.488571833379
34.645823476888,8.175128994579,56.096440854367
41.570188215186,60.000000000000,38.985762571645
60.000000000000,60.000000000000,60.000000000000
38.665951324520,17.096125496828,33.164923471034
60.000000000000,60.000000000000,60.000000000000
28.039553593593,44.165393475796,43.789274085059
60.000000000000,60.000000000000,60.000000000000
29.853082126018,4.361204655278,43.611313980173
60.000000000000,0.000000000000,60.000000000000
31.024925072601,29.876659659000,28.093096093337
53.610323362754,60.000000000000,13.182238391587
60.000000000000,60.000000000000,60.000000000000
60.000000000000,60.000000000000,60.000000000000
32.547260692561,26.081524850178,43.796206803487
59.892370986469,60.000000000000,40.256152607207
31.564645550334,36.587513691903,38.618066241067
60.000000000000,60.000000000000,60.000000000000
24.291093005277,16.188067113903,1.900358281528
60.000000000000,0.000000000000,60.000000000000
60.000000000000,0.000000000000,60.000000000000
60.000000000000,60.000000000000,60.000000000000
29.160845137528,27.235211952432,56.617573616388
60.000000000000,60.000000000000,60.000000000000
11.265755587173,15.928137571082,6.536861131665
41.913076739523,60.000000000000,1.030815551055
29.849176326633,2.021997630499,5.590589127693
60.000000000000,60.000000000000,60.000000000000
60.000000000000,0.000000000000,60.000000000000
30.913673446326,4.782436273393,31.763850917223
31.418484939112,54.464850393447,46.394513865798
37.129863144355,5.935146074771,21.135071884205
29.254612217967,46.755385039706,36.809575147030
60.000000000000,0.000000000000,60.000000000000
28.902834372866,32.209860663476,40.956562071219
60.000000000000,60.000000000000,60.000000000000
60.000000000000,0.000000000000,60.000000000000
60.000000000000,0.000000000000,60.000000000000
30.922705140325,51.159143364130,19.407369791111
60.000000000000,60.000000000000,60.000000000000
13.914609696223,12.360948691955,49.832015662052
60.000000000000,60.000000000000,60.000000000000
60.000000000000,60.000000000000,60.000000000000
60.000000000000,60.000000000000,11.800771412761
29.821694784137,20.088366973537,50.121131424000
30.449691704543,34.886353868555,23.899553083169
25.873486271732,14.416488526147,19.552096472434
60.000000000000,60.000000000000,60.000000000000
26.036175556961,30.202762038253,55.532878541603
27.140563216152,34.888446775658,24.010189023817
27.887983762628,34.024873807648,50.808546659754
60.000000000000,0.000000000000,60.000000000000
29.365028324088,14.347013299855,3.167891373687
0.000000000000,0.000000000000,60.000000000000
32.530577907113,15.321350061559,44.074826968655
14.227453604754,15.691415367299,0.335838281008
33.439598653500,17.637474934112,22.605359027196
28.961911949654,30.578480446881,28.597561958561
34.168463522078,53.911673984844,12.937027027110
60.000000000000,60.000000000000,60.000000000000
60.000000000000,60.000000000000,60.000000000000
30.546202101938,23.640475492011,34.375613725378
29.150336704465,52.435613773712,16.265822452166
30.462034586316,26.245950026981,24.462399723717
0.000000000000,0.000000000000,60.000000000000
60.000000000000,60.000000000000,60.000000000000
60.000000000000,60.000000000000,60.000000000000
60.000000000000,0.000000000000,60.000000000000
60.000000000000,60.000000000000,60.000000000000
60.000000000000,0.000000000000,60.000000000000
27.593753972638,23.382676503607,1.206535457755
60.000000000000,4.486705798290,38.827223648327
60.000000000000,60.000000000000,60.000000000000
15.303186185922,59.285363673254,37.140238296550
60.000000000000,8.666697879832,36.923654963553
60.000000000000,0.000000000000,60.000000000000
27.281262588110,14.205489341408,8.118392802916
26.964060678083,38.893155463253,25.093196947548
30.579950713419,39.193381151527,29.565539516545
60.000000000000,60.000000000000,60.000000000000
60.000000000000,60.000000000000,60.000000000000
60.000000000000,60.000000000000,60.000000000000
29.796020856939,14.164670137544,21.491843852980
60.000000000000,60.000000000000,60.000000000000
57.177094757244,8.377114305692,50.984055690193
60.000000000000,0.000000000000,60.000000000000
31.987317802890,43.337091470835,28.437407259782
60.000000000000,0.000000000000,60.000000000000
60.000000000000,46.197034042635,39.872574868675
60.000000000000,0.000000000000,60.000000000000
28.356757100191,56.008238412788,35.307707970031
60.000000000000,0.000000000000,60.000000000000
44.675706120613,5.633015856761,5.392660327170
60.000000000000,0.000000000000,60.000000000000
8.173764954020,18.039967531984,51.160663451514
60.000000000000,0.000000000000,60.000000000000
60.000000000000,60.000000000000,60.000000000000
30.606752504746,28.883976432300,21.946249105011
51.608728597991,43.033637138479,30.317209525592
42.623226362851,49.461919246586,58.135401552973
60.000000000000,60.000000000000,60.000000000000
60.000000000000,0.000000000000,60.000000000000
58.188500921187,60.000000000000,4.960959765688
60.000000000000,0.000000000000,60.000000000000
60.000000000000,0.000000000000,60.000000000000
60.000000000000,0.000000000000,60.000000000000
60.000000000000,60.000000000000,60.000000000000
60.000000000000,60.000000000000,60.000000000000
60.000000000000,0.000000000000,60.000000000000
60.000000000000,0.000000000000,60.000000000000
25.711088188925,4.443968335439,28.767972351836
60.000000000000,0.000000000000,60.000000000000
30.285028117427,48.839414048217,41.284869870844
33.935696447145,23.116011167935,21.671274477181
30.947788710761,5.011801057992,13.276971799865
60.000000000000,60.000000000000,60.000000000000
60.000000000000,0.000000000000,60.000000000000
60.000000000000,0.000000000000,60.000000000000
27.784380969849,10.283874736294,6.833103243668
60.000000000000,60.000000000000,60.000000000000
1.076178756205,49.617195932589,19.963919306202
60.000000000000,0.000000000000,60.000000000000
27.463113366735,20.109758054252,20.057318792303
60.000000000000,60.000000000000,60.000000000000
24.208336277596,60.000000000000,0.020751032027
60.000000000000,60.000000000000,60.000000000000
26.353040417518,47.742146287607,23.001914951025
60.000000000000,60.000000000000,60.000000000000
30.043250835994,57.317147487881,1.272896601125
28.237336623180,60.000000000000,22.140919292448
29.068765637430,55.636105505732,57.192220412166
60.000000000000,60.000000000000,60.000000000000
30.566596351732,12.326187811737,30.854134313830
27.654867898494,31.248402455311,32.729408101558
26.895343933626,28.234348117873,53.464793550712
50.752611780111,20.004860007740,60.000000000000
25.829029903247,60.000000000000,39.536643390897
34.507245030820,36.217782658342,28.786205545457
29.747004051460,6.439811827532,50.003051597079
60.000000000000,0.000000000000,60.000000000000
29.437970556654,11.447236162095,17.945958987017
60.000000000000,0.000000000000,60.000000000000
60.000000000000,0.000000000000,60.000000000000
24.616994167725,33.166035628187,38.310001644600
6.759052533387,60.000000000000,1.798594001964
33.914936302540,26.688230827802,27.836615984346
27.984626755816,23.331917635755,33.538807172511
60.000000000000,60.000000000000,60.000000000000
27.418710026153,9.064733036490,52.497093103884
60.000000000000,60.000000000000,60.000000000000
29.019425921000,26.067078321847,5.639544624201
60.000000000000,60.000000000000,60.000000000000
7.456600727417,29.874725558053,6.511904116503
32.886349210203,32.165365418116,27.484679431199
16.973719638461,41.882464483794,1.187263432981
0.000000000000,0.000000000000,60.000000000000
60.000000000000,60.000000000000,60.000000000000
60.000000000000,0.000000000000,60.000000000000
41.014174183375,32.261013445339,7.088428773148
60.000000000000,0.000000000000,60.000000000000
60.000000000000,60.000000000000,60.000000000000
60.000000000000,0.000000000000,60.000000000000
16.367973184501,44.160175274634,33.228784419111
60.000000000000,60.000000000000,60.000000000000
26.333492664921,52.162150646133,49.395256298683
60.000000000000,27.547112478855,23.141524341513
30.483431746649,13.195483017162,12.606315230126
48.307047639219,0.000000000000,60.000000000000
26.596415385941,22.654536349512,60.000000000000
30.721425506731,25.886909962967,39.286795427619
14.770929813616,20.722076035497,49.135240176773
60.000000000000,0.000000000000,60.000000000000
60.000000000000,60.000000000000,60.000000000000
60.000000000000,0.000000000000,60.000000000000
30.763761314946,45.285581748191,14.126142468683
28.213626734673,0.000000000000,60.000000000000
60.000000000000,60.000000000000,60.000000000000
33.711357611952,24.997134300078,37.557461539817
60.000000000000,60.000000000000,60.000000000000
60.000000000000,60.000000000000,60.000000000000
42.801604462066,13.934923351206,47.608214540033
55.611705706879,34.527372152426,60.000000000000
60.000000000000,0.000000000000,60.000000000000
0.361701497104,60.000000000000,27.644435566544
28.089249262732,15.969793351969,41.661408769366
60.000000000000,60.000000000000,60.000000000000
60.000000000000,0.000000000000,60.000000000000
60.000000000000,60.000000000000,60.000000000000
60.000000000000,60.000000000000,60.000000000000
60.000000000000,0.000000000000,60.000000000000
30.430829143727,13.135090441728,23.772168763543
30.390189652637,33.764831891968,27.094990372343
26.573643317668,28.000909141354,48.514445257126
60.000000000000,60.000000000000,60.000000000000
60.000000000000,0.000000000000,60.000000000000
60.000000000000,0.000000000000,60.000000000000
31.389888502186,6.704410152950,23.628489800620
60.000000000000,60.000000000000,21.234965708594
32.421249593210,51.768642950629,4.155961197333
60.000000000000,0.000000000000,60.000000000000
3.376991614454,40.042985826097,60.000000000000
60.000000000000,60.000000000000,33.933118855919
60.000000000000,0.000000000000,60.000000000000
22.098245680898,60.000000000000,60.000000000000
36.278800929202,23.077128715817,6.747081468894
15.253210839018,23.396170383697,40.506534736122
45.880790282816,0.795302001106,60.000000000000
60.000000000000,60.000000000000,60.000000000000
60.000000000000,60.000000000000,60.000000000000
1.282925647988,32.110549063356,28.276564290239
41.086254780023,55.496735283290,46.451006173645
36.656818084795,25.242343867212,32.767528136163
41.774993425178,26.909533784427,35.273602026014
36.489737260626,22.501703721125,50.140892045115
42.550668015243,15.132521517241,9.426108935634
60.000000000000,0.000000000000,60.000000000000
39.560377073003,6.235944151950,7.699630789949
51.888403344598,43.198643238631,26.408741409756
36.059053197636,15.832360549053,26.393164769127
60.000000000000,60.000000000000,60.000000000000
37.730625363443,48.788821857123,4.517613718396
43.063994647116,33.316652679272,23.495189346464
37.210449952004,8.338593082451,29.772189150107
41.307577682275,24.892563634694,23.385366019015
37.190911373082,58.857640858434,54.355635936885
4.108395906593,9.031103162893,33.972603760351
57.791216123114,54.547718931692,32.439503107594
60.000000000000,0.000000000000,60.000000000000
42.523151600776,35.634049949054,26.568554491109
60.000000000000,0.000000000000,60.000000000000
34.451592383182,58.856789552579,6.262729188061
41.951402892017,40.131804086197,30.823538096605
32.805872458348,56.199670448309,59.435628897432
60.000000000000,0.000000000000,60.000000000000
40.759698796380,23.664870164792,38.008673998249
35.925551080826,17.668481655799,23.205870713751
8.756100517289,55.148406186896,2.548669154091
36.627035361796,34.334397410769,25.294321395961
36.344425141077,9.744323885012,52.564587076396
42.494631777905,33.507109023997,31.345505364757
60.000000000000,60.000000000000,60.000000000000
40.015438506546,28.281581452226,36.790624617487
41.567965081118,59.989549718483,11.079528830336
16.039001011273,47.196202230527,60.000000000000
38.808379296839,19.332700862932,48.250937605725
60.000000000000,0.000000000000,60.000000000000
42.813032337997,44.844308152640,48.440470044292
60.000000000000,0.000000000000,60.000000000000
34.530768064340,5.407109792579,40.203737603190
60.000000000000,60.000000000000,12.940196526463
37.180845109735,12.889429610797,21.253780964880
36.965484224042,30.018799869084,19.404585967747
58.617307232789,13.041546746464,2.180543246384
49.760998972303,1.080848234993,56.337257128665
39.550477419574,19.498524525787,51.392661196224
60.000000000000,0.000000000000,60.000000000000
41.103264348674,28.400028844804,2.107603179252
34.198091656122,1.902861316723,59.171666305234
60.000000000000,0.000000000000,60.000000000000
33.863828244167,22.865043769251,41.313158283019
38.378166282121,14.225629984265,52.680851779358
60.000000000000,0.000000000000,60.000000000000
42.236367040120,48.305301901042,53.337094929507
55.796133406916,45.296936771257,27.310101005482
40.187956433029,37.216287135352,2.911479476092
39.423101191563,37.240881146599,34.757928776073
60.000000000000,0.000000000000,60.000000000000
60.000000000000,60.000000000000,60.000000000000
60.000000000000,60.000000000000,60.000000000000
44.103484053555,60.000000000000,38.857555017500
37.512771920953,17.728153504932,56.747559360579
49.346549071541,42.366836028708,42.153139719784
40.982260685137,9.948013066998,51.733488200871
60.000000000000,60.000000000000,60.000000000000
34.425740856023,45.778621189395,58.739705025643
60.000000000000,0.000000000000,60.000000000000
60.000000000000,0.000000000000,60.000000000000
60.000000000000,5.880340938950,49.796912674457
22.933304028197,40.193925477020,54.627318622383
15.447525202057,28.827735577369,1.268998921648
36.730635338763,55.914810901813,53.201301812339
46.271051469571,24.282056353104,28.608584282564
41.456501621517,38.116156025571,44.626431327407
34.456522906798,19.664911233169,20.884621413108
37.829582531263,3.493075208233,8.214386004813
4.873803667907,8.164856010264,16.304664133253
13.284790168367,26.133131063531,45.413251905873
51.469445023793,41.848558537426,23.177736102580
39.624284920699,22.865359826642,1.267421570417
38.273133762214,23.393137450946,29.827382782208
39.549316456789,30.564601577827,17.901329655188
43.320956804509,27.663595463846,39.165008296330
56.297588119782,28.057646419410,51.410864544788
60.000000000000,0.000000000000,60.000000000000
60.000000000000,0.000000000000,60.000000000000
42.618213564334,25.444870766693,24.622446656025
34.035941150120,2.005457358530,56.693467574428
38.376381199239,25.882289044956,35.668229634150
40.358552420584,41.549794952770,3.101752072728
0.000000000000,60.000000000000,60.000000000000
34.664702428643,11.545273754882,44.156924915749
48.819672524079,19.926102927285,17.633933101292
34.264271009942,19.850226425888,0.441818981824
60.000000000000,0.000000000000,60.000000000000
41.564887643478,47.174458286707,13.401372332438
60.000000000000,0.000000000000,60.000000000000
35.742289476842,27.265863289060,25.706198840664
60.000000000000,0.000000000000,60.000000000000
42.824307676028,18.445903882741,47.449699697360
60.000000000000,60.000000000000,60.000000000000
33.385692534384,22.355650841539,3.961609176169
60.000000000000,60.000000000000,60.000000000000
60.000000000000,0.000000000000,60.000000000000
60.000000000000,0.000000000000,60.000000000000
29.618949954624,19.361257277389,58.779133961667
60.000000000000,0.000000000000,60.000000000000
41.443436186525,50.426001348463,18.803076081211
60.000000000000,0.000000000000,60.000000000000
37.759835780864,46.919162294918,7.051724216345
43.076852207098,24.944638525846,37.071755350803
5.377519487237,41.803542807916,56.651765437370
53.012674112309,41.448900368227,55.726071427351
45.820418565698,49.180279221076,30.462711032573
50.486683492919,11.484207439846,28.164406211596
42.377567980520,32.165677843830,17.855487152744
5.836575743751,22.875613775386,24.315291997438
36.842964543339,1.842087486778,11.190983997981
60.000000000000,0.000000000000,60.000000000000
60.000000000000,0.000000000000,60.000000000000
5.536111110602,24.996738907327,28.769834094031
40.856477225753,12.966329459668,41.185823186434
60.000000000000,0.000000000000,60.000000000000
34.823225405061,12.609386529340,50.197008391928
60.000000000000,0.000000000000,60.000000000000
36.117907779024,51.229044170814,12.734119339097
60.000000000000,0.000000000000,60.000000000000
40.119580616179,11.388735159773,58.104342505504
60.000000000000,0.000000000000,60.000000000000
36.841440895954,5.740658977549,48.308836272593
60.000000000000,0.000000000000,60.000000000000
41.993695311729,52.811621222793,3.744713632017
21.756498955758,31.254398696566,29.257835155027
60.000000000000,0.000000000000,60.000000000000
60.000000000000,60.000000000000,60.000000000000
41.147120717705,45.122653219765,20.870325083383
38.617028159169,37.231331856739,31.095395759643
40.972726881568,13.598218457556,42.742900510165
60.000000000000,0.000000000000,60.000000000000
38.551365865779,49.921093444141,44.713456027272
60.000000000000,0.000000000000,60.000000000000
37.225478760562,36.135032540065,54.357813441113
60.000000000000,0.000000000000,60.000000000000
43.416319711146,51.328949483536,24.047900966288
33.348856712492,60.000000000000,23.623556956798
35.420262763473,48.560711273052,17.654486950297
38.891658097541,33.358974597076,24.284132048282
43.888202607179,31.676012476637,38.238531578793
42.755208616098,41.858318248772,26.238261269372
0.455314034294,31.797226988200,19.574297192116
43.661029465062,48.236676695753,18.953415475190
60.000000000000,0.000000000000,60.000000000000
36.433696004279,23.065967051709,26.443659892919
41.465382841634,58.118849290402,58.839138305957
39.263123543828,24.960520904763,24.875708376607
60.000000000000,0.000000000000,60.000000000000
60.000000000000,0.000000000000,60.000000000000
60.000000000000,0.000000000000,60.000000000000
60.000000000000,0.000000000000,60.000000000000
60.000000000000,1.993607253069,60.000000000000
32.105642943971,48.047798685709,36.663464040210
42.186267671545,0.492469710228,36.673894793467
39.011041886261,38.937763607873,38.470184508011
52.786618638004,46.233174794534,37.021057649634
38.947198590086,29.995014126018,28.946622004254
54.136492053490,58.417514864048,13.888845040328
60.000000000000,0.000000000000,60.000000000000
39.908775323308,21.175564587018,25.570718663445
36.787270283067,20.430579785738,37.476808693627
34.747936552929,24.854717815793,49.479683005736
60.000000000000,0.000000000000,60.000000000000
60.000000000000,0.000000000000,60.000000000000
60.000000000000,0.000000000000,60.000000000000
44.160069314994,23.357214159371,3.583160140887
60.000000000000,0.000000000000,60.000000000000
38.426923354896,1.542047498768,26.592141686820
28.976496248174,33.945404982338,2.507461930681
30.200772780488,34.175093663257,0.327692672202
60.000000000000,0.000000000000,60.000000000000
31.660297821494,46.847921888348,1.677686105543
0.000000000000,0.000000000000,60.000000000000
41.838437657853,21.520218818824,19.050986386052
60.000000000000,0.000000000000,60.000000000000
39.202672030429,8.005139881075,14.547553395030
60.000000000000,0.000000000000,60.000000000000
37.696155655734,20.963081555960,45.361641286975
60.000000000000,0.000000000000,60.000000000000
60.000000000000,60.000000000000,60.000000000000
41.186240299506,31.643299436245,32.213906780063
39.437479190734,37.958965685164,50.169868886312
60.000000000000,0.000000000000,60.000000000000
60.000000000000,0.000000000000,60.000000000000
60.000000000000,0.000000000000,60.000000000000
39.821360767920,8.156385357920,26.469788644867
60.000000000000,0.000000000000,60.000000000000
60.000000000000,0.000000000000,60.000000000000
0.000000000000,0.000000000000,18.851810348296
60.000000000000,0.000000000000,60.000000000000
60.000000000000,60.000000000000,60.000000000000
60.000000000000,0.000000000000,60.000000000000
37.901157377243,42.678682439933,20.463902702418
37.595081593526,20.905801264640,26.197298747339
60.000000000000,0.000000000000,60.000000000000
41.279495192789,54.772919551027,9.359642013532
52.450453559447,33.926268142831,57.735018982376
34.741174732348,48.014849986028,8.080295084252
50.653805674756,0.000000000000,60.000000000000
50.157084849587,39.148742355435,16.183836444974
60.000000000000,0.000000000000,60.000000000000
36.879703076750,22.200844857151,58.348230411972
60.000000000000,60.000000000000,45.901828879969
40.129233468304,1.846275851412,14.309807826989
60.000000000000,0.000000000000,60.000000000000
36.275450488117,47.094843969466,0.361085840907
60.000000000000,0.000000000000,60.000000000000
40.201460965480,27.084029129051,16.884508857653
60.000000000000,0.000000000000,0.000000000000
6.938793327168,28.311340646351,11.218519170656
60.000000000000,0.000000000000,60.000000000000
37.309462345649,41.373594120164,58.757174571615
42.824597706261,25.183501050294,28.254032888940
40.834608779033,0.791349329530,0.529975072714
5.024687441919,60.000000000000,45.423719490264
8.956679989762,25.194032997090,38.166899690564
14.392745146983,22.313171426553,46.181846099996
38.115337401380,26.304810835186,4.290588015851
36.043952278040,60.000000000000,41.395762528554
16.790303709689,2.417289249842,48.081056116780
35.725985408703,27.248759790673,39.809154305512
25.602852673628,53.235597199760,58.986220647258
60.000000000000,0.000000000000,60.000000000000
21.216135529941,54.281961483607,25.266338254280
60.000000000000,0.000000000000,60.000000000000
60.000000000000,22.809481098440,56.665626610219
7.276389877467,23.274809788169,7.446328225720
31.880747869581,27.775846301715,60.000000000000
36.451112453701,25.577597374677,23.534001526669
38.560259368505,37.547514849505,6.002441398842
60.000000000000,0.000000000000,60.000000000000
37.505815881661,43.732839996381,24.368112782475
60.000000000000,0.000000000000,60.000000000000
34.320765068327,37.959299678257,32.064461746952
60.000000000000,0.000000000000,60.000000000000
40.604147993603,56.059046814438,25.982657948586
60.000000000000,31.360144447278,60.000000000000
13.291922261765,13.428933528742,46.459886472333
42.858862011254,60.000000000000,20.382249027010
36.311321574930,60.000000000000,9.433625198575
33.605000760430,0.000000000000,19.046854455056
60.000000000000,60.000000000000,0.000000000000
60.000000000000,0.000000000000,60.000000000000
45.916183975543,58.758323642650,9.245935548613
60.000000000000,0.000000000000,60.000000000000
40.529591103588,55.197467936490,55.796353019745
60.000000000000,60.000000000000,60.000000000000
41.086079158776,49.089296741442,0.160789317496
28.579630524299,60.000000000000,0.683837819794
35.242595734304,34.955005787959,58.544635814211
60.000000000000,60.000000000000,60.000000000000
36.109267559783,7.850692125399,20.381396806420
36.345756775764,31.557107830551,20.995004793620
15.459035538585,19.939323565329,51.376598450227
60.000000000000,0.000000000000,60.000000000000
53.265980453467,0.000000000000,60.000000000000
60.000000000000,0.000000000000,60.000000000000
51.697848806664,26.422874515339,22.442062546926
60.000000000000,29.883661693933,60.000000000000
39.138671815173,0.000000000000,45.943632662635
60.000000000000,0.000000000000,60.000000000000
60.000000000000,0.000000000000,60.000000000000
36.490494959534,60.000000000000,34.108402741049
23.261448440367,37.693193995194,33.669305340065
20.349641475464,17.573946431335,55.245955855190
45.266900966445,52.402964296960,43.441209462529
45.346375497691,15.196413715877,35.325811370357
35.829385297129,18.827602363534,50.571356692459
60.000000000000,0.000000000000,60.000000000000
41.039458207220,53.014982737706,9.866070415133
60.000000000000,0.000000000000,60.000000000000
8.397744323410,60.000000000000,15.338452671598
60.000000000000,0.000000000000,60.000000000000
16.645556348208,60.000000000000,20.011022660277
60.000000000000,0.000000000000,60.000000000000
40.597756146816,3.252558778225,30.411868833414
60.000000000000,0.000000000000,60.000000000000
53.496422596842,40.980814083814,60.000000000000
60.000000000000,0.000000000000,60.000000000000
41.075132298721,7.477003074224,43.693765563459
41.929707127641,19.635111582401,60.000000000000
34.461048278291,31.252643128386,38.900522196708
60.000000000000,0.000000000000,60.000000000000
57.652312546817,10.402433030048,30.137506205805
41.552029445563,36.003238100092,21.792558519624
33.857746420828,60.000000000000,0.000000000000
60.000000000000,0.000000000000,0.000000000000
47.796405713779,35.840565818151,39.184234695177
60.000000000000,0.000000000000,60.000000000000
49.537959679046,39.427311178698,49.267005620078
43.795971083092,30.774787154980,33.716750046995
55.132263185887,35.589682316561,29.783140041430
60.000000000000,0.000000000000,60.000000000000
46.105578293338,39.717604678363,4.675776569803
60.000000000000,0.000000000000,60.000000000000
51.930719637796,2.548911657936,48.291048593898
47.263098684832,38.288810852056,36.299760578012
43.107012908679,54.944145394718,42.689383000024
47.979357072623,39.324714168975,38.568625980036
49.033735171670,21.751309219150,45.859776500284
48.385217748617,42.621887541979,33.962102621464
43.241819810090,45.361433518550,57.998082355466
60.000000000000,4.827402576317,16.646367226168
0.782347114583,56.851042438144,8.074531683198
60.000000000000,0.000000000000,60.000000000000
5.407908208726,47.767214201392,6.094973099339
45.821489603362,34.932552433281,29.810813574912
41.295134364655,6.799943860313,25.874575393200
4.519782298609,18.825118198750,55.012443297909
8.900260717395,18.897168621530,60.000000000000
60.000000000000,0.000000000000,60.000000000000
60.000000000000,0.000000000000,60.000000000000
47.384776091720,22.567568199306,39.085052395171
42.863805456381,14.564255700198,23.710872542582
47.319916489763,38.041242031896,25.048764966970
40.820051776577,5.222929316064,29.337390002876
60.000000000000,0.000000000000,60.000000000000
48.426953688635,3.133334700379,6.360380623916
55.531392913159,32.112367003165,28.442347010823
16.932515283662,3.788461906094,30.722219416182
44.261263931278,20.350901122791,30.450406986229
60.000000000000,0.000000000000,60.000000000000
33.753303967089,60.000000000000,60.000000000000
44.939307081030,35.011981888148,9.298391391752
50.545093220456,34.722126972900,31.905897359505
60.000000000000,0.000000000000,60.000000000000
45.402129383022,36.002925890647,38.362556751480
6.738965658994,55.803688837108,47.864510665783
36.714387390093,43.412880598099,16.154955715065
37.664312050263,23.004528250393,41.200630606966
7.407647548893,58.413268339199,18.717465863619
49.824538145696,10.551426387782,51.782537404557
60.000000000000,0.000000000000,60.000000000000
45.314554358565,55.822462163139,23.661578764039
60.000000000000,0.000000000000,60.000000000000
44.656098952810,14.169952830273,44.243544224399
43.023277831117,33.178527614728,32.794714636992
47.950488827564,30.449183509037,37.016145857920
48.633885382028,25.385036215098,37.362304378495
49.597198803903,18.155301637430,49.652354377961
51.716554860425,36.233652719396,38.809807472091
11.308286395948,14.583838889973,48.759107928107
58.289131678219,46.205651846678,32.417157520575
13.858518490219,47.584366093559,34.270243370699
44.354632273807,37.571468683420,60.000000000000
0.000000000000,60.000000000000,5.140657705324
60.000000000000,0.000000000000,60.000000000000
49.281582567280,28.387301284802,37.535912391406
60.000000000000,0.000000000000,60.000000000000
60.000000000000,0.000000000000,60.000000000000
60.000000000000,0.000000000000,60.000000000000
60.000000000000,23.287514729773,29.804755996765
48.785667001884,32.707873658181,25.620611721817
46.603659199366,17.297387087295,37.683039239897
60.000000000000,60.000000000000,60.000000000000
48.139665903052,0.365158350864,31.917381683740
60.000000000000,35.070509279579,24.697448393620
43.839420528686,8.539270952570,26.737753046590
40.779112145679,55.970742432141,28.098405613143
60.000000000000,7.780757104834,7.393014761461
60.000000000000,12.434474451767,7.889277387387
45.639607897434,10.745508551102,17.333061658961
47.480630196398,24.581502275514,20.690858886398
49.141687512830,32.445516470372,43.886190277726
39.584876687050,16.056917541206,5.765081076347
49.371925236754,9.986715898222,47.681895166840
50.193956780132,21.236255535673,29.802730533948
46.005326874476,23.679816189176,24.314491923125
60.000000000000,60.000000000000,60.000000000000
44.066345360323,43.490046115411,11.171108283518
45.668234970489,35.879026470957,21.304184140249
43.473975481341,41.564351601386,8.697100859855
32.843645372438,25.625022058811,48.611921898085
43.085612440387,51.062048705638,22.529146452516
48.636400380952,22.702383558547,22.476642982591
47.534476301256,34.427370753413,57.032246846113
60.000000000000,0.000000000000,60.000000000000
49.886907607090,0.000000000000,19.776410142886
21.338279602288,54.234974206434,15.702696827374
47.043273946771,7.547237950278,39.282093266913
46.373779380560,27.338035323058,22.601836162115
49.755336412332,45.266275695396,30.537639539334
5.171718147333,4.707821512245,41.491321591468
43.930725266579,22.952190077771,13.654455150670
46.469729254851,21.967010912884,26.555902634777
46.198175771885,58.703247411082,6.733518767896
46.657400052930,29.899410634569,29.047793194317
44.348550886373,17.298293635773,51.609288458941
60.000000000000,60.000000000000,60.000000000000
45.477348642506,8.195634393007,9.013194187438
60.000000000000,60.000000000000,60.000000000000
45.451977402908,26.761779287089,9.969107773144
60.000000000000,34.279355131545,34.637476913025
33.379250188402,2.677474422835,43.517728833529
60.000000000000,60.000000000000,60.000000000000
47.027457037162,28.323472615943,43.210847125234
60.000000000000,60.000000000000,60.000000000000
59.766895680698,53.996460667016,0.559685001380
60.000000000000,60.000000000000,60.000000000000
42.958085875071,6.635424078341,1.336010838806
60.000000000000,60.000000000000,60.000000000000
45.390131668702,9.169742090631,10.146753779240
47.631563653052,19.572745597171,31.290793405239
49.342584297350,33.089724844085,8.608838683700
60.000000000000,60.000000000000,60.000000000000
42.002816171559,7.198465885714,22.561827159776
60.000000000000,60.000000000000,60.000000000000
52.263561970273,2.783219637739,22.232555072461
13.124067118740,44.077678707954,22.609054212367
43.826329179694,1.660771240783,16.804701138823
60.000000000000,60.000000000000,60.000000000000
50.788714606887,4.688020963913,60.000000000000
47.876481380977,30.054026985360,25.331745614226
56.357479125268,20.990315461473,38.260433566971
60.000000000000,60.000000000000,60.000000000000
48.447069675780,37.178926143060,1.221311048393
60.000000000000,60.000000000000,60.000000000000
45.583047493772,11.924364798735,49.361394077013
60.000000000000,60.000000000000,60.000000000000
55.447278619975,27.197671820117,42.774509540721
60.000000000000,60.000000000000,60.000000000000
50.144616041002,14.112236062830,57.459086577701
60.000000000000,60.000000000000,60.000000000000
48.380099191194,11.561045481257,3.503789459741
60.000000000000,60.000000000000,60.000000000000
60.000000000000,39.497801650454,4.504197886971
60.000000000000,60.000000000000,60.000000000000
43.874477646062,10.076280346706,51.706064924703
17.986398608023,39.261148429885,55.585593351058
60.000000000000,60.000000000000,60.000000000000
60.000000000000,60.000000000000,60.000000000000
49.692158058367,8.488140122341,33.251397856674
60.000000000000,60.000000000000,60.000000000000
46.553573163874,38.174140312246,57.920023501700
60.000000000000,60.000000000000,60.000000000000
44.756476204125,42.207746287324,52.228702067097
45.865437442188,39.003797609483,29.118366485798
45.945061682723,20.664591997982,51.673729388378
60.000000000000,60.000000000000,60.000000000000
44.719429612717,45.064752382113,50.134711963907
45.417229450349,29.495010216239,37.171765768824
45.206224828748,2.098306316041,2.541377719001
41.763850869292,20.660101185987,25.425445595905
44.423665930205,5.641186184674,60.000000000000
48.917435435810,40.428185767180,19.773680185757
44.857287321463,2.885337914485,42.181274970457
44.665453554360,20.432546072738,23.042273594345
60.000000000000,48.472325873834,17.272192210167
60.000000000000,60.000000000000,60.000000000000
51.461819020482,44.511662498401,8.384127634714
60.000000000000,60.000000000000,60.000000000000
60.000000000000,60.000000000000,60.000000000000
24.412727663796,19.888300399447,12.954467039776
48.159823849278,37.551224997073,12.342386830849
0.000000000000,60.000000000000,60.000000000000
44.267605870924,57.798007656855,16.102850508351
43.718499943947,31.979948354295,28.849333519290
45.835977799778,38.190526694676,33.262611898826
60.000000000000,60.000000000000,60.000000000000
43.814348359274,28.680223404152,43.081571292012
60.000000000000,60.000000000000,60.000000000000
60.000000000000,60.000000000000,60.000000000000
60.000000000000,60.000000000000,60.000000000000
60.000000000000,60.000000000000,60.000000000000
60.000000000000,60.000000000000,60.000000000000
49.901957494481,5.294515406838,38.440133116713
60.000000000000,60.000000000000,60.000000000000
49.569025854558,56.266339096889,11.516722072333
28.697290927921,15.539664392984,38.983572554294
60.000000000000,60.000000000000,60.000000000000
60.000000000000,60.000000000000,60.000000000000
54.569174921106,23.462661856972,47.639558100582
60.000000000000,60.000000000000,60.000000000000
60.000000000000,60.000000000000,60.000000000000
60.000000000000,60.000000000000,60.000000000000
45.504783198268,36.393413998268,5.850732062027
60.000000000000,60.000000000000,60.000000000000
56.873464901631,46.348895650418,33.848297821199
60.000000000000,60.000000000000,60.000000000000
60.000000000000,60.000000000000,60.000000000000
60.000000000000,60.000000000000,60.000000000000
51.113251794559,5.485461557823,7.043686962049
60.000000000000,37.995476625433,40.393136347757
60.000000000000,60.000000000000,60.000000000000
50.451941916404,17.403437032287,34.752040242407
60.000000000000,60.000000000000,60.000000000000
52.491683656467,47.523674687929,18.401453949680
26.858159342379,45.678642304194,28.067593326661
47.559377829464,37.042555115880,28.634550184610
51.076016304230,56.013164863638,30.661547992810
60.000000000000,60.000000000000,24.281188474493
49.924610267962,3.947774530734,19.010295308879
48.421373970684,59.884707525726,16.994884987891
60.000000000000,60.000000000000,60.000000000000
60.000000000000,60.000000000000,60.000000000000
32.979597579572,60.000000000000,46.647055719739
48.922497431567,29.384260575755,33.655761333876
47.906225882553,31.010484702826,1.244437363635
60.000000000000,60.000000000000,60.000000000000
49.087804318365,41.355218007895,35.226283398638
60.000000000000,60.000000000000,60.000000000000
45.693913599716,37.521294292919,41.634927747822
17.178667906348,29.341243651527,11.910451626581
42.344876869987,31.385465307739,17.145847835510
60.000000000000,60.000000000000,60.000000000000
39.207457884643,15.515700273902,25.091828731464
60.000000000000,39.380112548277,33.084212716574
43.685832335803,44.152779931521,32.596477893567
51.435893844339,27.130593059409,60.000000000000
48.373540382325,41.139965694251,47.370709760598
60.000000000000,60.000000000000,60.000000000000
29.774830538671,28.105065780669,43.745160847597
52.238786840023,54.431151342071,33.538374428388
10.490889100020,8.515025119266,6.326373453423
50.429412566407,26.374691210488,25.689541539322
47.554647607249,3.394611270625,12.917508231421
47.462015732867,31.510762847208,31.418798449367
50.512789797977,21.749928740755,12.717174982800
60.000000000000,60.000000000000,60.000000000000
49.467037437850,6.381985385413,5.575278378468
35.771182669551,8.309972887411,14.424998960200
49.375705245408,24.616673310929,1.895453054272
60.000000000000,60.000000000000,60.000000000000
12.235282724214,0.573293860628,60.000000000000
21.405726888547,36.932602117326,57.425139783719
49.891478209649,27.418643289533,33.804096341108
44.634323891682,6.162006291104,38.345529947060
60.000000000000,60.000000000000,60.000000000000
50.909604408802,26.562060024385,21.619173969556
43.898599652975,59.019633749401,43.525600460686
60.000000000000,60.000000000000,60.000000000000
48.533806872500,16.658757844600,54.967624002000
60.000000000000,60.000000000000,60.000000000000
60.000000000000,60.000000000000,60.000000000000
60.000000000000,60.000000000000,60.000000000000
49.971261009619,29.118083494893,13.456564488257
60.000000000000,60.000000000000,60.000000000000
59.331287754428,15.809484347263,51.379585301093
52.037203332631,31.202611960595,25.792363069389
41.526602978029,27.702203505936,60.000000000000
46.184800486602,28.750861183442,27.040685454636
54.774080006618,26.726647521580,60.000000000000
60.000000000000,60.000000000000,60.000000000000
51.031679838842,3.964998395752,37.536240229878
60.000000000000,60.000000000000,60.000000000000
60.000000000000,60.000000000000,60.000000000000
60.000000000000,60.000000000000,49.962896856354
44.343011909483,52.223191778333,14.960037103732
60.000000000000,60.000000000000,60.000000000000
47.649437037273,57.426114884674,42.053040163148
20.514849953774,60.000000000000,49.006429875490
48.252041556561,56.277791531479,21.156725068944
29.189319510354,24.910258549998,4.825666911266
25.849193217058,55.979056239897,51.352770655052
60.000000000000,60.000000000000,60.000000000000
60.000000000000,60.000000000000,60.000000000000
60.000000000000,57.506338996589,57.337986587607
57.368668104947,25.373045041615,29.328281840467
60.000000000000,0.000000000000,60.000000000000
31.886270206668,27.481988268765,12.006677071330
60.000000000000,60.000000000000,60.000000000000
60.000000000000,60.000000000000,60.000000000000
46.675949724589,32.963593580782,33.122294170313
45.843583115404,23.937797877167,40.737037145434
60.000000000000,60.000000000000,60.000000000000
48.095318989505,47.654553817267,13.887089220328
10.112931502484,39.479579506753,4.162715708994
42.458661394097,21.130282750389,59.316547872162
60.000000000000,60.000000000000,60.000000000000
48.113192834126,37.362240557939,20.261794956327
60.000000000000,60.000000000000,60.000000000000
3.780772338985,60.000000000000,20.154255876068
60.000000000000,49.637233714506,60.000000000000
40.289219109603,8.471952743640,60.000000000000
60.000000000000,60.000000000000,60.000000000000
48.220968039798,43.970121436069,12.906564413503
60.000000000000,60.000000000000,60.000000000000
17.936895901873,52.490183288881,38.140902461932
60.000000000000,60.000000000000,60.000000000000
51.155028033338,8.452317718904,3.828566547634
49.067952408267,30.717154535318,29.472315436857
47.012245979922,9.920721960910,10.680163409398
60.000000000000,60.000000000000,60.000000000000
50.920567517771,29.305171222299,51.173095569537
42.810146846060,36.074393072152,27.016780042976
60.000000000000,60.000000000000,24.591708017443
60.000000000000,60.000000000000,60.000000000000
52.186645386282,46.702373106408,9.664090682114
44.484316370524,37.997737554933,23.305745892276
52.677521129570,19.552048378576,48.662201058389
55.264558141536,34.315459757451,28.606973711121
52.668958349430,0.426977639914,26.134341800672
60.000000000000,0.000000000000,60.000000000000
54.194236636423,20.774570427421,26.647072511025
54.210875262486,22.387251871395,36.149716856633
51.478459653970,50.783790951332,56.711468323280
57.211752763666,22.851612849037,38.847000847160
56.319291796493,41.803202443309,19.307688291550
58.513978895890,26.223540945843,41.310786079650
57.233561060236,34.891469698798,27.714246432493
60.000000000000,0.000000000000,60.000000000000
34.601875344673,30.008802787583,6.290269120396
60.000000000000,0.000000000000,60.000000000000
57.760923174519,6.426829945634,13.940738872440
60.000000000000,0.000000000000,60.000000000000
57.898829802314,21.942102537357,1.606044353939
52.570789729496,39.491794784388,36.821926162810
58.123170114545,9.128980472625,17.205746126762
24.253100564741,37.512291171637,5.946217573287
54.105917606841,40.021713534465,42.219056864664
51.377080362183,25.098846514644,20.070519546503
30.606798972378,0.856601677821,4.041612539809
41.962086871107,57.972989778390,43.818133800087
40.868036479319,58.108081602237,57.153417560324
55.543303270960,31.503623997243,31.428034197367
46.746282532344,28.675203959307,15.562795717774
52.946297690364,22.947953911062,25.496733219110
57.730348122427,41.866456995542,34.361037765120
60.000000000000,0.000000000000,60.000000000000
59.049873231590,38.153608733745,17.128815839745
54.844807048076,24.452836590940,35.869280467822
57.536277298015,12.472147358000,28.031018664835
60.000000000000,0.000000000000,60.000000000000
53.840007537496,49.587800596527,22.914447041941
59.809180071195,39.645680953635,30.089717299526
53.775866385823,24.369888328580,54.157132151050
58.864337509514,33.775348030915,26.020439565440
54.225154790873,36.222239746228,8.660145382000
57.508678133687,10.087932686528,16.285667535692
60.000000000000,60.000000000000,60.000000000000
60.000000000000,0.000000000000,60.000000000000
56.182117965911,16.041213020984,3.822860118677
20.648525991068,48.755715617897,2.516432606104
53.684644029404,38.371154853559,24.613451585231
60.000000000000,0.000000000000,60.000000000000
51.371244227914,4.913011199400,51.158215381699
54.722550651499,32.642693430860,30.718319391792
58.033405401818,39.073706288308,23.120277819546
60.000000000000,0.000000000000,60.000000000000
58.163559091554,7.851706003530,37.281226428891
42.896668307440,33.805838656047,1.472719214366
50.167598583446,27.532040635464,8.025320642886
55.643338598180,26.325393167158,32.254726992846
60.000000000000,60.000000000000,60.000000000000
54.926284068349,35.779507001006,23.981493588952
60.000000000000,27.571022085729,10.036084271810
60.000000000000,0.000000000000,60.000000000000
60.000000000000,0.000000000000,60.000000000000
58.708456775863,1.358239296774,7.487592258699
54.162041028421,15.556122424994,18.542750870254
21.802985593080,16.007048699572,25.646957511667
60.000000000000,0.000000000000,60.000000000000
57.259893273777,29.999542352384,33.752132010157
55.496109729706,17.307330709579,18.804562284260
60.000000000000,33.765128156726,21.994677559832
55.147810748095,50.839025105360,12.041146037588
60.000000000000,0.000000000000,60.000000000000
53.255080755697,31.270960750723,54.522525979877
60.000000000000,0.000000000000,60.000000000000
58.424673324554,46.155410734057,1.558091459256
60.000000000000,60.000000000000,60.000000000000
60.000000000000,60.000000000000,60.000000000000
55.328568545712,28.376552552798,44.799607886999
53.176500838401,9.218740678365,35.077214208650
47.369131301466,10.053254641232,56.143816609795
60.000000000000,0.000000000000,60.000000000000
53.347096835061,22.922306768319,40.666325953666
53.461084062319,56.034395096717,18.768611246100
60.000000000000,38.836227243519,7.029879946991
60.000000000000,0.000000000000,60.000000000000
39.805455651840,29.762948263732,41.150788191093
56.316913348754,59.102655152156,15.119179186251
60.000000000000,0.000000000000,60.000000000000
60.000000000000,0.000000000000,60.000000000000
55.204485185699,37.565082935600,27.868555423812
51.388160359501,9.275760539754,1.171727409701
60.000000000000,23.113083491907,35.852829606575
59.029042502997,53.813577633145,54.889650810008
58.424713743016,47.619323484196,36.072111099283
58.428505872433,13.298415726582,20.757574730566
51.883112591586,29.657371258296,27.678041172367
14.308404098392,57.450702827255,31.530047109732
60.000000000000,60.000000000000,60.000000000000
45.665710503912,16.887887636175,42.038997701251
54.902599520299,17.820440612730,39.432572376358
0.000000000000,60.000000000000,60.000000000000
51.601090703878,26.956270596752,29.120141197638
55.267708609903,47.844657224143,29.776300175312
60.000000000000,37.950578805836,37.261800386135
54.058055810480,50.942354686943,51.579808507142
60.000000000000,30.235347502524,44.657715488053
60.000000000000,60.000000000000,0.000000000000
47.793122649070,45.329838797921,9.844629834020
53.604522573614,5.333569206468,14.384697596233
60.000000000000,60.000000000000,60.000000000000
60.000000000000,60.000000000000,60.000000000000
60.000000000000,60.000000000000,60.000000000000
0.000000000000,60.000000000000,60.000000000000
60.000000000000,60.000000000000,60.000000000000
53.092718980838,22.676043480931,43.965872251705
60.000000000000,60.000000000000,60.000000000000
58.127859267292,49.516139232754,17.302686425453
60.000000000000,60.000000000000,60.000000000000
53.802444817486,12.581090914143,45.845162218812
60.000000000000,60.000000000000,60.000000000000
53.397240291130,22.182672971884,17.035687005809
60.000000000000,26.093293199632,35.322884942685
13.487169074088,21.978116066509,13.531431516771
60.000000000000,60.000000000000,60.000000000000
13.240541543544,29.344778722818,26.619458200057
60.000000000000,26.212883571544,42.792377506037
54.262042966560,6.361051866326,57.299528341056
54.787524193634,31.067607566940,20.812354294453
26.440717499384,3.289587373556,38.879374391754
60.000000000000,60.000000000000,60.000000000000
55.538016888034,1.679051962068,9.740240856701
60.000000000000,60.000000000000,60.000000000000
53.843632625539,30.991929727468,25.916607984926
60.000000000000,60.000000000000,60.000000000000
57.232066955481,43.860991753484,23.699082348620
60.000000000000,60.000000000000,60.000000000000
53.106484588536,27.179150334590,16.030926119337
60.000000000000,60.000000000000,60.000000000000
50.882806809012,9.810076371825,58.380155413299
60.000000000000,60.000000000000,60.000000000000
55.510518945800,14.615574180229,33.169031674093
60.000000000000,60.000000000000,60.000000000000
36.402720368936,25.950899246803,8.880123769146
57.306580628212,23.842867032795,26.474569965942
60.000000000000,60.000000000000,60.000000000000
60.000000000000,60.000000000000,60.000000000000
52.939089590836,27.923979635746,21.811018183293
60.000000000000,60.000000000000,60.000000000000
55.930248452558,40.253803616414,1.336971182957
60.000000000000,60.000000000000,60.000000000000
57.644113902832,25.574205302562,17.238669896050
56.103372427242,20.420581089719,33.149043884875
58.671850147156,53.199981837094,24.470817438555
60.000000000000,60.000000000000,60.000000000000
60.000000000000,60.000000000000,60.000000000000
54.450775683503,38.278223947724,20.942760946977
11.427574588174,56.141126741611,37.983156954173
53.802281883216,23.199935873717,33.321259536204
54.846768499072,1.893956746652,30.290616033688
60.000000000000,60.000000000000,60.000000000000
60.000000000000,60.000000000000,60.000000000000
52.143667358634,35.657131438089,20.855188758979
16.795251172731,35.203648468169,45.152648069575
60.000000000000,60.000000000000,60.000000000000
60.000000000000,60.000000000000,60.000000000000
60.000000000000,60.000000000000,60.000000000000
60.000000000000,50.521063093645,54.672413123616
52.778800076333,33.997635142790,27.893618918155
54.200445440326,14.824684321406,47.932901119171
60.000000000000,60.000000000000,60.000000000000
55.457868642741,4.960023648040,22.370769444023
60.000000000000,60.000000000000,60.000000000000
51.597472163983,34.302367411553,50.584981553544
60.000000000000,28.185255598479,48.707627363603
56.427138170249,35.856716273556,0.539338146085
0.000000000000,60.000000000000,60.000000000000
60.000000000000,60.000000000000,60.000000000000
60.000000000000,60.000000000000,60.000000000000
60.000000000000,60.000000000000,60.000000000000
60.000000000000,0.000000000000,60.000000000000
38.217355646957,9.562306529239,17.424652818844
60.000000000000,60.000000000000,60.000000000000
58.083605745414,51.791466919664,55.847993872142
56.605500911517,20.187367857265,38.074761292885
60.000000000000,25.378350581102,39.554657076257
60.000000000000,60.000000000000,60.000000000000
43.771846571894,60.000000000000,60.000000000000
60.000000000000,60.000000000000,60.000000000000
60.000000000000,60.000000000000,60.000000000000
60.000000000000,60.000000000000,60.000000000000
51.549886985961,4.238101075667,57.468528653454
60.000000000000,60.000000000000,60.000000000000
36.086767807309,10.552463642465,43.480259858298
60.000000000000,60.000000000000,60.000000000000
56.530056561199,60.000000000000,48.711419539966
60.000000000000,60.000000000000,60.000000000000
60.000000000000,60.000000000000,60.000000000000
56.809126398451,60.000000000000,60.000000000000
0.000000000000,60.000000000000,60.000000000000
50.502343911198,31.034931236565,25.724424606210
60.000000000000,60.000000000000,60.000000000000
57.184547290149,18.754382922717,29.414649518711
45.700438361430,50.993972283243,46.714229836592
9.212975652007,30.884402413321,6.796398274557
31.271974589655,4.007946900887,15.232525180191
59.377695459188,22.198131130711,28.946813022939
3.022885355843,24.717423023455,28.715602750639
60.000000000000,60.000000000000,60.000000000000
0.000000000000,60.000000000000,60.000000000000
60.000000000000,60.000000000000,60.000000000000
60.000000000000,25.033857583307,6.554497587187
45.994972501649,39.086233173652,42.672056528282
50.747196234335,16.757839267036,22.967938444516
60.000000000000,60.000000000000,60.000000000000
60.000000000000,16.528314934243,52.554453528450
60.000000000000,60.000000000000,60.000000000000
58.113786148594,52.165203251146,30.369998661354
44.266459035583,41.501848558485,20.445315665700
57.057811392795,2.899145061356,17.222851047384
60.000000000000,60.000000000000,60.000000000000
55.658237908742,43.918459915782,18.525941490895
39.170313124550,18.924408455518,0.254725115352
60.000000000000,60.000000000000,60.000000000000
57.270631659683,34.107803566722,25.206297535668
54.337728315263,11.097651833117,46.251493526133
60.000000000000,60.000000000000,60.000000000000
41.950888540637,48.854744953847,10.464325403722
56.280334797436,34.754457535745,45.509366771780
52.761482114358,9.675808520299,13.384071036716
55.038316996439,21.794625550319,34.323718262109
37.401127687605,49.571497885140,55.462395845499
54.746779855781,28.182179268014,27.177390071135
60.000000000000,60.000000000000,54.497100117062
60.000000000000,60.000000000000,60.000000000000
53.547095834095,46.780227569879,38.943867094740
59.766362051183,34.628952215167,24.570252079298
54.445886063325,8.586363156479,19.481144481611
60.000000000000,60.000000000000,60.000000000000
44.039671678813,10.734332981143,25.618320285234
53.761999703983,15.841708636485,30.831171711691
58.536183768429,32.819479878787,13.863903071137
57.033617761803,30.998042967009,38.337079940309
60.000000000000,60.000000000000,60.000000000000
55.089926935900,28.904833803797,38.033771923284
59.923922547025,19.902235258667,20.033717796738
60.000000000000,60.000000000000,60.000000000000
59.105118006538,50.390854626443,26.124439893038
60.000000000000,60.000000000000,60.000000000000
60.000000000000,60.000000000000,60.000000000000
60.000000000000,60.000000000000,60.000000000000
57.712825971893,51.028502050666,13.517532917008
60.000000000000,60.000000000000,60.000000000000
12.159611998211,20.777231641949,16.809513157691
60.000000000000,60.000000000000,60.000000000000
60.000000000000,60.000000000000,60.000000000000
53.566155048265,22.534704460762,22.847723969241
52.492638203805,10.198252627839,44.441465932512
60.000000000000,60.000000000000,60.000000000000
52.361688052210,15.278525978837,14.715234394050
60.000000000000,60.000000000000,60.000000000000
58.298121075002,53.822026371114,60.000000000000
35.656202655661,60.000000000000,60.000000000000
55.707176654566,51.484814970164,27.649745045571
60.000000000000,60.000000000000,60.000000000000
32.872253657401,20.963254819425,18.336850934468
60.000000000000,60.000000000000,60.000000000000
59.000078599023,43.309066194973,18.440689664319
26.803782071222,18.363264289775,35.103676722453
44.787933382201,24.170221896683,5.067921038550
60.000000000000,60.000000000000,60.000000000000
60.000000000000,60.000000000000,60.000000000000
57.072436952916,35.758926891422,30.111108323837
51.569948635064,10.261440770649,18.866116577579
60.000000000000,60.000000000000,60.000000000000
51.668765915371,38.179719993253,23.762775627028
60.000000000000,60.000000000000,60.000000000000
60.000000000000,38.569758830658,0.000000000000
60.000000000000,60.000000000000,60.000000000000
51.575983566540,23.314396750304,51.279771123507
60.000000000000,60.000000000000,60.000000000000
52.877081510360,41.897922288792,38.289415284488
40.110230963200,16.414929364294,21.030804937797
52.014526558422,25.381614687992,8.822925308796
60.000000000000,60.000000000000,60.000000000000
60.000000000000,60.000000000000,60.000000000000
60.000000000000,60.000000000000,60.000000000000
56.606117068542,51.694062225113,58.257552954263
54.634152100485,60.000000000000,25.824514382427
11.841558791871,30.959493678112,45.593421618160
60.000000000000,60.000000000000,60.000000000000
54.599327036298,17.028883770974,57.903121468143
60.000000000000,60.000000000000,60.000000000000
39.184183193652,10.008195940372,26.733939409179
60.000000000000,60.000000000000,60.000000000000
6.382190650031,2.039099155039,31.262011472061
60.000000000000,60.000000000000,60.000000000000
12.058468097916,35.660674293629,46.635917773596
60.000000000000,60.000000000000,60.000000000000
52.713978322843,42.002107832476,22.286420046288
55.329030340963,34.256056653067,32.567622792583
60.000000000000,34.661315488780,60.000000000000
60.000000000000,60.000000000000,60.000000000000
