x,y,z
1.138621113299,20.761673819778,36.696069188874
29.395510843683,26.205616425362,51.293611826403
6.118988179603,21.883241474757,52.316225728681
7.048037368113,28.933109811187,27.391549573720
6.278253321492,15.616665757186,23.659079215182
60.000000000000,0.000000000000,60.000000000000
6.133542481323,4.966907948387,27.334188020907
60.000000000000,0.000000000000,60.000000000000
4.910902384486,57.529765634004,52.132859168202
60.000000000000,0.000000000000,60.000000000000
7.982458543944,26.189573369682,47.426549608886
9.451423174244,44.776073380839,58.972849331974
0.091572117810,10.264003923415,34.495498204418
1.978375123320,30.788967782174,38.477647547016
3.678892770822,15.829874568029,18.792589482194
36.890515816285,12.855624500071,19.845373171052
6.020141907887,12.619781554982,46.173305838025
3.186195799170,33.197136067038,38.640690052810
4.256528116068,41.424134099519,25.996288063369
4.111485994837,17.562618593375,17.599898412489
4.023784052625,37.964605908389,8.317707155450
60.000000000000,21.465995028272,29.706621663960
39.716481907712,19.170173262038,38.391370585357
60.000000000000,0.000000000000,60.000000000000
8.439144812213,34.553011742553,51.968009982079
2.583999711550,38.231271006168,34.044612362782
60.000000000000,0.000000000000,60.000000000000
60.000000000000,0.000000000000,60.000000000000
4.616586268052,54.442537192780,34.789405855133
60.000000000000,60.000000000000,60.000000000000
0.238302597056,46.129105673375,43.398076677710
2.881055640939,56.493249247890,7.408350737765
6.387896278001,4.129652576430,3.198000171331
6.774511855932,34.078261644909,22.419483684188
2.264083441891,4.915003283795,42.582695705360
59.527849716112,25.486239965299,21.858572452571
3.568302765891,4.001935115581,48.918002258757
12.875619382126,34.947709317203,20.266495415496
3.547711789394,12.448546275579,43.611921941524
37.309747966873,54.037731602655,40.249779779983
60.000000000000,0.000000000000,60.000000000000
0.244652069741,29.661261685340,36.208243537204
7.311843093176,5.459127273468,51.477126162088
60.000000000000,47.983577895819,4.959614817458
14.166190485351,49.814245222488,29.499094109128
4.524916521209,37.199689903658,39.095385292450
5.272247127958,27.907011637102,25.502225947070
5.355964247002,37.689531567838,31.863244707366
60.000000000000,0.000000000000,60.000000000000
6.051116300602,34.139359983065,39.837478984170
5.557389281175,39.291518165935,50.653732777263
5.498319752434,39.556689048502,26.455804945891
6.859760825978,9.565819360991,51.792676839536
38.590464179012,60.000000000000,40.543901492563
60.000000000000,0.000000000000,60.000000000000
60.000000000000,0.000000000000,60.000000000000
1.118232672290,28.628925266496,47.054745930631
4.809561981557,32.154970540938,29.479571700528
0.291273009414,19.990092885997,25.601950900711
4.070112607647,20.417307149614,33.116411027420
4.979403850433,15.089841263241,44.481130742669
8.560913467956,36.966744982540,20.980229739428
4.614186671588,22.924600091110,0.093761757077
6.399760796515,21.270114042887,20.240432957552
60.000000000000,60.000000000000,60.000000000000
5.376124485221,26.885401509087,27.720446747094
1.708847784843,18.475534025297,12.578155550629
60.000000000000,0.000000000000,60.000000000000
3.937067236186,48.168551850031,10.991303487636
27.966638013945,29.512532352040,26.161916777704
5.435410596090,14.422583050671,7.059972689924
36.397026704741,22.894833559404,56.366479416905
3.252738942802,33.392796083565,4.695516104460
1.685664263133,32.524465419477,35.980764859549
3.596706503806,49.458017903050,33.072863258384
6.725800682920,30.320093660039,25.405099065636
46.061751108177,10.560022731885,17.575451639238
7.622629329786,38.188309582759,27.526515563440
60.000000000000,0.000000000000,60.000000000000
60.000000000000,0.000000000000,60.000000000000
6.518747888541,10.678340995062,38.519965164520
45.346274648393,0.000000000000,60.000000000000
60.000000000000,49.436981583131,13.365150693664
0.928093429629,32.321303882542,23.167866586011
3.025822113664,12.459442474147,34.482638955503
8.922476751605,31.435746837751,33.646487203899
60.000000000000,21.892666735575,15.370963187141
8.685545016085,31.049083563205,37.428144561118
5.734075196826,50.398602025726,43.730749021857
3.988334682454,31.938857439755,22.040384725728
3.500181971808,45.382550383845,19.811019994085
9.829550252614,29.879982338264,26.377464731211
0.085359489621,41.180981228800,14.805612022700
58.683098156145,17.957025819129,39.091804412274
2.169177553995,26.704138626291,14.133214263064
60.000000000000,60.000000000000,60.000000000000
6.254702043871,25.672388437865,45.436229795708
3.072378643001,27.365208434103,32.804387351107
60.000000000000,60.000000000000,60.000000000000
7.839681559471,19.958775647049,23.638934031647
5.470261653241,45.942597387263,40.523531579883
27.313649704466,60.000000000000,37.368420088986
60.000000000000,60.000000000000,60.000000000000
60.000000000000,60.000000000000,60.000000000000
1.518557786294,60.000000000000,29.230791182877
60.000000000000,60.000000000000,60.000000000000
19.905907022581,55.037354832042,40.698444668286
60.000000000000,60.000000000000,60.000000000000
60.000000000000,0.000000000000,60.000000000000
60.000000000000,60.000000000000,60.000000000000
5.486180093844,60.000000000000,57.428710314999
60.000000000000,60.000000000000,60.000000000000
48.660908526177,5.062978098052,26.769456348181
60.000000000000,60.000000000000,60.000000000000
3.425990779113,42.339354021820,47.005348335162
60.000000000000,60.000000000000,60.000000000000
7.455221116401,46.452336637255,34.968613891458
60.000000000000,60.000000000000,60.000000000000
42.099366297348,49.116129882477,4.028469120816
60.000000000000,60.000000000000,60.000000000000
4.586650826919,39.556291841096,21.564538371013
60.000000000000,60.000000000000,60.000000000000
0.337858862594,2.543318546932,48.958001226046
0.177490456469,31.854359520451,28.753825932639
7.603410162829,56.409347419867,0.180160915854
20.997265037010,24.810434582565,27.342142407176
60.000000000000,42.960083261628,60.000000000000
60.000000000000,60.000000000000,60.000000000000
47.960140295930,38.060755381740,46.822908445175
60.000000000000,60.000000000000,60.000000000000
10.134026568786,31.280398055918,53.623773108751
60.000000000000,60.000000000000,60.000000000000
60.000000000000,60.000000000000,60.000000000000
60.000000000000,60.000000000000,60.000000000000
0.722925304411,8.779358871695,25.290063850093
60.000000000000,60.000000000000,60.000000000000
1.794505310050,35.120149124355,9.810885473766
60.000000000000,60.000000000000,60.000000000000
6.178384885293,16.935956160991,26.339620874944
60.000000000000,60.000000000000,60.000000000000
4.275362590387,4.845186476704,17.644824142192
28.485171246080,11.925814735504,4.094943935216
60.000000000000,60.000000000000,60.000000000000
1.361398871010,36.165300301485,36.741564051731
7.941739029141,32.206532151095,28.304579410464
38.465627164831,23.496029004537,60.000000000000
8.674499186607,28.245720201988,40.355209444889
60.000000000000,60.000000000000,60.000000000000
5.975878152285,5.217553368377,47.943888319452
1.523464560471,28.242763002369,26.265553285576
6.443042292310,35.665121506020,3.383466516060
60.000000000000,60.000000000000,60.000000000000
60.000000000000,31.342540338482,50.593099722081
1.654391932074,18.601656291989,38.108865381649
60.000000000000,60.000000000000,60.000000000000
60.000000000000,60.000000000000,60.000000000000
5.832124892741,46.460220921013,13.959993277299
60.000000000000,60.000000000000,60.000000000000
60.000000000000,60.000000000000,60.000000000000
3.626193237393,19.777830354866,30.533891841998
32.272280023117,7.026746216113,0.785615561976
3.248026273624,30.645209120002,25.377434614992
60.000000000000,60.000000000000,60.000000000000
60.000000000000,60.000000000000,60.000000000000
6.840599291133,21.407560664264,58.347551475599
1.694370115673,28.823341242179,35.564926102693
0.440697338368,34.589386793384,13.167223870191
60.000000000000,60.000000000000,60.000000000000
4.240757405675,55.085031627599,19.425523390002
60.000000000000,60.000000000000,60.000000000000
60.000000000000,60.000000000000,60.000000000000
60.000000000000,60.000000000000,60.000000000000
6.714837184825,52.571639282743,15.707782451447
60.000000000000,46.718090584391,60.000000000000
60.000000000000,8.806626114782,60.000000000000
60.000000000000,60.000000000000,60.000000000000
60.000000000000,60.000000000000,60.000000000000
4.512010177895,36.101481266217,26.868833132701
6.206893342463,20.876833081747,39.662538750126
37.359205232031,33.424727863320,60.000000000000
8.093360083678,19.281773648553,28.667588126984
17.417785801872,6.306865244934,18.149353648911
0.764665563310,25.538667757682,18.516693621349
60.000000000000,60.000000000000,60.000000000000
0.975494008767,44.219466042570,55.727486765637
60.000000000000,60.000000000000,60.000000000000
60.000000000000,60.000000000000,60.000000000000
60.000000000000,44.921673682225,60.000000000000
6.221729996557,15.164689199093,49.007299063798
60.000000000000,60.000000000000,60.000000000000
60.000000000000,60.000000000000,60.000000000000
60.000000000000,60.000000000000,60.000000000000
8.458700316883,1.150071938006,51.694086234595
60.000000000000,60.000000000000,60.000000000000
60.000000000000,51.966514690137,32.565977857405
2.745111171446,28.146251305068,31.031149486404
3.568670228289,50.560953530293,41.754509919061
6.986768511068,39.092897810399,22.335058746624
60.000000000000,60.000000000000,60.000000000000
60.000000000000,28.637366213762,60.000000000000
60.000000000000,60.000000000000,60.000000000000
32.792407304281,16.943898639225,39.344756482439
1.373208807813,13.906227349924,52.552529949825
60.000000000000,60.000000000000,60.000000000000
60.000000000000,60.000000000000,60.000000000000
60.000000000000,60.000000000000,60.000000000000
60.000000000000,20.761398710390,20.261201805151
60.000000000000,60.000000000000,60.000000000000
3.915866654193,29.991569821929,15.078203534189
4.140550370390,25.762051745440,32.315668771135
2.594304142220,30.819183223550,20.114917007452
60.000000000000,60.000000000000,60.000000000000
60.000000000000,60.000000000000,60.000000000000
10.810100748572,42.276982599705,1.261394587805
6.127111816613,28.928770621821,43.155447227079
45.903532251007,40.133797524259,13.508707520584
7.899706456762,4.903033336139,10.027219237186
60.000000000000,60.000000000000,60.000000000000
3.773410080987,51.399794358059,21.108018381912
60.000000000000,60.000000000000,60.000000000000
60.000000000000,60.000000000000,60.000000000000
31.293716072406,39.382846181596,19.235673729570
4.767757913927,22.737958538316,54.548816651603
60.000000000000,60.000000000000,60.000000000000
8.362243740796,45.731703526429,9.711130583373
60.000000000000,60.000000000000,60.000000000000
8.465425065808,43.007872109037,34.796896640588
40.783699973687,22.771333813905,39.413176656592
8.441813379624,53.679407332764,0.271655453617
5.437565461066,17.690254561422,34.038956939149
41.447183613822,45.562819541573,35.493495623126
60.000000000000,60.000000000000,60.000000000000
60.000000000000,60.000000000000,60.000000000000
3.179713535529,36.096083063616,28.059745255111
1.946658341932,2.967351883307,19.838111935633
60.000000000000,60.000000000000,60.000000000000
5.362100198267,36.783337324661,34.184508952572
2.571576851002,32.619099686366,27.637606745439
3.001400684943,4.595220529608,21.305035447423
5.496921666116,31.610130126942,38.752941034178
60.000000000000,60.000000000000,60.000000000000
60.000000000000,0.000000000000,60.000000000000
12.149613315118,10.306143362907,34.962272302691
1.184144324059,27.737080740772,30.829822042403
4.344826089922,27.992319982900,18.725368299231
60.000000000000,60.000000000000,60.000000000000
60.000000000000,60.000000000000,60.000000000000
60.000000000000,60.000000000000,60.000000000000
45.069350442289,38.851595763861,2.899773035173
37.375643791348,60.000000000000,23.070048953828
3.359995007939,41.451759664015,32.293418590679
60.000000000000,60.000000000000,60.000000000000
60.000000000000,60.000000000000,60.000000000000
47.888270419282,20.051855444136,12.822182477892
9.506792576136,33.958363889490,34.595163770829
60.000000000000,60.000000000000,60.000000000000
0.860005239168,7.512456288284,32.200730174372
60.000000000000,60.000000000000,60.000000000000
16.988037036474,49.699657172409,55.719645852777
60.000000000000,60.000000000000,60.000000000000
4.621400535121,46.521680359137,2.190337976146
60.000000000000,0.000000000000,60.000000000000
27.835088955267,16.225084362638,37.159739186033
60.000000000000,60.000000000000,60.000000000000
0.376402132641,0.979412652121,35.587480252487
36.939493251047,19.910221280522,29.587117164828
22.886156879911,23.052845319547,20.695893594664
60.000000000000,60.000000000000,60.000000000000
60.000000000000,60.000000000000,60.000000000000
8.317792914381,36.599309015655,23.809827386394
5.832110424305,19.457784719733,9.968430225722
60.000000000000,60.000000000000,60.000000000000
13.243961897921,10.671037558000,44.791348839350
60.000000000000,0.000000000000,60.000000000000
60.000000000000,60.000000000000,60.000000000000
60.000000000000,60.000000000000,60.000000000000
4.817342495455,31.408596186202,24.467532031000
60.000000000000,60.000000000000,60.000000000000
60.000000000000,60.000000000000,60.000000000000
21.593735422155,60.000000000000,50.476011068645
5.523897372547,7.278782496635,16.635476898292
60.000000000000,60.000000000000,60.000000000000
60.000000000000,60.000000000000,60.000000000000
60.000000000000,6.049188011181,43.015831870508
39.824523054081,20.866506477112,60.000000000000
5.389400454568,36.661086413267,21.782626030015
60.000000000000,60.000000000000,60.000000000000
18.018543840239,41.819554362099,60.000000000000
6.745266415154,34.413486974888,42.359988124339
60.000000000000,60.000000000000,60.000000000000
31.926632020103,14.538145760576,14.516206848233
60.000000000000,60.000000000000,60.000000000000
1.708176343941,4.076115626461,21.987930077912
60.000000000000,60.000000000000,60.000000000000
21.551794308198,56.554296502974,55.795183954238
60.000000000000,60.000000000000,60.000000000000
5.935455353238,26.624612052476,15.456433112101
1.641730663579,26.605810502865,34.606484365831
2.989862039820,50.888200543242,15.930498457351
60.000000000000,60.000000000000,60.000000000000
14.183312346831,55.272219117854,36.426101181841
9.669183659280,27.994817409218,36.238066481494
11.650845732043,2.412975030238,51.994692818611
8.690957739094,33.223745743111,24.470916459046
16.827119093847,43.675348045372,23.923240253612
4.336491561568,12.676399309024,21.672125765357
11.787469279137,46.784808510209,47.133915257720
60.000000000000,0.000000000000,60.000000000000
15.616784551853,34.774185180983,2.581010559833
10.368059256439,32.560236771591,27.421380674042
14.920714930369,8.008360306255,22.099080533306
10.213876711867,29.125568486748,38.842394871618
16.819887211867,22.687906955709,3.851001427142
60.000000000000,0.000000000000,60.000000000000
9.901410967313,45.858778881799,50.713315812602
10.833435805011,28.120779498322,33.414976410437
16.501965312791,21.849092828903,50.161302659737
48.183615718837,23.702631065900,58.144421821036
10.387915204625,18.021361043297,42.078867606706
11.791085597296,36.022741393594,19.874541417522
10.151524506952,43.109643069767,49.758888257316
60.000000000000,0.000000000000,29.134558887210
45.986931973544,25.628482928382,45.015845081057
11.655986985802,32.459349318833,22.619314065215
12.636946573716,4.798736550324,30.546023120674
10.349370767722,31.569930450740,30.187302712142
9.033163745547,12.500900448852,15.045378372073
9.973347090731,36.018010885747,38.130770952180
12.864999849371,10.933764920115,9.064005465469
11.699210408691,19.896633614827,22.978195967605
16.886291605919,25.388198004454,11.967141184026
16.500934266831,34.081696007508,35.912545030764
12.350595261852,59.539367167145,25.491134581408
16.526474491069,40.449904788896,28.292226970805
8.944380230632,5.774941786240,59.024517340258
56.098990487643,8.439569733439,60.000000000000
11.730557303869,26.800249397406,5.819148127403
13.962480590031,31.385082473623,26.465445424984
13.438359673855,24.470033405945,5.641598980818
12.768802538244,29.316005984324,39.665081916934
60.000000000000,0.000000000000,60.000000000000
8.707852468405,34.052454196509,21.819964718076
60.000000000000,0.000000000000,60.000000000000
18.354748543868,23.685242625532,24.628923886872
15.599524035308,49.953986298086,5.418587868936
60.000000000000,0.000000000000,60.000000000000
53.859288191248,48.786450248529,59.929151131444
13.218694480800,22.985365840520,24.182115897952
60.000000000000,0.000000000000,60.000000000000
8.803463028018,24.691999796405,34.952582039021
13.666927550407,49.411566485161,35.831210432393
15.557042090100,35.202791226361,29.922108255283
10.956503832176,31.802872901969,38.489947169492
54.468349511592,21.875737067163,22.759473805300
60.000000000000,0.000000000000,60.000000000000
16.847546591629,39.117458462967,35.035844331068
14.687854681230,40.057132896698,3.432950634795
50.899088904983,29.793625530138,23.609219093030
10.964459560801,11.176893883478,2.997030172616
60.000000000000,60.000000000000,60.000000000000
13.608574315809,4.906564704491,19.390668785621
60.000000000000,0.000000000000,60.000000000000
60.000000000000,60.000000000000,0.000000000000
60.000000000000,0.000000000000,60.000000000000
9.731493988974,22.730188805389,54.762900408068
60.000000000000,0.000000000000,60.000000000000
10.407999140870,18.207019054801,53.614007876526
60.000000000000,0.000000000000,60.000000000000
9.153476192960,39.796294452884,52.628835580012
9.722281976933,22.937602630143,39.212770750339
2.261492326846,44.890671173801,35.289760618995
60.000000000000,0.000000000000,60.000000000000
16.754524282651,5.271331198671,14.183405982196
60.000000000000,0.000000000000,60.000000000000
10.274441694356,29.731486920225,17.905402973428
60.000000000000,0.000000000000,60.000000000000
17.223213923554,5.324447600114,21.240195189481
10.771314579470,25.971973626579,27.348448821642
60.000000000000,0.000000000000,60.000000000000
60.000000000000,0.000000000000,60.000000000000
14.388400143006,44.596020870294,52.367124127373
60.000000000000,0.000000000000,60.000000000000
60.000000000000,60.000000000000,60.000000000000
17.022311621925,29.177296144455,29.518742274254
9.035236354140,32.136750785813,42.947486989625
15.703519622985,9.940853261529,2.899696569690
16.792844499086,27.760681656056,16.004711909685
13.957662385289,25.955048715220,22.319389058065
13.233352031876,29.891248543024,2.851749371511
6.787644581842,24.516214458690,52.672950853680
32.704349655841,16.244537655608,35.602070028204
15.845068877099,28.845654789544,33.172431673899
15.893209210555,38.474788261076,37.541070409146
60.000000000000,60.000000000000,60.000000000000
11.814069055397,30.507843077737,41.514603121250
18.101373535129,0.000000000000,31.057954366131
15.279584901704,36.988072320212,15.189059537499
38.765248866903,21.076703159430,52.823530071811
60.000000000000,0.000000000000,60.000000000000
14.820662036067,36.971819522912,22.972933855084
26.790473547339,9.505848866858,30.240205287361
15.740495354655,60.000000000000,37.294420921787
60.000000000000,0.000000000000,31.133782669535
19.089833923259,0.000000000000,43.143707896905
11.327945389882,32.028978449697,33.530121449797
60.000000000000,0.000000000000,60.000000000000
9.523263246508,45.158663823375,18.872933091518
60.000000000000,0.000000000000,60.000000000000
8.455225265442,16.029859934456,18.839967098540
60.000000000000,30.964446752787,9.185109213533
10.432179205481,41.009061619071,4.903994957660
60.000000000000,0.000000000000,60.000000000000
11.200903021461,1.648576162099,11.013508584850
10.563195768282,39.311028891098,20.326336259847
60.000000000000,60.000000000000,60.000000000000
60.000000000000,23.426412368506,31.440968030481
60.000000000000,60.000000000000,60.000000000000
60.000000000000,0.000000000000,60.000000000000
27.369906939979,57.076076273435,40.359564346971
60.000000000000,0.000000000000,60.000000000000
11.582780587019,33.452435428474,48.676036208236
60.000000000000,0.000000000000,60.000000000000
15.904987040166,2.405856243042,54.518286011965
23.414178847247,35.545827372074,28.455602994578
45.605143099353,43.576317084806,45.156775897839
11.271177412380,15.413729083161,35.961763287632
11.984870854513,17.809932473405,56.431963891306
60.000000000000,0.000000000000,60.000000000000
21.585229949003,52.757353074290,19.364807360907
60.000000000000,60.000000000000,60.000000000000
7.696957411007,45.822085909604,30.577594233592
60.000000000000,29.105707482294,38.645231115740
60.000000000000,0.000000000000,60.000000000000
60.000000000000,0.000000000000,60.000000000000
12.180978078107,21.935189560599,43.119207657163
60.000000000000,32.012305567036,35.456585711928
16.345036844193,54.308937049895,8.173504885148
60.000000000000,0.000000000000,60.000000000000
11.275201875767,9.269383222661,50.732585166158
60.000000000000,0.000000000000,60.000000000000
15.583628851892,29.976135592645,48.311565944915
13.966891410892,10.310077388910,38.846836270476
60.000000000000,0.000000000000,60.000000000000
12.400438692847,27.167888472183,23.966206139117
11.150401893014,51.475894438407,17.239631700601
11.660636232448,60.000000000000,25.368754936688
9.150100704357,29.271250979485,44.080404231777
60.000000000000,0.000000000000,60.000000000000
7.906830966416,51.842226722934,14.293694299622
60.000000000000,60.000000000000,60.000000000000
9.500220017595,8.976225133439,36.968069303409
60.000000000000,0.000000000000,60.000000000000
10.042110903781,46.565554483847,2.857433080369
10.351540836008,29.170424355285,21.664725421048
60.000000000000,0.000000000000,60.000000000000
60.000000000000,0.000000000000,60.000000000000
12.724071867647,9.010541948531,36.674851789248
60.000000000000,0.000000000000,60.000000000000
60.000000000000,20.378651510364,56.091875588109
10.645369602038,36.048128302833,28.991880698681
10.216912391022,53.087288499182,29.041115910554
11.571781115934,27.275408107842,22.375580402587
60.000000000000,4.168513624759,19.137626826716
60.000000000000,0.000000000000,60.000000000000
31.457224021908,4.186699856748,12.493824041885
60.000000000000,60.000000000000,60.000000000000
53.992851131880,10.313938333864,15.835353572705
60.000000000000,0.000000000000,60.000000000000
14.506145710012,55.696403522900,51.444151932792
60.000000000000,0.000000000000,60.000000000000
60.000000000000,0.000000000000,60.000000000000
60.000000000000,0.000000000000,60.000000000000
11.589821401439,56.635447397319,32.186245078814
60.000000000000,60.000000000000,60.000000000000
0.000000000000,0.000000000000,60.000000000000
60.000000000000,0.000000000000,60.000000000000
60.000000000000,8.831219741515,40.535979959923
13.889479132449,38.363824785397,25.512710787689
17.970312957331,20.893714597485,34.265733452815
11.898961381211,19.750539067656,34.297702059034
16.261415882369,14.675608163552,13.149600887973
23.866331970460,5.644410621525,12.522330171815
16.865393381778,31.517538130417,1.740994007868
60.000000000000,0.000000000000,60.000000000000
12.040074298238,16.189589652795,30.757365802365
60.000000000000,0.000000000000,60.000000000000
60.000000000000,0.000000000000,60.000000000000
60.000000000000,60.000000000000,60.000000000000
12.056040437320,43.629428975584,40.153426871349
60.000000000000,23.125149350773,22.150170417267
60.000000000000,0.000000000000,60.000000000000
60.000000000000,0.000000000000,60.000000000000
10.401463650495,57.673211523697,41.702121031192
60.000000000000,0.000000000000,60.000000000000
14.169992263078,54.338013224830,15.796529979997
14.013525635051,34.020796272604,30.911522929254
9.007670957659,59.551117012459,40.474476982375
5.774478216338,36.194379898650,32.154752852223
60.000000000000,0.000000000000,60.000000000000
60.000000000000,60.000000000000,60.000000000000
60.000000000000,0.000000000000,60.000000000000
34.976491996064,38.535941888658,24.195413519270
13.131778704016,34.604394753387,39.416608925205
60.000000000000,0.000000000000,60.000000000000
60.000000000000,0.000000000000,60.000000000000
60.000000000000,0.000000000000,60.000000000000
10.800060261794,34.234472300742,23.019759562699
60.000000000000,0.000000000000,60.000000000000
15.224921266823,36.168554869254,43.653521515356
37.274813258346,42.081158290952,53.430089173265
14.507688947786,37.717567796909,28.507850495438
0.000000000000,0.000000000000,60.000000000000
60.000000000000,0.000000000000,60.000000000000
60.000000000000,60.000000000000,60.000000000000
16.199290786213,42.734946120434,31.052517160191
60.000000000000,60.000000000000,60.000000000000
11.590344856222,34.289748379062,11.149401508090
60.000000000000,0.000000000000,60.000000000000
13.951072086082,20.335995231452,0.884026516434
60.000000000000,0.000000000000,60.000000000000
60.000000000000,0.000000000000,60.000000000000
60.000000000000,60.000000000000,60.000000000000
11.996449773151,50.941463373556,3.836703249593
60.000000000000,0.000000000000,60.000000000000
15.576289278157,29.567883426068,6.998163060115
60.000000000000,0.000000000000,60.000000000000
14.402945360306,47.557739832411,41.258076184172
16.407157843045,24.017719151974,32.476072697073
15.341141218258,19.521100353847,50.234555505291
31.539782631425,34.212533990548,39.719265746326
10.870792252099,36.118043551413,37.177695326294
60.000000000000,20.488031651220,31.169512902390
60.000000000000,0.000000000000,60.000000000000
11.630764227776,28.640888679478,19.932656771673
11.206802096845,44.079634895526,29.908298036434
60.000000000000,0.000000000000,60.000000000000
12.781427781159,28.160392692464,10.566377389636
60.000000000000,60.000000000000,60.000000000000
60.000000000000,60.000000000000,60.000000000000
15.010934541532,24.724405831332,39.372468922051
60.000000000000,0.000000000000,60.000000000000
11.501052484221,35.830898252998,32.269222722427
13.672452099944,32.627235100139,13.182408903829
11.269812320075,39.620108958092,37.718731122530
12.690461704275,2.810544177493,50.300022202538
60.000000000000,0.000000000000,60.000000000000
60.000000000000,0.000000000000,60.000000000000
60.000000000000,0.000000000000,60.000000000000
13.740382442679,0.473722856017,48.361873698367
17.256654216675,22.267753327271,37.215464903359
12.125023677214,12.132442142958,3.590508550830
60.000000000000,0.000000000000,60.000000000000
60.000000000000,0.000000000000,60.000000000000
60.000000000000,60.000000000000,60.000000000000
9.922014698981,49.949666905553,37.019793390717
60.000000000000,0.000000000000,60.000000000000
14.931873587527,15.632560375104,10.360238225260
0.000000000000,0.000000000000,60.000000000000
15.727660122210,26.988304048631,38.262657678382
60.000000000000,60.000000000000,60.000000000000
9.219268701682,47.589401863106,16.689734021863
60.000000000000,51.279965381840,0.798769299408
23.734614205805,22.393089675726,23.180208286887
60.000000000000,0.000000000000,60.000000000000
13.892234463162,47.932879287829,32.131808861942
16.089142737604,30.841054842707,37.942690018834
21.187200835546,52.836118315958,37.363387937762
60.000000000000,0.000000000000,60.000000000000
60.000000000000,7.293335502020,60.000000000000
11.841603939041,40.477239578478,35.048894466582
16.646158386095,47.615652389548,31.635523262953
60.000000000000,0.000000000000,60.000000000000
15.657719455879,19.120319244539,57.609234267957
60.000000000000,60.000000000000,60.000000000000
60.000000000000,0.000000000000,60.000000000000
60.000000000000,0.000000000000,60.000000000000
11.724941679482,30.205472288045,26.265313490986
60.000000000000,0.000000000000,60.000000000000
60.000000000000,0.000000000000,60.000000000000
60.000000000000,60.000000000000,60.000000000000
44.769627241421,20.335865456275,3.738414161725
60.000000000000,0.000000000000,60.000000000000
60.000000000000,44.401804022740,5.241353667805
43.066677540366,39.716471897255,17.559533350957
60.000000000000,0.000000000000,60.000000000000
17.324723769274,37.466495143397,24.546639753313
60.000000000000,0.000000000000,60.000000000000
21.300389400643,30.703090194343,36.097929708725
13.434804017596,13.632197413056,23.297300983528
60.000000000000,0.000000000000,60.000000000000
60.000000000000,60.000000000000,60.000000000000
60.000000000000,0.000000000000,60.000000000000
11.570172991506,4.960997683669,43.431425256992
60.000000000000,0.000000000000,0.000000000000
12.245242825843,30.289159281559,58.077950198472
60.000000000000,0.000000000000,60.000000000000
16.542963762213,39.298780635685,46.390518969563
13.820657346081,24.143658445318,20.441919781270
60.000000000000,60.000000000000,60.000000000000
60.000000000000,0.000000000000,60.000000000000
18.353470329544,5.575413188561,7.080343000118
60.000000000000,60.000000000000,60.000000000000
21.711062216297,41.048900244880,51.251393027408
36.379944923395,48.027985337218,32.743596596972
19.172741045723,11.759259466383,23.953395259186
60.000000000000,60.000000000000,60.000000000000
30.601972611952,53.301350894762,4.410045483849
18.430198462996,12.446230172668,23.288887926136
17.012419585297,30.507586390152,14.572839198472
60.000000000000,60.000000000000,60.000000000000
52.522674228460,47.217451858683,41.493277609919
19.494631038199,36.536728250673,38.868741170140
25.325488475442,39.095910181213,43.104850791766
21.653867205275,34.091152897879,39.220667819093
24.692869173056,15.738710854989,22.555612257271
21.913146908008,33.275122687334,30.863122378179
17.585748533751,30.953888242025,55.156643903991
23.173566317043,23.398036958247,21.488552290554
28.061596746758,53.885277176753,57.306423135355
49.518651835953,1.867684055146,20.104982423814
25.575546681710,48.323289370232,31.018980753980
47.989368956884,37.087719567286,60.000000000000
19.757811807007,11.400891248737,28.376176956662
0.000000000000,22.271651647754,43.241321946244
25.509625122402,34.748091103454,8.807888580477
19.690035769444,24.453267840063,27.362100044367
19.630275116987,10.039109181801,22.842876234540
19.675529996125,34.967856788765,26.680475336087
23.321693248214,24.123647425093,43.379111670820
60.000000000000,60.000000000000,60.000000000000
25.445966894181,4.807970265033,40.115691831869
19.055744375606,36.316751206414,20.022165407636
18.300888500922,54.909565932238,47.725943984887
2.883995865220,5.659757329176,40.172546871682
23.747761172960,7.050291375409,16.840473189350
60.000000000000,60.000000000000,60.000000000000
22.211677895949,43.793754999856,21.632825346747
60.000000000000,60.000000000000,60.000000000000
60.000000000000,60.000000000000,60.000000000000
11.404517286210,32.880654136567,49.928482368590
23.439253029055,17.740610345310,27.963651486336
60.000000000000,60.000000000000,60.000000000000
42.289973256860,60.000000000000,60.000000000000
17.926798974773,37.896950427310,30.995195115104
30.954748048031,53.305166863829,26.013928576077
0.000000000000,60.000000000000,60.000000000000
60.000000000000,60.000000000000,60.000000000000
21.905470965151,27.936324426970,36.276014486812
21.652593795959,48.184088859979,26.644520258038
18.997372975534,33.861285971822,36.951818805112
23.186601796905,41.418891974848,34.028766386210
8.981935023108,37.074277820054,53.060331919571
24.056256453702,48.960908710765,26.923173872427
19.343999973676,30.279560740698,7.212748479257
50.081526200656,30.851216335588,17.333842052713
43.448610265352,19.582439581053,55.142681394254
19.773474984707,51.411843404763,19.910183782590
60.000000000000,60.000000000000,60.000000000000
21.635237516888,2.526807578644,40.392918478975
19.244805062468,33.562601647105,22.807744628229
22.342112040120,55.749286206880,54.104864600817
60.000000000000,60.000000000000,60.000000000000
60.000000000000,60.000000000000,60.000000000000
60.000000000000,60.000000000000,60.000000000000
21.258136129264,7.808785506999,53.748374348518
60.000000000000,60.000000000000,60.000000000000
51.293456504535,27.749673383210,21.072294320085
60.000000000000,19.606995732420,58.808616328294
31.024407983743,18.601426006706,10.133431669303
21.285825424852,35.763305851552,35.004153393757
60.000000000000,60.000000000000,60.000000000000
60.000000000000,60.000000000000,60.000000000000
44.495219950679,18.087778098737,3.374947708970
60.000000000000,60.000000000000,60.000000000000
25.547191305436,9.950710523848,2.817340447932
60.000000000000,60.000000000000,60.000000000000
2.459169240751,4.960234323591,47.217790398053
58.778749369821,51.509391270857,54.597318604959
60.000000000000,47.078620489245,29.113027156728
60.000000000000,60.000000000000,60.000000000000
22.097949321489,10.952416108552,57.698186203369
60.000000000000,60.000000000000,60.000000000000
17.491111437925,51.638896895403,6.971415097204
24.256195523896,26.206121543270,37.265995266206
21.950882880487,49.064182462315,49.530762608269
26.006440142680,57.733729910997,19.548138102977
21.900571690227,48.408047690317,16.327076857701
21.361712433222,40.297607817350,27.286027474432
23.919684286961,15.997523341099,16.380168774361
60.000000000000,60.000000000000,60.000000000000
60.000000000000,60.000000000000,60.000000000000
25.092871569822,26.205787215117,24.017201418922
18.065775622749,51.806871605351,35.509803849309
60.000000000000,0.000000000000,11.245915533978
21.339156457603,34.227727591601,8.729331094048
60.000000000000,60.000000000000,60.000000000000
5.712090453979,60.000000000000,60.000000000000
3.761940103815,41.914734079944,60.000000000000
60.000000000000,0.000000000000,60.000000000000
40.631154785788,11.257891990897,42.653297273293
19.238073939128,46.615108392631,56.995697554105
10.545881456835,48.116377486718,36.893990164480
18.605347121094,4.107593467010,2.112692744239
42.302579057593,40.745829696418,60.000000000000
17.797615402155,49.915292600607,37.961407381086
60.000000000000,0.000000000000,60.000000000000
24.817796270595,38.513760508697,52.417430522132
0.000000000000,0.000000000000,60.000000000000
21.473368497540,12.545812686622,9.755418369332
6.835852822299,30.390985209929,5.676071498212
18.590634566911,23.903123474268,29.230150886768
60.000000000000,0.000000000000,60.000000000000
22.607857777365,16.627958884651,54.304575179745
26.835718402136,31.300619068912,24.117195957918
22.822563302552,48.009015922316,57.484620587787
60.000000000000,60.000000000000,60.000000000000
60.000000000000,0.000000000000,60.000000000000
60.000000000000,0.000000000000,60.000000000000
18.095927681183,29.857458952425,9.178659495769
0.000000000000,0.000000000000,60.000000000000
21.743125194886,33.045359185461,18.311863428398
60.000000000000,0.000000000000,60.000000000000
23.372649501259,2.088502447678,0.021757909538
10.421074261631,38.882843393499,60.000000000000
60.000000000000,60.000000000000,60.000000000000
14.603438438422,26.426706413366,34.769376242381
21.957960178786,35.772263744327,51.421165936560
27.094643135973,25.247398132559,32.221618227043
43.979279835631,31.228724651903,33.933300017517
60.000000000000,0.000000000000,60.000000000000
9.328567621473,20.308168492509,28.519848143766
43.275746551310,31.142142357199,52.222440143721
60.000000000000,60.000000000000,60.000000000000
60.000000000000,0.000000000000,60.000000000000
25.961154473550,36.450964241848,0.979919326087
21.438403506132,31.595589402773,31.825024912377
21.969249918460,13.891529572172,6.792483410807
60.000000000000,0.000000000000,60.000000000000
21.702272273515,9.967606665967,13.271064110927
60.000000000000,0.000000000000,60.000000000000
18.722593338028,54.398177288863,19.395094057097
20.701859264476,31.963754379938,36.378377436335
20.358776101039,13.663508573906,55.186215957623
52.668582821795,6.034012377385,27.593734674099
24.836060322727,9.004525431032,5.482269793115
19.133696178756,23.792699839264,33.219002082512
18.511729253976,31.994201770366,47.307944627644
60.000000000000,60.000000000000,60.000000000000
22.003879408023,32.576821299115,37.123641183276
60.000000000000,0.000000000000,60.000000000000
20.784241062811,42.497275582414,11.011961511335
25.985247562336,30.567491749407,38.107422072134
21.666710903193,0.800781849865,14.434071682403
18.595291550373,39.803173657193,25.715833992848
21.017430017902,19.541771329086,49.636563896776
0.000000000000,0.000000000000,60.000000000000
16.587650776292,1.831482731658,39.579266383499
24.010473838183,35.241308297029,20.460791004203
20.986489782100,45.004917093677,32.293887483348
40.556640793218,30.803991857072,27.944162083328
24.776528288222,4.447797652762,56.118000831258
60.000000000000,60.000000000000,60.000000000000
22.200558000527,27.134148137188,4.664118939791
60.000000000000,60.000000000000,60.000000000000
25.460162680604,43.338944164074,4.205218817100
60.000000000000,0.000000000000,60.000000000000
5.792676571555,24.638792761058,59.640749645764
60.000000000000,60.000000000000,60.000000000000
23.619013342971,3.942982611063,17.797915967203
18.304128203733,26.571668796244,28.260115788648
24.879574089888,23.474394073703,36.851131137590
60.000000000000,0.000000000000,60.000000000000
23.234019614608,6.970357024750,50.641246860282
60.000000000000,35.933162486484,32.864569213285
23.890763684926,22.166093480794,9.303874402495
60.000000000000,14.979445804347,60.000000000000
19.806005221495,20.207522010945,3.089106261759
24.557587038594,20.239549713147,24.909973716101
5.407347549164,3.708834853380,25.238974758478
60.000000000000,60.000000000000,60.000000000000
23.009944516713,35.769317576359,58.857375967159
60.000000000000,60.000000000000,60.000000000000
24.057879312995,36.617737490705,46.091106589116
60.000000000000,0.000000000000,60.000000000000
32.025573381703,48.377833056005,45.722438527072
60.000000000000,0.000000000000,60.000000000000
17.925740024526,17.746635276610,42.418056218540
60.000000000000,0.000000000000,60.000000000000
18.187677523574,11.807882335076,31.546730931582
60.000000000000,60.000000000000,60.000000000000
12.806322569437,46.592293753295,60.000000000000
60.000000000000,0.000000000000,60.000000000000
1.842972442668,60.000000000000,2.593191157466
20.425712424742,0.000000000000,32.412924593549
19.397168083338,57.241986400560,58.425029911050
23.621072354929,31.981619794468,25.173128206768
18.808614834871,10.607303872554,37.584178473775
60.000000000000,60.000000000000,60.000000000000
60.000000000000,0.000000000000,60.000000000000
60.000000000000,0.000000000000,60.000000000000
60.000000000000,0.000000000000,60.000000000000
60.000000000000,60.000000000000,60.000000000000
25.830457248215,29.343546359076,27.249624895591
60.000000000000,0.000000000000,60.000000000000
60.000000000000,60.000000000000,60.000000000000
60.000000000000,0.000000000000,60.000000000000
18.309136419836,50.171116832357,26.061320225035
60.000000000000,0.000000000000,60.000000000000
18.246235087324,42.364685271851,12.280840641543
18.247499275830,30.254415183619,25.347816727852
18.960402799588,21.276301539882,20.881379238782
42.506795909402,21.859275760409,22.882993164096
60.000000000000,60.000000000000,60.000000000000
60.000000000000,0.000000000000,60.000000000000
21.388952173167,46.657364668448,14.604629341978
60.000000000000,0.000000000000,60.000000000000
37.642615080945,1.967724869950,28.540203693977
60.000000000000,0.000000000000,60.000000000000
24.228586212327,49.290962173209,40.712444414574
60.000000000000,0.000000000000,60.000000000000
60.000000000000,0.000000000000,60.000000000000
60.000000000000,60.000000000000,60.000000000000
19.186709932079,19.372047438896,13.430926060570
0.000000000000,0.000000000000,60.000000000000
22.845048247082,13.501100746076,4.127887331512
25.253371417920,37.899848379894,36.493383949281
20.315695466516,51.907331124814,47.703141422805
21.125630426944,40.513348349498,20.578155004189
23.110734319435,45.870429498765,40.722089002403
51.915327505930,42.183998770064,38.777360325758
23.503444760089,31.822593186179,44.232787833817
11.065003707306,41.629911607805,22.789298720119
60.000000000000,0.000000000000,60.000000000000
8.546922800405,2.090670681985,19.615140688120
20.754554889359,25.561474038655,40.629364048561
60.000000000000,0.000000000000,60.000000000000
49.027442652092,31.317647217010,46.472234468876
60.000000000000,0.000000000000,60.000000000000
60.000000000000,0.000000000000,60.000000000000
24.728213935150,39.316055474274,39.393744702672
60.000000000000,0.000000000000,60.000000000000
37.553014220524,51.770571096903,1.955653853663
19.518707969025,54.552564375359,50.551104546735
20.995192511976,29.893232495959,24.540537401036
26.517144940118,35.092734708847,20.921968954672
54.149793179983,40.968599985933,44.112139060345
24.404714770063,15.151420699777,40.282658356203
25.219748836115,36.563810702466,26.520158406944
19.034545240600,23.175388204006,13.809839397251
24.334291143608,38.499320049774,32.347159276793
24.892146029358,52.517405610634,35.546410831873
60.000000000000,0.000000000000,60.000000000000
21.046899603437,36.260771878547,40.677261732674
60.000000000000,0.000000000000,60.000000000000
20.452375679383,5.657455011336,38.303490613264
60.000000000000,0.000000000000,60.000000000000
51.116970999885,31.382219322825,54.146758401300
60.000000000000,60.000000000000,60.000000000000
5.738695236373,13.370181001339,38.102307156364
60.000000000000,0.000000000000,60.000000000000
22.452190041447,48.047173840807,31.144078468422
22.821778084822,33.968281653743,24.731050885270
9.173975857518,39.244306634262,21.390717116981
60.000000000000,0.000000000000,60.000000000000
26.448727771119,36.687565160047,29.897958863539
12.030029015048,35.278162615307,28.995850554974
19.235631245596,0.451942768463,26.918926444918
60.000000000000,0.000000000000,60.000000000000
60.000000000000,34.767926990036,6.631510326803
60.000000000000,60.000000000000,60.000000000000
18.915159107775,10.602668827711,44.893590199567
60.000000000000,0.000000000000,60.000000000000
27.649351590846,60.000000000000,60.000000000000
0.000000000000,38.963174606742,30.221598346264
60.000000000000,0.000000000000,60.000000000000
60.000000000000,0.000000000000,60.000000000000
36.348116919785,10.402172657397,47.400222917107
18.989926009650,32.652609814983,3.465322961996
60.000000000000,0.000000000000,60.000000000000
60.000000000000,0.000000000000,60.000000000000
21.666523432184,16.394570147890,33.775560034514
0.000000000000,0.000000000000,60.000000000000
60.000000000000,60.000000000000,60.000000000000
19.157389989144,3.439855079240,24.765198513903
18.808929300220,7.771744849223,38.379865095480
60.000000000000,60.000000000000,60.000000000000
19.381375831592,14.451388233325,43.074574001734
23.010963121474,30.068181397769,31.103392134311
20.099615646210,50.131326280373,6.311547111955
0.000000000000,0.000000000000,60.000000000000
60.000000000000,0.000000000000,60.000000000000
60.000000000000,0.000000000000,60.000000000000
21.422883792428,5.817092877297,3.550459864591
19.625715338650,20.492483204802,60.000000000000
23.064522916718,10.908156802411,31.884561055960
60.000000000000,0.000000000000,60.000000000000
46.889480074578,33.934204986236,30.296504219028
60.000000000000,60.000000000000,60.000000000000
60.000000000000,0.000000000000,60.000000000000
60.000000000000,0.000000000000,60.000000000000
31.043767713002,15.788373109502,37.756852415789
50.891774121707,19.664839073395,60.000000000000
33.857457810311,20.432896002727,50.536264197875
17.397769456743,10.453458692206,6.660567791447
29.276278910628,40.063984900280,24.351544382255
60.000000000000,60.000000000000,60.000000000000
39.329499851702,16.064582983000,28.310744680871
21.766874184107,37.176613565466,37.811432162595
32.450002443901,17.492979814481,40.825701261754
60.000000000000,60.000000000000,60.000000000000
34.747507560259,28.377217881993,26.031579308286
60.000000000000,60.000000000000,60.000000000000
32.912735818736,52.741252766344,24.660379015326
29.777299948652,34.336763201034,30.381406454296
30.723080962560,44.009379221436,54.728301645261
26.957192202927,37.203722661377,26.647324183474
21.210926301183,58.592943055456,54.189101568794
24.071995698023,21.659999525861,36.463418073803
31.136118361957,31.586644016977,13.907057807709
60.000000000000,60.000000000000,60.000000000000
30.965329851514,53.544162666094,12.840432645331
60.000000000000,0.000000000000,60.000000000000
29.001859896567,18.833632593453,2.396284143739
26.715644663258,33.371684907258,29.385058102133
60.000000000000,60.000000000000,60.000000000000
29.832013160123,37.106293188444,25.215569832772
25.982316329582,43.496328291834,49.200763359466
60.000000000000,60.000000000000,60.000000000000
60.000000000000,60.000000000000,60.000000000000
55.444692824888,2.418111165206,24.563972633670
33.273393572605,43.977992767144,8.862479072730
29.824014944339,24.416413988939,23.667023537991
37.980869720479,49.174326170038,25.006555220629
23.828567831896,29.482769576928,39.443581867918
30.062119224537,8.399768627782,34.706721304013
60.000000000000,60.000000000000,60.000000000000
37.384798393541,59.411036989683,20.029960642775
26.951254981312,39.313073480655,57.626614687512
32.604729745437,47.972360569443,49.373358966671
31.906635818038,26.080411557021,37.205701176340
26.820633153376,40.980329519822,8.148034715717
24.747938764270,29.034889577338,31.650488169582
34.428614981438,20.184829397137,4.297007801406
60.000000000000,60.000000000000,60.000000000000
46.277494717485,25.633360286648,48.714324742019
60.000000000000,60.000000000000,60.000000000000
5.779934848839,3.295319854320,19.426830734887
60.000000000000,60.000000000000,60.000000000000
60.000000000000,60.000000000000,60.000000000000
29.516412613411,33.096313174435,35.259675571521
31.023927379755,9.431391916849,6.142801416222
60.000000000000,60.000000000000,60.000000000000
32.544088218779,38.721585767951,14.476202462047
37.509090754893,32.430632232068,28.413800552585
60.000000000000,60.000000000000,60.000000000000
60.000000000000,60.000000000000,60.000000000000
32.884944157988,2.756006190152,36.236662238043
28.900526305928,6.715111748740,12.403389115041
32.339361168652,53.650464138845,17.965589616240
29.693863722145,31.577729891430,37.820556198388
35.848887878217,53.405219613230,18.103267294730
60.000000000000,36.550987924197,22.802588159408
60.000000000000,60.000000000000,60.000000000000
60.000000000000,60.000000000000,60.000000000000
33.007752802035,52.839907098300,52.689977328304
60.000000000000,49.120795886684,60.000000000000
28.438414181152,17.901554129455,15.773542258219
40.468176565296,43.340115978900,17.648278658894
30.113003542301,18.639447002320,11.185238273869
60.000000000000,60.000000000000,60.000000000000
60.000000000000,0.000000000000,60.000000000000
60.000000000000,60.000000000000,60.000000000000
32.325436844705,6.584064209785,31.685109224094
60.000000000000,60.000000000000,60.000000000000
32.182569412730,50.332145758749,47.606668722069
60.000000000000,60.000000000000,60.000000000000
28.674752721928,22.539365205584,5.979539292215
30.137342126606,20.280927355184,24.159034311548
32.094899858014,7.906639385855,42.599040473315
60.000000000000,12.246716311971,14.304266835232
30.009379371255,37.202423120494,2.953877004275
34.895395167170,3.172790628769,25.935095030025
25.843227189664,30.309038735886,10.066322875772
32.505976065717,21.980824580483,25.957773073277
26.300247886800,6.654890220663,55.919322574263
32.969452418059,26.655880837762,39.597981963141
25.748230738963,9.606526740109,19.167556232836
4.541665780009,15.302507616247,8.537929183589
26.224502134456,2.182973867348,30.153550926669
60.000000000000,35.400852517488,27.819778299816
60.000000000000,60.000000000000,60.000000000000
33.120048907685,25.327724370834,34.905720402237
30.452504062669,57.188261424297,16.868449512382
30.265912141652,29.976369642104,30.625662429375
30.948546622642,37.375166041965,36.171838737660
60.000000000000,0.000000000000,0.443186908789
33.905190859968,0.034475522224,14.498302782288
30.347229553308,27.364566404466,14.328028057988
25.634612814302,43.938165328075,34.424794686543
60.000000000000,60.000000000000,60.000000000000
35.088214251484,17.009314069511,34.028183789783
60.000000000000,28.467282268020,8.157452157571
28.044935207316,44.173939072858,43.770163901206
31.317501525059,28.799361725606,31.762643843857
29.866301592976,4.301085700713,43.289625990120
60.000000000000,0.000000000000,60.000000000000
30.528683424013,29.857968672177,28.019917316415
1.914181241160,60.000000000000,9.890191319719
60.000000000000,60.000000000000,60.000000000000
60.000000000000,60.000000000000,60.000000000000
32.551323698752,26.076715602724,43.805287698431
51.987753763281,16.974357982850,56.440513337450
31.986740604719,34.494571361166,36.759315800660
60.000000000000,60.000000000000,60.000000000000
24.879704296737,16.165581812731,1.943196648936
60.000000000000,0.000000000000,60.000000000000
60.000000000000,0.000000000000,60.000000000000
32.321901758396,51.463145015439,8.603627190263
29.171909620627,27.237199191198,56.628391643755
1.175060104751,28.024482222774,38.070940483006
14.187792399242,25.692776527904,45.278269101632
9.024174940810,27.166542896082,17.874521361574
29.860048837188,2.032344440198,5.612706546398
60.000000000000,60.000000000000,60.000000000000
60.000000000000,0.000000000000,60.000000000000
2.330671331625,22.826512538238,24.704742514304
31.417979180975,54.448314098533,46.394095353580
37.127987500622,51.206417426219,18.977818811682
29.481528222347,47.358414560290,37.665515204688
60.000000000000,0.000000000000,60.000000000000
28.490121115653,32.033559979800,40.528462018704
60.000000000000,60.000000000000,60.000000000000
60.000000000000,0.000000000000,60.000000000000
60.000000000000,0.000000000000,60.000000000000
29.965028404708,50.426571906719,19.608297247118
60.000000000000,60.000000000000,60.000000000000
4.161017530074,17.199534577277,36.756714015590
29.352505816126,36.986446654072,38.493728701152
60.000000000000,60.000000000000,60.000000000000
34.717225925409,16.577484759146,28.523596532378
29.819295774105,20.095886106678,50.111555888417
30.330196984547,34.943865990066,23.950036478958
25.875644222997,14.415466790668,19.557476875503
60.000000000000,60.000000000000,60.000000000000
26.080696103378,30.131444185176,55.449419981691
27.327251675424,35.161537125759,24.106845934433
27.887854275793,34.031098039992,50.810232391237
60.000000000000,0.000000000000,60.000000000000
28.959213890934,14.609025081302,3.104996271510
33.753749340355,0.000000000000,60.000000000000
32.511433665990,15.315412001650,44.061265637694
40.892318117072,28.660018327687,0.337504739356
32.072719267858,15.468309711278,26.154184876467
28.872844434404,30.313608202274,28.719124981966
34.185295583557,53.916167413258,12.944724480347
53.501089369770,18.020780022011,51.616516329274
60.000000000000,60.000000000000,60.000000000000
30.612514702822,30.724180004067,34.423593556378
29.158497851616,52.439936918767,16.269694867185
31.169264028755,27.141156761943,25.373733976042
16.608620998947,0.000000000000,60.000000000000
60.000000000000,60.000000000000,60.000000000000
60.000000000000,60.000000000000,60.000000000000
60.000000000000,0.000000000000,60.000000000000
60.000000000000,60.000000000000,60.000000000000
60.000000000000,0.000000000000,60.000000000000
27.593944987823,23.384267941139,1.208469800470
60.000000000000,17.354594942267,49.414045413930
60.000000000000,60.000000000000,60.000000000000
22.113410083436,41.209446596086,32.051296236431
29.159128794385,8.658463070552,55.824003435284
60.000000000000,0.000000000000,60.000000000000
27.275972032837,14.201776057143,8.105342297462
27.570152785591,38.759435629977,25.214809344154
30.374038531767,39.183535953989,29.595498886182
60.000000000000,60.000000000000,60.000000000000
60.000000000000,60.000000000000,60.000000000000
60.000000000000,60.000000000000,60.000000000000
29.320057640381,14.053051081735,19.731069452615
60.000000000000,60.000000000000,60.000000000000
40.612635326510,6.341515928410,45.082458439227
60.000000000000,0.000000000000,60.000000000000
31.996417436813,43.331916892601,28.438644053807
60.000000000000,0.000000000000,60.000000000000
60.000000000000,9.014445920156,26.709699584453
60.000000000000,0.000000000000,60.000000000000
26.901652672039,52.020939388364,32.729180288664
60.000000000000,0.000000000000,60.000000000000
33.537356654150,43.342868354743,9.726920215916
60.000000000000,0.000000000000,60.000000000000
33.629517447349,18.037219647994,58.474219878501
60.000000000000,0.000000000000,60.000000000000
39.929703489902,60.000000000000,60.000000000000
30.558651634943,28.938640588787,22.036889567478
1.281937018609,48.406218087511,48.678813013547
54.928089111511,52.667069874217,50.305991422300
60.000000000000,60.000000000000,60.000000000000
60.000000000000,0.000000000000,60.000000000000
45.812024404579,16.302103228361,35.846737812985
60.000000000000,0.000000000000,60.000000000000
60.000000000000,0.000000000000,60.000000000000
60.000000000000,0.000000000000,60.000000000000
60.000000000000,60.000000000000,60.000000000000
27.256142848736,28.233562292198,45.053589765364
60.000000000000,0.000000000000,60.000000000000
60.000000000000,0.000000000000,60.000000000000
25.884847376651,5.021158796834,28.840377290978
60.000000000000,0.000000000000,60.000000000000
30.135893967637,48.766303254393,41.160439079176
33.938140511033,23.120682765292,21.736480200852
31.118984722584,4.860510094228,13.626310035604
60.000000000000,60.000000000000,24.703312303596
60.000000000000,0.000000000000,60.000000000000
60.000000000000,0.000000000000,60.000000000000
27.719963984626,10.351310863661,7.033291947411
27.295261258269,24.517039584190,37.883936528426
12.588819730544,51.181291865189,0.955324496045
60.000000000000,0.000000000000,60.000000000000
26.584098021000,19.099618506507,20.271965468914
60.000000000000,60.000000000000,60.000000000000
28.645760661225,12.334571211992,4.798119436465
60.000000000000,60.000000000000,60.000000000000
26.360190571639,47.749011149492,22.996882589708
60.000000000000,60.000000000000,60.000000000000
30.054454530633,57.336311436658,1.358748304961
28.146727509884,31.451962587917,22.336509735512
26.379264087412,56.610700624187,54.225549221522
60.000000000000,60.000000000000,60.000000000000
30.575054914198,12.323957673521,30.867510599937
27.605059342127,30.025477097647,32.607148039589
26.865563791505,28.317519249442,53.554558004617
32.257788630848,25.532205980955,29.104551055274
25.819865642811,11.252655354308,54.016609462264
34.023829133549,35.958006288135,25.391047238929
29.749164688522,6.411901973734,49.989927567319
60.000000000000,0.000000000000,60.000000000000
28.325030429836,12.546448919463,21.218781116207
60.000000000000,0.000000000000,60.000000000000
32.664198092722,0.000000000000,60.000000000000
24.935682142910,32.938716057126,38.453272440177
60.000000000000,60.000000000000,49.368604669199
33.982351825203,26.604386215261,27.476520809353
32.730232976990,17.107680322435,29.092733737192
60.000000000000,60.000000000000,60.000000000000
27.427728684364,9.102238246962,52.504795881636
60.000000000000,60.000000000000,60.000000000000
29.079317425334,26.104700962693,5.682765991954
60.000000000000,60.000000000000,60.000000000000
27.392025343977,40.454876854446,10.384951277274
33.017825552896,32.547785452808,27.463230190109
0.064653133373,32.957314125828,57.434016306455
0.000000000000,0.000000000000,60.000000000000
60.000000000000,60.000000000000,60.000000000000
60.000000000000,0.000000000000,60.000000000000
27.326281029276,60.000000000000,3.859935776943
60.000000000000,0.000000000000,60.000000000000
31.216305588200,41.657731698071,23.390964531499
60.000000000000,0.000000000000,60.000000000000
57.521166833265,44.972574696861,46.852542640523
44.879291460131,35.702391460796,60.000000000000
26.701118848191,51.245665197061,48.360573697896
33.877088941845,27.552326730315,23.144987737771
30.422317931790,13.215764858299,13.172776212172
60.000000000000,0.000000000000,60.000000000000
26.672680092635,22.549005517788,26.564066635373
25.893992247894,22.884677764098,35.324995321747
19.048825171587,19.949192862272,57.124417120717
60.000000000000,0.000000000000,60.000000000000
36.604724113079,38.003780791596,20.802108978634
60.000000000000,0.000000000000,60.000000000000
30.762773738327,45.275542788102,14.127612209668
60.000000000000,0.000000000000,60.000000000000
60.000000000000,40.575869130880,57.802327394331
33.291062373296,25.163542030923,37.439313487037
60.000000000000,60.000000000000,60.000000000000
22.980829645733,12.412897027406,53.753213570481
40.171152286688,11.371628775837,47.019533630373
48.197141426607,53.590922738343,60.000000000000
60.000000000000,0.000000000000,60.000000000000
29.019966162283,22.485207814858,34.127947480777
28.091730285616,15.972068147116,41.669375925227
60.000000000000,60.000000000000,60.000000000000
60.000000000000,0.000000000000,60.000000000000
60.000000000000,60.000000000000,60.000000000000
21.557561684297,3.643262211822,15.758653867634
60.000000000000,0.000000000000,60.000000000000
30.430349564345,13.149266371140,23.766441030736
30.602415157912,33.733713954714,27.030350921019
26.559770747078,27.731378608624,48.673544717238
60.000000000000,22.171542779827,20.654747002975
60.000000000000,0.000000000000,60.000000000000
60.000000000000,0.000000000000,60.000000000000
31.378472832338,6.699270955294,23.631447968782
25.381158956662,30.472882342023,22.021913254644
32.900447716029,51.421815252665,4.343882378514
60.000000000000,0.000000000000,60.000000000000
3.375563779649,7.853412554222,52.625615833483
60.000000000000,7.615510276538,34.030860089489
60.000000000000,0.000000000000,60.000000000000
20.465682683362,60.000000000000,60.000000000000
35.896750695538,24.208809675482,7.342093912032
27.487131382010,29.722325521540,38.970860817055
36.468318256398,30.098358041169,17.377474778801
12.434443485581,38.334853266905,29.593455242003
60.000000000000,60.000000000000,60.000000000000
35.326899099514,31.905048072756,34.978972394874
41.085348241047,55.518410657535,46.462886777704
36.615986751931,25.285572625047,33.017447584233
41.167145283096,26.797439839289,35.012803883132
37.024646573488,25.998844020816,44.116545684651
42.543199820573,15.205530444841,9.492649986671
60.000000000000,0.000000000000,60.000000000000
40.436216978752,6.893090245080,6.177510969486
40.921751060874,38.181637663144,23.332180359016
36.315267241879,15.852762286172,26.323853769588
60.000000000000,60.000000000000,60.000000000000
37.731930756455,48.782559274864,4.527717092926
43.039164300845,33.473482250785,23.773184770802
37.195126157557,8.349834965228,29.784784556682
40.802301876774,26.132981996590,23.131745249689
37.181008367329,58.825019009498,54.347105915896
43.535773352446,49.633701825843,32.160488432107
46.724818075598,1.901469675030,59.388503746738
60.000000000000,0.000000000000,60.000000000000
42.541261653175,35.435051697221,26.321022960555
60.000000000000,0.000000000000,60.000000000000
34.451896996741,58.874410955656,6.263951638262
22.973950660480,49.506967726427,17.016228703842
33.492034080172,54.792254567578,57.593458605200
60.000000000000,0.000000000000,60.000000000000
41.042843160673,23.533938045626,37.783211892236
16.791468005700,58.566816810247,16.047685803161
15.543589297257,11.562088589788,56.193350361762
36.699153719539,34.840361212985,25.262019124771
36.336195782541,9.733949072769,52.542170012068
42.540812478088,33.660606948545,31.241898738092
32.764371678754,18.882521658756,53.362724655398
40.321616245333,28.317922293706,36.744636623824
42.331251115006,59.750894572002,11.146145568402
60.000000000000,25.113088095132,11.927342265758
38.796391198653,19.353800114307,48.277507529164
60.000000000000,0.000000000000,60.000000000000
42.811482984500,44.840827203907,48.433841923942
60.000000000000,0.000000000000,60.000000000000
34.496547834899,5.410627624270,40.241338452022
60.000000000000,39.572381256676,42.462031443289
37.201732121571,13.244345621061,21.894946416378
37.074268688058,37.007216572537,19.601480112264
52.935874642916,60.000000000000,31.908313566745
57.044214784928,29.459101607821,2.169969226401
39.527628175402,19.501636015119,51.364494782102
60.000000000000,0.000000000000,60.000000000000
41.095582376818,28.405516079678,2.106312713036
10.569502238843,0.284327231412,20.079538982255
60.000000000000,0.000000000000,60.000000000000
39.917522385742,29.744269488228,40.866512842889
38.362609626072,14.237757189590,52.650869991076
60.000000000000,0.000000000000,60.000000000000
34.400520075716,45.107007161454,55.175780697982
41.972302637807,25.174803065031,32.543372559604
40.020311968571,37.283952899902,3.101837751739
39.359342477171,37.275168878870,34.708310070723
60.000000000000,0.000000000000,60.000000000000
60.000000000000,60.000000000000,60.000000000000
60.000000000000,60.000000000000,60.000000000000
43.659165481509,36.503979275619,38.804905627345
37.502490193217,17.721161908791,56.738663065834
57.939259066276,42.024301792523,39.301396603454
40.990445555158,9.945978937024,51.732142673088
60.000000000000,33.427874619585,43.692200230793
34.424789173639,45.746642139809,58.772319621785
60.000000000000,0.000000000000,60.000000000000
60.000000000000,0.000000000000,60.000000000000
60.000000000000,35.791726002996,59.800507613979
38.071371964925,29.739763145957,32.360776768055
36.618917125289,23.836348367685,21.863500996614
36.736809107327,55.925771199895,53.217094621182
10.606034248280,57.497910766279,42.474469280994
41.415800914587,38.147035960656,44.616477636350
34.475106169674,19.986597596597,20.913424800776
37.826129986171,3.490680035412,8.220532217835
8.710059407998,45.865157400610,6.554353016692
48.858466221470,58.067096860110,40.093025896247
39.635772530455,39.316788819236,32.065400682499
39.502239523700,23.177165255647,1.544797621093
38.238753679368,23.761363053054,29.538918235969
39.354004787628,30.478745661364,18.617642881725
43.223896203587,28.069419208966,38.721079890779
50.998299967615,33.544948665631,49.257398899201
60.000000000000,0.000000000000,60.000000000000
60.000000000000,0.000000000000,60.000000000000
42.518244331262,25.386095291696,24.579476028153
34.169323413340,2.063850081315,57.038369550630
37.279651754238,26.462494292434,35.325122189281
40.214192703566,41.583067797256,3.172488661656
0.000000000000,40.569173715976,60.000000000000
34.672613130045,11.539703157015,44.154235231057
47.606853268040,34.817544048776,23.743112068654
34.797916790670,17.047451085177,0.060819916245
60.000000000000,0.000000000000,60.000000000000
41.551195451213,47.190402357273,13.391355269592
60.000000000000,0.000000000000,60.000000000000
36.029716143484,26.960774133186,25.832985695661
60.000000000000,0.000000000000,60.000000000000
42.266056294383,18.369063255211,47.008622458401
60.000000000000,60.000000000000,60.000000000000
34.278420984768,21.818971215801,3.412156003536
60.000000000000,60.000000000000,14.020578650701
60.000000000000,0.000000000000,60.000000000000
60.000000000000,0.000000000000,60.000000000000
35.378300792299,25.190080307995,59.532160631136
60.000000000000,0.000000000000,60.000000000000
41.445161504920,50.413172023858,18.817741392029
60.000000000000,0.000000000000,60.000000000000
37.569307233907,46.973852027094,7.091806146814
42.949181109547,23.795289601541,36.940472861911
39.865172512160,21.588297291847,22.027664517149
52.552759832472,38.721612720711,50.122338274557
42.965184419598,25.017356228203,44.295576590047
4.466724362023,11.320760690303,14.139755796456
42.455904286562,32.205377320621,17.745826463959
40.575695411413,22.880300351488,22.585276993480
36.843815639435,1.847012569195,11.182716750596
60.000000000000,0.000000000000,60.000000000000
60.000000000000,0.000000000000,60.000000000000
20.218860794016,4.346522204678,31.422283576557
40.855740560855,13.032078333046,41.301570513875
60.000000000000,0.000000000000,60.000000000000
34.823810392164,12.609866759480,50.202267497929
60.000000000000,0.000000000000,60.000000000000
36.225453349648,51.325206895579,13.232432854626
60.000000000000,0.000000000000,60.000000000000
40.206236885533,11.436689108604,58.350514852117
60.000000000000,0.000000000000,60.000000000000
37.403165297281,4.140203066068,45.125666960314
60.000000000000,0.000000000000,26.658952436580
41.987946403373,52.820620516333,3.715783315979
29.044199268629,37.862069426602,52.830266602882
60.000000000000,0.000000000000,60.000000000000
60.000000000000,60.000000000000,60.000000000000
41.151266320962,45.129074617290,20.875625705935
38.813900713035,37.497050216251,31.281716069532
40.672251978728,14.015414481158,43.011019451994
60.000000000000,0.000000000000,60.000000000000
38.406936026614,49.752038126554,44.608715149694
60.000000000000,0.000000000000,60.000000000000
37.247058253585,36.100077734486,54.334334162975
60.000000000000,0.000000000000,60.000000000000
42.257549298750,54.403540402821,25.419803571157
33.637322983555,37.814880232503,23.959199070437
35.410582561674,48.536626954726,17.635836391237
39.020510253554,32.870583776009,23.835528104274
43.578677010839,31.271036648962,38.213721017931
38.492512190409,40.471472442674,30.891317133037
6.410834895168,41.203657215159,24.629082953619
38.982757248373,14.774080009815,5.102081876558
60.000000000000,0.000000000000,44.425019114777
36.694017519643,23.633976327828,26.667582114093
41.397642868243,57.980566146773,58.980126874411
39.295356424212,24.800790355430,24.894009884570
60.000000000000,0.000000000000,60.000000000000
60.000000000000,0.000000000000,60.000000000000
60.000000000000,0.000000000000,60.000000000000
60.000000000000,0.000000000000,60.000000000000
21.702936347960,54.738834167185,10.832816435263
33.687203218816,38.956491020714,36.703509744835
42.159876965209,0.485867110555,36.689219895628
39.081650241164,38.605447221882,38.422516616110
36.949494017703,53.625382342065,32.084035455416
38.969028899968,29.956411151417,28.865460466593
49.141892377897,56.450651802779,14.201786731225
60.000000000000,0.000000000000,60.000000000000
39.888127813692,21.239228091139,25.588110633179
36.663442843243,20.555511018161,37.515280809275
35.770878049225,24.755607383759,50.038439146767
60.000000000000,0.000000000000,60.000000000000
60.000000000000,0.000000000000,60.000000000000
60.000000000000,0.000000000000,60.000000000000
40.385802431278,11.566360332130,28.020259468157
60.000000000000,0.000000000000,60.000000000000
39.125428772407,1.382537206307,26.665172984637
2.018436801808,27.829974535085,12.235171439362
39.481363379928,49.200395064452,11.859774751297
60.000000000000,0.000000000000,60.000000000000
36.689436728874,52.425909560040,14.876669445892
0.000000000000,0.000000000000,60.000000000000
41.846756083212,21.531053341418,19.071621483620
60.000000000000,0.000000000000,60.000000000000
39.199163068280,8.002142683908,14.544445367448
60.000000000000,0.000000000000,60.000000000000
37.654280648004,20.964962555998,45.368603355615
60.000000000000,0.000000000000,60.000000000000
60.000000000000,50.213882499721,9.542179709966
41.073003199495,31.517857211163,32.287696507724
37.690291356926,2.691774752780,24.247244910252
60.000000000000,0.000000000000,60.000000000000
60.000000000000,0.000000000000,60.000000000000
60.000000000000,0.000000000000,60.000000000000
39.530393092160,15.018493228273,26.453623721361
60.000000000000,0.000000000000,60.000000000000
60.000000000000,0.000000000000,51.932296922695
0.000000000000,0.000000000000,26.378597795117
60.000000000000,0.000000000000,60.000000000000
48.988890367386,60.000000000000,60.000000000000
60.000000000000,0.000000000000,56.248246172623
38.035814860736,28.383397643240,27.747715230689
39.848790155813,20.755111667495,28.918362225997
60.000000000000,0.000000000000,60.000000000000
41.271302420971,54.764461144438,9.371988755496
39.013235177456,37.683163895530,40.000237762231
34.940964677344,47.929948754424,7.998300149750
53.475022225027,0.000000000000,54.715635921667
34.932091543377,23.505798950304,38.020472754731
60.000000000000,0.000000000000,60.000000000000
37.067876853740,23.057364530470,56.797890163382
40.313063883976,36.623996790552,14.988324254107
40.130772152063,1.875384566398,14.342014314797
60.000000000000,0.000000000000,60.000000000000
36.259067257721,47.100941889012,0.360406816489
60.000000000000,0.000000000000,60.000000000000
40.484697367899,28.186129659131,18.629362146365
60.000000000000,0.000000000000,0.000000000000
17.589001427223,22.205010089866,21.843218596990
60.000000000000,0.000000000000,60.000000000000
37.304186618593,41.316987939610,58.826939553401
42.055754415863,25.197106339288,28.280227540007
40.838061402374,0.798691012116,0.537016976706
14.811279791500,7.021037134362,6.388070470860
41.071674416565,44.580130648264,29.238810277689
6.862426711249,20.538054975029,23.864430437599
38.260004553378,26.010678079656,4.014500286714
57.432074301617,43.563787716299,55.520178008367
37.105327833662,8.254900345041,59.228295495206
35.975364961828,27.864867568277,39.380121650777
19.451027504765,50.789399413957,59.416313460056
60.000000000000,0.000000000000,60.000000000000
42.297573438709,48.511459263543,40.195680162669
60.000000000000,0.000000000000,60.000000000000
35.738399583505,22.748973478307,56.762465813501
44.404159438424,53.880365412562,25.957115928768
42.976464935880,27.779178081214,7.713398003629
36.659488755177,25.953391657443,23.792655805419
38.588428956791,37.546483957495,5.945928061713
60.000000000000,0.000000000000,60.000000000000
37.639361088561,43.510899129264,24.201562996165
60.000000000000,0.000000000000,60.000000000000
34.397842377087,37.972228992531,32.005484565621
60.000000000000,0.000000000000,60.000000000000
20.482110277539,22.899590712151,22.638991772680
60.000000000000,31.356829194656,19.461821087076
37.243267022979,12.878259198780,37.923782725391
42.753326444459,22.167600451047,20.378122500175
40.529175097576,17.802486023332,11.566491047026
34.696742013731,0.000000000000,10.220935474893
29.728608748921,18.009179075940,0.000000000000
60.000000000000,0.000000000000,60.000000000000
40.989777001588,52.694696105869,0.470388431927
60.000000000000,0.000000000000,60.000000000000
40.547273305317,55.013807709448,55.841183191215
35.898499628590,37.873693613527,29.713054346446
41.065149713194,49.222528554098,0.102375404972
28.579910994216,12.761362994049,0.687502207633
34.984449896967,35.157713764235,58.508455239190
60.000000000000,24.305690795813,23.809449003917
36.452880900231,8.182454105807,21.228761408711
36.496949641168,31.625355759515,21.067000774542
57.815368873569,27.083170895349,48.558835087257
60.000000000000,0.000000000000,60.000000000000
54.195706849399,0.000000000000,60.000000000000
60.000000000000,0.000000000000,60.000000000000
41.899971930767,13.845149085400,35.522571744656
51.931037193491,39.704819735192,60.000000000000
39.093689623975,35.218726949169,47.662176995614
60.000000000000,0.000000000000,60.000000000000
60.000000000000,0.000000000000,60.000000000000
36.296238723792,33.994119488377,34.641766137259
35.319657751693,20.306777104255,50.395664684039
9.206286663119,0.950666329976,16.713723547435
43.006652028481,58.241396462528,50.560709286766
28.169070939014,6.286679787030,24.190345057394
35.859451003931,18.849721820067,50.559739525873
60.000000000000,0.000000000000,60.000000000000
41.103655564457,53.933630831519,16.868181039478
60.000000000000,0.000000000000,60.000000000000
38.751438831801,34.329793037051,39.944950879795
60.000000000000,0.000000000000,19.025493761111
53.849613351468,38.011378435197,20.501765010145
60.000000000000,0.000000000000,60.000000000000
40.878035890766,3.351863369956,30.876352197426
60.000000000000,0.000000000000,60.000000000000
46.452861848406,60.000000000000,23.550133096739
60.000000000000,0.000000000000,60.000000000000
41.136746212145,7.511537533511,43.705018572098
42.010564388488,20.051703336836,33.800153430725
35.000657592562,31.053941666273,38.740803872105
60.000000000000,0.000000000000,60.000000000000
57.650935239181,42.399254015345,16.597572988997
41.083360814923,36.723218756249,21.674561927728
43.244323344031,0.088823146782,0.000000000000
60.000000000000,0.000000000000,0.000000000000
47.820291843644,36.015721757797,39.100073024197
60.000000000000,0.000000000000,60.000000000000
49.546018985209,39.406279384760,49.257493416182
43.763059799953,30.490150497911,33.415272966384
53.339933917055,35.905144873799,27.922190677118
60.000000000000,0.000000000000,60.000000000000
46.788537420668,38.957516096912,5.353816388297
60.000000000000,0.000000000000,60.000000000000
51.332279293744,2.912963272654,47.199984604411
47.271335521596,38.296680244689,36.366042257101
48.645884750833,58.222007609724,45.461027528804
47.930859616796,39.090788753454,38.812045734916
49.026105169424,21.749995739810,45.854322408260
49.097014086801,39.547176185454,33.473467466134
43.262638412323,45.413208371460,58.047980860209
56.450135429289,56.918369973983,54.926231468220
42.361973816905,57.282077474516,9.282166767741
60.000000000000,0.000000000000,60.000000000000
43.274489137841,45.151106975682,45.634020579647
45.714394009724,34.948940294457,29.737751744687
43.308949210754,3.998161603223,35.779691390189
26.896511521033,39.442882752533,34.258384718419
27.376601573203,48.729354548155,49.660892024714
60.000000000000,0.000000000000,60.000000000000
60.000000000000,0.000000000000,60.000000000000
47.327286379353,22.816720317093,39.089231554355
42.886491031390,14.469254216634,23.597340357554
47.450234066130,37.767289058307,25.049059674159
42.478421334751,4.725013932351,28.374808563675
60.000000000000,0.000000000000,60.000000000000
49.370730615222,2.691234343273,5.777858630703
54.087044924400,24.045951861515,18.685622756692
44.762852141885,40.949239778649,54.636813443974
44.689072707642,20.479252709738,30.536369542555
60.000000000000,0.000000000000,60.000000000000
33.754572996192,22.844338105727,60.000000000000
44.963509293153,34.983243809751,9.277999749021
50.345072997498,34.352670259503,32.511827318008
60.000000000000,0.000000000000,60.000000000000
45.504970001339,36.145231347093,37.918194057375
50.761105198663,57.887117115873,28.568926838769
41.055496872237,42.141404514276,19.033470914549
43.068371077013,9.469681552165,32.707843627548
13.990989753372,35.241686766790,38.955814747911
49.833765909779,10.559692731443,51.788642370791
60.000000000000,0.000000000000,60.000000000000
45.325883703370,55.809277834731,23.651644724045
60.000000000000,0.000000000000,60.000000000000
44.655088954676,14.175478443378,44.247158444559
43.110238423207,33.100299646567,32.784558264004
47.954982091214,30.163345391681,36.884773195332
48.421082796984,25.386533164047,37.531230480969
49.640244046361,18.125293754656,49.691035454729
51.598961926709,36.326811850927,38.777782922468
34.906177310276,1.297593743095,11.897092569520
54.501611705199,39.596930796852,25.288112872829
22.237027982998,39.160380527756,27.259445658309
44.404948990681,37.590520144214,60.000000000000
0.000000000000,60.000000000000,60.000000000000
60.000000000000,0.000000000000,60.000000000000
48.931104003772,28.316469159380,38.084915832045
60.000000000000,0.000000000000,60.000000000000
60.000000000000,40.641231033146,38.831768247277
60.000000000000,0.000000000000,60.000000000000
46.129752592479,23.030737075183,44.891457392279
49.087026686082,32.803565757337,25.791002243532
46.437642959172,17.548151631104,37.758337753534
56.262375051919,40.341434801963,55.622525705196
48.139563964329,0.373800934509,31.913734293060
49.536878078690,35.232827260190,24.368725915553
43.833574779037,8.530074884673,26.727844724540
25.518934713130,3.075698467179,8.774526828510
60.000000000000,39.611604473799,39.250285783486
10.642179094006,38.070587678776,16.802966746317
45.645355227140,10.725031429486,17.361589420540
47.715134490337,24.056914683216,20.700839220286
49.150878103806,32.490491825629,43.970072625319
48.950973830676,21.876049010676,2.405173050082
49.792193832404,9.518557366968,47.286883299098
49.769124142686,21.291035776173,29.887640023367
45.891485516686,26.039217973864,19.971595447121
60.000000000000,60.000000000000,60.000000000000
44.127184824492,43.472173518932,11.428067830744
45.758820526017,35.834102065253,21.306308058299
43.458942546710,41.579519084855,8.709136026318
38.168822063044,24.462204425708,43.520057841731
43.106401542052,51.087067066642,22.538288777136
49.203948252388,23.050483372244,22.979138044169
47.658903678413,34.339147417305,57.083592315085
60.000000000000,0.000000000000,60.000000000000
49.858525703635,0.000000000000,19.901432381035
37.563833105113,43.601074677532,27.582353443877
47.060600132347,7.549580293073,39.277047868268
46.854109969420,27.490533044279,22.193346777736
49.723027702381,45.272045676278,30.512119209936
6.623279783689,45.165483499506,34.247844710081
43.961226274584,22.973469307117,13.697560955347
45.825050694768,21.616916061976,25.583288662315
46.213495977667,58.695525567977,6.754974364524
46.578403552420,29.706920511323,28.607367434813
44.281465677027,17.362570685029,51.602130647685
60.000000000000,60.000000000000,60.000000000000
45.492130603198,8.187122577422,9.020235781843
60.000000000000,60.000000000000,60.000000000000
0.315476056618,26.171341487291,17.541288871841
60.000000000000,33.968798406017,36.542986139099
48.538712172840,13.394328497843,38.805995023937
52.184128318068,31.376664781016,60.000000000000
47.012487997436,28.303245086979,43.186079024615
60.000000000000,60.000000000000,60.000000000000
56.145537758888,47.289892873133,3.027065516060
60.000000000000,60.000000000000,60.000000000000
42.962500326811,6.633912597470,1.340574406089
60.000000000000,60.000000000000,60.000000000000
47.650815550666,18.351908020897,12.259657148342
47.568298460925,20.018101497085,31.270562337695
49.379954085752,33.156910512316,8.610480513119
60.000000000000,60.000000000000,60.000000000000
49.102686886771,27.348342133110,2.465142501451
60.000000000000,60.000000000000,60.000000000000
20.132666096866,27.693504963469,31.265178795011
43.153711126646,27.698679478607,29.564851378339
43.825374798560,1.669212024187,16.784993569280
60.000000000000,60.000000000000,60.000000000000
50.775926224822,4.671194356724,60.000000000000
47.716098748003,29.891726867317,25.572035497586
54.758060457069,23.792657027637,37.728999973335
60.000000000000,60.000000000000,60.000000000000
48.448668240797,37.190841737820,1.217972576288
60.000000000000,60.000000000000,60.000000000000
45.563572650276,11.921844288273,49.393063350284
60.000000000000,60.000000000000,60.000000000000
52.973204199911,27.336767691749,42.100154001106
60.000000000000,60.000000000000,60.000000000000
50.140870434263,14.124482888151,57.451479269198
60.000000000000,60.000000000000,60.000000000000
48.173183173227,11.787966971389,3.119912058465
60.000000000000,60.000000000000,60.000000000000
60.000000000000,11.759065876465,21.116705378289
60.000000000000,60.000000000000,60.000000000000
43.905812333007,10.131240528503,51.698325205688
49.488218651114,19.473429881792,39.009577263948
60.000000000000,60.000000000000,60.000000000000
60.000000000000,60.000000000000,60.000000000000
49.710565125356,8.494413549328,33.256478112772
60.000000000000,60.000000000000,60.000000000000
46.560537041524,38.172314477669,57.897611868083
60.000000000000,60.000000000000,60.000000000000
44.764837699260,42.192762647558,52.262144978280
45.869230096641,38.968873613243,29.123902941436
46.200682264564,20.928548315036,51.517984517878
60.000000000000,60.000000000000,60.000000000000
44.716066321916,45.051498579313,50.158643448257
45.520856457243,29.466748350790,37.110724983539
44.599357437619,2.255952817691,2.774134523467
44.928936041860,24.467289117446,24.461371088084
48.892927637330,39.551826257698,60.000000000000
46.416038262763,40.005256880748,19.261150156246
44.848329808202,2.906150461826,42.196465791091
45.071454080453,20.473111627167,23.240626162626
60.000000000000,39.178573072820,17.310015284407
60.000000000000,60.000000000000,60.000000000000
51.390079292285,35.158139585526,8.380384226918
60.000000000000,60.000000000000,60.000000000000
49.983861006879,60.000000000000,40.366579399881
45.071544976014,42.038512423290,55.954816315607
48.163459737749,37.572614130360,12.334653935504
0.000000000000,60.000000000000,60.000000000000
47.444637237354,53.892038450551,1.924865027028
43.756661618898,31.974480093953,28.911815034308
45.970489924375,38.321194240858,33.375284681546
60.000000000000,60.000000000000,60.000000000000
43.830554245783,28.656547900380,43.071473252185
60.000000000000,60.000000000000,60.000000000000
60.000000000000,60.000000000000,60.000000000000
60.000000000000,60.000000000000,60.000000000000
60.000000000000,60.000000000000,60.000000000000
60.000000000000,60.000000000000,50.424293843536
50.400581021269,6.985940119978,39.120008448684
60.000000000000,60.000000000000,60.000000000000
49.576402877039,56.288093666420,11.527597942585
28.196505504217,44.275366075322,1.158705075320
60.000000000000,60.000000000000,60.000000000000
60.000000000000,60.000000000000,60.000000000000
51.880907069079,24.026642415290,48.876457604002
60.000000000000,60.000000000000,56.248689284699
60.000000000000,60.000000000000,60.000000000000
60.000000000000,60.000000000000,60.000000000000
45.466761103775,36.269724150711,5.911579260427
60.000000000000,60.000000000000,60.000000000000
29.169966094409,38.055454266533,56.662407087346
60.000000000000,60.000000000000,60.000000000000
45.185314230894,48.871812943594,56.184725885832
60.000000000000,60.000000000000,60.000000000000
51.110761961514,5.406566862216,7.056839223579
60.000000000000,24.669572233649,40.205144622877
60.000000000000,60.000000000000,60.000000000000
51.305362514348,31.670446904578,33.592781765437
60.000000000000,60.000000000000,60.000000000000
50.937416556317,31.546000527459,21.969704095649
50.241332132669,46.765885250490,27.115466008142
47.590499538271,36.118885290674,27.817800090107
45.756016852293,58.530199922958,40.775842797169
60.000000000000,30.256933273110,47.452262458162
49.938610157687,18.160744188458,0.741953298047
8.192628007544,35.904769694669,59.156658940573
60.000000000000,60.000000000000,60.000000000000
60.000000000000,60.000000000000,60.000000000000
42.389286792233,1.158167366546,55.315200435555
48.654591728479,29.190436532363,34.012032944860
47.916266128659,30.995297082935,1.230252388856
60.000000000000,60.000000000000,60.000000000000
49.051926369522,41.238528935286,35.066150515902
60.000000000000,60.000000000000,60.000000000000
47.820685040587,38.003685185622,42.936749448384
53.807877851351,33.820274197646,37.776720392264
42.718252242287,31.237272485639,16.761351267756
60.000000000000,60.000000000000,60.000000000000
43.501006356749,46.905420470089,13.320894948649
6.127360612135,12.979441170786,21.184080579929
43.696635139724,44.164179150162,32.601492298626
50.841686054604,30.444680203949,60.000000000000
48.449253497520,43.220885744310,44.117076936984
60.000000000000,60.000000000000,60.000000000000
1.885253769988,48.795953454155,47.883380964594
51.227173711772,39.168424075883,34.101306965829
53.206502899991,2.473531248190,6.599503289484
50.401130420318,26.476804463880,25.762356145203
46.828275331315,3.986200868559,12.345650874824
48.692811733967,32.596103315787,32.733765813983
50.517419838075,21.754530143948,12.717445592525
60.000000000000,60.000000000000,60.000000000000
48.374451403224,6.144782009853,1.570791129198
40.041546857376,39.828523126358,44.642451782157
49.161921078234,26.197281013769,5.497069293976
60.000000000000,60.000000000000,60.000000000000
51.339601405439,54.306986275853,35.278516601269
4.322600439197,32.485616999765,50.214429139821
46.332918621894,26.602600334175,35.593745501579
45.320010370641,38.975385298613,38.934854133580
60.000000000000,60.000000000000,60.000000000000
50.579905497512,26.756281901897,21.550052740009
43.908231288567,59.023181870287,43.512990308133
60.000000000000,60.000000000000,60.000000000000
48.533298325155,16.654137758340,54.970904976678
60.000000000000,60.000000000000,60.000000000000
60.000000000000,60.000000000000,60.000000000000
60.000000000000,60.000000000000,60.000000000000
49.998747572694,29.125216158181,13.450784804333
60.000000000000,60.000000000000,60.000000000000
19.276358026643,1.251360263649,32.191649147007
51.628897641611,33.232866868236,25.249210386428
40.518028912534,31.037730836888,42.265657424934
46.067877938096,28.725445016347,26.669216920836
16.004204849605,5.980745387800,29.089583321386
60.000000000000,60.000000000000,60.000000000000
51.028492042140,3.967491596197,37.555000098884
60.000000000000,60.000000000000,60.000000000000
60.000000000000,9.138981754024,6.494799525911
47.707263625246,20.458738333749,27.883013407092
44.722432072059,51.755775375950,14.860146673238
60.000000000000,60.000000000000,60.000000000000
47.633162316480,57.441809383707,42.069698149323
0.353480993565,40.871171686275,6.056325332407
48.246428896206,56.279478787984,21.165201352692
42.323376219337,23.152501457999,26.676337022767
30.809034437283,55.336323650139,52.116642846696
60.000000000000,60.000000000000,60.000000000000
60.000000000000,60.000000000000,60.000000000000
60.000000000000,39.974075825137,53.197581041365
44.088461347173,41.737635121141,56.342199713698
60.000000000000,60.000000000000,60.000000000000
43.892727505221,40.244960545067,4.407848358165
60.000000000000,60.000000000000,60.000000000000
60.000000000000,60.000000000000,1.665263074640
46.820849963654,32.797394497855,33.095035792453
44.499091646327,26.760993294909,40.782720897278
60.000000000000,60.000000000000,60.000000000000
47.710126935461,48.120473700519,14.005966939672
10.567235540409,56.397541305174,55.018177514282
42.885675919425,21.307828075988,59.760630639172
60.000000000000,60.000000000000,60.000000000000
48.091555772132,37.310264656841,20.296990198504
60.000000000000,60.000000000000,60.000000000000
33.025095817313,60.000000000000,0.060831667327
60.000000000000,36.730195934897,60.000000000000
42.611792967813,8.052343192934,43.924270731103
60.000000000000,60.000000000000,60.000000000000
48.100766341006,40.364048323099,15.030573699216
60.000000000000,60.000000000000,60.000000000000
49.118537457027,48.038787889380,37.940892438604
60.000000000000,60.000000000000,60.000000000000
51.205573098767,8.476214791978,3.823215292010
49.185439837709,30.989502516042,29.368185313367
47.188839403607,10.163581169245,10.971762042447
60.000000000000,60.000000000000,60.000000000000
50.771504411287,29.397354287556,51.162118967007
42.930989498626,36.104086066468,27.077905082218
48.660129704695,17.331481907545,24.572197267262
60.000000000000,60.000000000000,60.000000000000
52.158559156240,46.699308152582,9.651018282971
49.916932557848,34.639452385694,28.904770657688
53.129538999264,18.860430915734,48.593537432945
55.180356212984,34.519425989883,29.111905564422
52.570143667231,1.696730163455,25.740333909196
60.000000000000,0.000000000000,60.000000000000
54.237907911632,20.799087020281,26.449404584669
54.175039842360,22.607355846752,36.112020452117
51.971611560693,43.904279564468,57.647154257483
56.940273948230,23.273528744421,38.768309910566
55.999848604512,41.486993915868,19.637200780263
58.208158161965,26.097219236310,40.932086925926
57.201144099371,35.205803631150,27.406875835459
60.000000000000,0.000000000000,60.000000000000
41.250185907510,25.937628839349,12.866466879402
60.000000000000,0.000000000000,60.000000000000
57.801563566133,6.507660488130,13.960283379866
60.000000000000,0.000000000000,60.000000000000
57.904620408646,21.933665348947,1.614397090938
52.398150533742,39.541160355205,36.847732006967
58.090073970970,9.149206657297,17.251958336353
22.615196012589,57.189096562407,48.115537241613
53.938565409003,39.982921004078,42.249275415988
51.415714324689,25.153553997157,20.143120667104
39.585600686351,10.045851957502,15.733151180372
48.098319983979,15.756799260777,58.730929965245
38.477419908354,47.838380900377,14.941760326236
56.916010569462,33.392050022000,31.339608171252
51.307872437126,25.475053295537,11.150460104696
52.972823018137,22.893943055037,25.439466868270
57.717309898655,41.888954247509,34.386343552755
60.000000000000,0.000000000000,60.000000000000
59.805815044957,37.561334662081,17.048234078177
54.809824842339,24.806233228198,36.205221459387
57.521883182603,12.432334783273,28.068696549959
60.000000000000,0.000000000000,60.000000000000
54.491963358544,50.527363757291,23.790225147944
59.465586103988,39.586211624976,29.819608584762
53.624219207753,24.052307665348,54.363696592308
58.622206665355,33.721008221921,26.155701391828
54.202823196113,36.226184522953,8.652204219136
24.285876329915,60.000000000000,14.424219407835
52.425613574691,33.348289821847,17.053116372173
60.000000000000,0.000000000000,60.000000000000
56.389006736405,15.903046054996,3.588464994345
21.896487820965,34.511018681261,34.335145020106
53.749462282337,38.040421958732,24.346877038263
60.000000000000,0.000000000000,60.000000000000
51.409708433005,4.956370738876,51.173122494536
54.723707721816,32.725643307218,30.921803879961
57.647883261243,39.195067005395,22.768145284544
60.000000000000,0.000000000000,60.000000000000
58.175825433972,7.847464562093,37.277225642948
45.330968938887,32.995200016772,3.928227689194
50.811228104916,25.879933370360,2.964439062929
55.566632456768,26.362244947082,32.175052941554
60.000000000000,60.000000000000,60.000000000000
54.759815846643,35.567926159913,24.085237236728
60.000000000000,27.680140940550,10.035749676894
60.000000000000,0.000000000000,60.000000000000
60.000000000000,0.000000000000,60.000000000000
58.697872641116,58.497480849353,46.125443546451
53.190973787114,11.342425081805,15.775334991381
38.849436797425,4.304525050239,14.253887241979
60.000000000000,0.000000000000,60.000000000000
57.238711231373,29.995824675449,33.829066105314
55.462718918521,17.314209360718,18.811302463114
59.016916721055,33.881533012271,22.280141792200
55.191582878522,50.835170833643,12.060411482785
60.000000000000,0.000000000000,60.000000000000
53.242655797782,31.276454350302,54.527553219274
60.000000000000,0.000000000000,60.000000000000
58.457038808706,44.826092439115,1.603871308408
60.000000000000,60.000000000000,60.000000000000
60.000000000000,60.000000000000,60.000000000000
59.588152890481,22.275628132188,39.485159216499
53.112034172573,9.230609253602,35.096651170613
54.014160947761,14.773829922073,43.456068118749
60.000000000000,0.000000000000,60.000000000000
53.607873970146,22.976340363117,40.259747219274
53.449349085266,56.041294765056,18.758001913275
47.799306750709,45.900565221375,16.282366166534
60.000000000000,0.000000000000,60.000000000000
43.034013330582,30.132228680259,38.389039455359
56.303026750787,59.111103721583,15.124663648389
60.000000000000,0.000000000000,60.000000000000
60.000000000000,0.000000000000,60.000000000000
55.325072046643,37.506825056170,27.774875813834
46.224021937274,22.503458686883,11.895869012519
59.639978383560,35.887900076120,31.893656946616
59.553955000000,54.325823590371,52.985395675564
30.430265008719,24.135301926881,43.439483653101
59.217451651602,12.895814545815,20.652521014363
52.008847734213,29.388882285489,27.574687167388
59.414082257585,49.298459909695,57.592048332049
60.000000000000,60.000000000000,60.000000000000
53.291721189021,23.271150532606,42.621400077208
55.952296517083,18.765516394714,39.580103313669
0.000000000000,25.680076868826,60.000000000000
51.752895552649,26.985099830833,28.974004673363
55.264461359305,47.844858255532,29.779916079866
51.893677142013,36.263996537583,32.852813582150
54.097297680072,50.766111986718,51.595413160251
57.086262529654,30.066860317918,25.388110123550
54.028999879451,60.000000000000,23.717168001505
13.119379707526,31.990634300135,16.793268272140
53.626171530110,5.329251963409,14.428580725944
60.000000000000,60.000000000000,60.000000000000
60.000000000000,60.000000000000,60.000000000000
60.000000000000,60.000000000000,60.000000000000
32.575197499685,57.340791552849,60.000000000000
60.000000000000,60.000000000000,60.000000000000
53.068085207556,22.761363124164,43.841361376212
60.000000000000,60.000000000000,60.000000000000
58.162962696234,49.525471703878,17.306434623635
60.000000000000,60.000000000000,60.000000000000
53.840279329180,12.590782485646,45.701665393764
60.000000000000,60.000000000000,60.000000000000
53.343889164369,22.024236294505,17.576741781565
50.880918849508,25.256878300108,35.390585940294
33.011834600241,47.228614903015,4.240581528902
60.000000000000,60.000000000000,60.000000000000
24.226646841306,38.806629980077,14.019338329090
57.708796134630,25.928405183432,27.505639726611
54.251240824738,6.338299769393,57.316243016999
54.733220583679,31.245663772573,21.442039915117
35.490191963427,17.153586033259,38.007550303780
60.000000000000,60.000000000000,60.000000000000
54.794628865242,1.634359991793,10.739722068075
60.000000000000,60.000000000000,60.000000000000
53.999918839195,31.327023537822,25.595750776396
60.000000000000,60.000000000000,60.000000000000
57.325373367651,43.720641802544,23.535521434531
60.000000000000,60.000000000000,60.000000000000
53.144209596583,27.176089994470,16.025888603889
60.000000000000,60.000000000000,60.000000000000
26.118646947715,41.982907235787,31.741495853739
54.740383361112,60.000000000000,33.108149656457
55.323348972902,12.756040458101,43.320282153257
60.000000000000,60.000000000000,60.000000000000
13.779362311684,39.045361907745,28.695403308936
57.336606264407,23.672834954506,26.425083948899
60.000000000000,60.000000000000,60.000000000000
21.219066185716,10.137890786271,45.975950747645
52.928265824522,27.883456742656,21.930115868091
60.000000000000,60.000000000000,60.000000000000
55.930778297271,40.254873933455,1.340234927773
60.000000000000,60.000000000000,60.000000000000
57.641206745605,25.567083612246,17.242977870207
56.130412961679,20.595394012736,33.328381202088
58.408810423599,53.681764985866,24.580526877961
60.000000000000,60.000000000000,60.000000000000
5.887082285065,60.000000000000,60.000000000000
53.058475634384,38.049843563574,20.777390359310
11.427664128106,35.583374148465,17.059376785495
53.858255837226,23.102626216433,33.140795955028
55.553173885000,1.890450518977,30.290379900150
60.000000000000,60.000000000000,60.000000000000
60.000000000000,60.000000000000,60.000000000000
52.346398705974,35.925860805103,21.191997501972
39.846884130362,59.172850128955,19.108116683462
49.246975418562,60.000000000000,24.751072616815
60.000000000000,60.000000000000,60.000000000000
60.000000000000,60.000000000000,60.000000000000
52.337948764054,50.528934627794,15.763212660027
52.729232326252,34.146038553165,27.712721343684
54.188359279114,14.788675451306,47.908171385949
60.000000000000,60.000000000000,60.000000000000
57.479950555151,23.401420018442,5.320871456013
60.000000000000,60.000000000000,60.000000000000
32.428028695312,47.699700079841,43.336952155505
58.171727988084,28.348696513155,21.937622951145
56.421957711342,35.842757945446,0.538983011689
0.000000000000,60.000000000000,60.000000000000
60.000000000000,60.000000000000,60.000000000000
60.000000000000,60.000000000000,60.000000000000
60.000000000000,60.000000000000,60.000000000000
57.965397035337,27.781231293415,60.000000000000
48.077401688564,7.454306971116,37.877185923073
60.000000000000,60.000000000000,60.000000000000
58.040609191066,51.776448025841,55.949280555252
56.027090054999,20.589152789752,37.776000433062
60.000000000000,1.125597592150,38.320507702681
1.657991733959,32.561110252872,22.007798075255
27.699266893017,48.947633330986,46.713774468391
60.000000000000,60.000000000000,11.326926486433
60.000000000000,60.000000000000,60.000000000000
60.000000000000,60.000000000000,60.000000000000
51.563734946957,4.247033479706,57.466581531834
60.000000000000,60.000000000000,60.000000000000
36.087502400098,3.489965132707,25.507133558021
60.000000000000,60.000000000000,60.000000000000
56.489262372247,44.752040963918,48.634847409932
60.000000000000,60.000000000000,60.000000000000
30.978747636867,60.000000000000,60.000000000000
56.779795714661,32.754570975286,21.861735398089
54.438192059526,60.000000000000,60.000000000000
51.137283474280,31.050772329630,25.145826257191
60.000000000000,60.000000000000,60.000000000000
58.061613877203,19.399941578063,28.884438985519
2.043142529448,46.125515502202,14.145712282534
2.320816739188,30.847519779926,12.698266736859
39.254289829078,2.850254250653,18.410152583605
59.544659042783,22.275816157599,29.293580974496
3.020170080265,24.718725653165,11.608084783694
60.000000000000,60.000000000000,60.000000000000
0.000000000000,60.000000000000,60.000000000000
60.000000000000,60.000000000000,60.000000000000
60.000000000000,6.464581315226,6.546826401312
58.829197667508,60.000000000000,45.148137362208
46.098031938471,9.941205150093,57.898324629201
60.000000000000,60.000000000000,60.000000000000
54.310421805248,59.669167283989,32.214715661683
49.771732237009,60.000000000000,37.988275805079
57.952934206630,52.016313963486,30.645182451770
53.643678350396,33.716885384215,25.388577772643
56.768048530699,1.972829629044,17.027610124566
60.000000000000,60.000000000000,60.000000000000
55.955650590623,44.161483819451,18.889833001871
54.765495768361,19.390733689164,48.443353485493
60.000000000000,60.000000000000,60.000000000000
56.953635440267,33.789462793631,25.300861274333
56.475700236816,13.015918872351,51.595414754600
60.000000000000,60.000000000000,60.000000000000
59.272169116754,1.890545315377,34.300384777085
59.702443187746,34.200029495350,43.314211274046
52.761042428751,9.678985929970,13.396519474701
54.788397829839,22.079212415972,34.228987580723
39.901366158736,18.956543078327,28.815180928084
54.486313699434,28.115020999199,27.074510531421
32.502558521024,6.013588622224,10.464477711463
60.000000000000,60.000000000000,60.000000000000
27.265865166555,55.564673188785,56.787612102911
59.877585717346,35.311473621753,24.133087055637
56.710150099617,8.958564380448,20.199397635920
60.000000000000,60.000000000000,60.000000000000
58.440886105177,45.921318846158,11.835046899093
53.382934090088,17.819900527072,31.036843510756
58.572034163022,32.794977070077,13.848199991951
56.598618902698,31.277446145962,38.476433932645
60.000000000000,60.000000000000,60.000000000000
54.884847154250,28.319629820033,37.662367742793
59.449676481474,20.061524198680,20.149164765079
49.591651401454,60.000000000000,59.492721066953
59.080120000575,50.392657648690,26.153698653183
60.000000000000,60.000000000000,60.000000000000
60.000000000000,60.000000000000,60.000000000000
60.000000000000,60.000000000000,60.000000000000
57.655162455471,51.026865412612,13.493611425966
60.000000000000,60.000000000000,60.000000000000
25.990126532257,20.921122263113,15.463066724165
60.000000000000,60.000000000000,60.000000000000
60.000000000000,60.000000000000,60.000000000000
53.597883597764,22.525106985245,22.882466308863
52.504960213732,10.236237197422,44.464275509146
60.000000000000,60.000000000000,60.000000000000
52.400896087152,15.262431026245,14.687695992956
60.000000000000,60.000000000000,24.468704655893
58.882043311531,53.718151814385,9.155301739934
50.147589639704,32.396507707650,14.487054440556
59.197224115396,51.122256092338,28.840382848649
60.000000000000,60.000000000000,60.000000000000
16.549902860321,36.578005047780,45.120178702663
60.000000000000,60.000000000000,60.000000000000
58.977697591523,43.319951865819,18.449562309061
60.000000000000,60.000000000000,28.230968156365
53.197103219127,7.194129468091,4.231986428998
60.000000000000,60.000000000000,60.000000000000
60.000000000000,60.000000000000,60.000000000000
57.155280279628,35.513836817581,30.304783324876
55.656113740157,11.164048718331,18.251783671358
60.000000000000,60.000000000000,60.000000000000
55.660048070790,41.185223769688,22.939185546078
60.000000000000,60.000000000000,60.000000000000
34.148766410043,33.922834729587,0.000000000000
60.000000000000,60.000000000000,60.000000000000
52.112844667980,25.268811322011,43.359762154905
60.000000000000,60.000000000000,60.000000000000
52.854652408547,41.855380579071,38.238061548297
33.476180759916,45.847181657131,24.436912837947
51.646277712127,24.723858657657,8.188622848050
60.000000000000,60.000000000000,60.000000000000
60.000000000000,60.000000000000,60.000000000000
60.000000000000,60.000000000000,60.000000000000
56.647867660614,51.713402813674,58.229972513524
54.652737815229,60.000000000000,25.814309623438
25.218341712149,30.893184159997,52.642920751332
60.000000000000,60.000000000000,0.709387239282
54.590014571842,17.046511730368,57.904557586826
20.442363520553,9.305295175062,60.000000000000
4.622191354648,36.659570102906,17.240418947529
60.000000000000,60.000000000000,24.366045264689
54.042350878547,8.299744081779,21.122148565388
60.000000000000,60.000000000000,60.000000000000
60.000000000000,32.668406851620,6.820344772545
60.000000000000,60.000000000000,60.000000000000
52.729049934614,41.997750533314,22.302386779991
55.256784478943,34.186593903903,32.800660295535
54.396016304099,34.652569480983,50.247743656934
60.000000000000,60.000000000000,60.000000000000
