x,y,z
20.867743713878,16.766432048430,46.061253260958
31.671014742999,48.525530500788,18.399651787636
6.312073210458,21.629498204136,52.192981756562
4.239403490636,20.359722501084,33.180454852873
6.282524341641,15.629867182137,23.650192122507
60.000000000000,0.000000000000,60.000000000000
6.093163037377,4.776788064892,27.223405018055
60.000000000000,0.000000000000,60.000000000000
4.970210455570,57.507142132282,52.266060071956
60.000000000000,0.000000000000,60.000000000000
8.072860712853,26.229676033269,47.524162216083
60.000000000000,0.000000000000,60.000000000000
60.000000000000,60.000000000000,60.000000000000
48.565276800052,60.000000000000,60.000000000000
3.678217872823,15.826096058126,18.774908782408
6.398182916791,16.506777647697,51.108134313365
6.135246652571,11.964392340930,46.228862530558
2.887738314237,33.439560025513,38.716611031306
4.180330847057,41.720441417225,25.721685398981
3.021136952616,26.203003171982,25.226783389822
4.079902747758,37.998677549307,8.342987580023
17.166543642531,38.992779394373,0.593714737824
37.064938753409,7.009010034909,57.683125467496
60.000000000000,0.000000000000,60.000000000000
8.442273638042,34.546703637344,51.987535125661
3.939724596391,38.362006795499,34.783577732212
60.000000000000,0.000000000000,60.000000000000
60.000000000000,0.000000000000,60.000000000000
7.155283638750,50.623499667249,34.532715384416
60.000000000000,60.000000000000,60.000000000000
0.230068451155,46.126389293841,43.399808575068
38.883931891019,17.542319319921,34.590185531385
6.365108815882,4.106488133215,3.211906518035
6.885449663642,34.048254214501,22.413544445493
1.364002476038,6.460722442254,44.874232999973
60.000000000000,60.000000000000,60.000000000000
21.666298970890,17.132219913266,45.117491767630
14.840168705503,27.486983706508,33.145606340983
3.352584058203,11.781108707809,43.262019572747
39.886157996141,27.008019150222,25.716386420929
60.000000000000,0.000000000000,60.000000000000
0.490133957262,29.598899547940,33.760209997168
7.319969093606,5.383370574663,51.499136723218
22.195887718212,1.203228322564,0.578799746196
56.331672823676,25.990509216992,42.093151055087
51.548906059244,60.000000000000,42.040341067076
5.463600309750,27.442755171513,25.609489491390
5.218555482881,37.801882487576,31.843828885264
60.000000000000,0.000000000000,60.000000000000
6.130711726293,34.268149707539,39.910968928953
4.606202678270,38.165138530020,51.009052435700
5.291456281762,39.558472358774,26.323141877231
6.855314525906,9.564934183957,51.782348604677
60.000000000000,60.000000000000,60.000000000000
60.000000000000,0.000000000000,60.000000000000
60.000000000000,0.000000000000,60.000000000000
60.000000000000,60.000000000000,60.000000000000
5.291096975635,32.890476003997,30.080468223378
0.359397171728,20.129285911892,25.560795587563
16.193414649243,45.339793093191,38.786570088059
6.251694177826,54.197863566611,44.865617551635
60.000000000000,60.000000000000,60.000000000000
4.586211249852,22.888979602065,0.065357195391
45.040033385256,51.533045292567,17.676281193192
60.000000000000,60.000000000000,60.000000000000
47.822235970423,39.979307664848,55.820551516788
1.722812427908,18.463546073663,12.596013129304
60.000000000000,0.000000000000,60.000000000000
0.860277844934,49.312782023784,11.297528271297
60.000000000000,60.000000000000,60.000000000000
5.472690066952,14.261755586895,6.933701441846
60.000000000000,60.000000000000,60.000000000000
3.278925602882,33.361499525159,4.708438433842
60.000000000000,32.729878534082,35.952728231912
60.000000000000,49.337781029905,33.405255641327
19.699706843585,38.115481571322,15.923766004093
60.000000000000,60.000000000000,60.000000000000
7.906273129766,37.903550905077,27.857790480699
60.000000000000,0.000000000000,60.000000000000
60.000000000000,0.000000000000,60.000000000000
6.189122115165,59.145168050807,47.194912507155
60.000000000000,0.000000000000,60.000000000000
60.000000000000,60.000000000000,60.000000000000
0.296216730186,32.418924917310,24.104417819198
52.960573005556,44.699801857621,9.860064546104
9.601639941892,60.000000000000,35.390497419419
60.000000000000,60.000000000000,60.000000000000
8.777129188968,30.959084604062,37.497575375467
18.295784323490,44.075127052086,18.844452603273
60.000000000000,60.000000000000,0.000000000000
17.014141219277,37.366738135930,19.357186077826
14.584835769370,33.779660231155,30.280850095100
1.112924860646,41.347031673264,39.100118889116
60.000000000000,25.805147074236,9.191169456012
12.984502659948,45.354580163857,42.915179645096
60.000000000000,60.000000000000,60.000000000000
6.604470025289,25.843287445185,45.321859365663
6.493654342120,11.759508294302,51.462607514421
60.000000000000,60.000000000000,60.000000000000
7.722506935622,19.746909394834,23.788253147242
5.434364028810,45.931704757225,40.476443918359
60.000000000000,60.000000000000,60.000000000000
60.000000000000,60.000000000000,60.000000000000
60.000000000000,60.000000000000,60.000000000000
1.299198000797,60.000000000000,29.135729314847
60.000000000000,60.000000000000,60.000000000000
60.000000000000,60.000000000000,60.000000000000
60.000000000000,60.000000000000,60.000000000000
60.000000000000,0.000000000000,60.000000000000
60.000000000000,60.000000000000,60.000000000000
60.000000000000,60.000000000000,57.420098341565
60.000000000000,60.000000000000,60.000000000000
0.699789364136,41.811433617801,55.428805737211
60.000000000000,60.000000000000,60.000000000000
3.439084300888,42.306635004878,46.963071772879
60.000000000000,60.000000000000,60.000000000000
26.800173501789,60.000000000000,54.061913713234
60.000000000000,60.000000000000,60.000000000000
32.212317806834,15.875330329282,54.847502077921
60.000000000000,60.000000000000,60.000000000000
8.152245734054,45.783686735388,24.708023117875
60.000000000000,60.000000000000,60.000000000000
2.562615060134,2.700649229228,49.316348106779
0.680305882261,30.410657095198,29.167510013401
7.605327952569,56.614128204128,0.187713436676
34.767561808090,40.252281081042,0.454777526545
28.415980231281,60.000000000000,60.000000000000
60.000000000000,60.000000000000,60.000000000000
9.759455157484,29.654205557839,51.251970759760
60.000000000000,60.000000000000,60.000000000000
17.258507868755,33.291539329690,51.607891565923
60.000000000000,60.000000000000,60.000000000000
60.000000000000,60.000000000000,60.000000000000
60.000000000000,60.000000000000,60.000000000000
0.777552766219,8.709424227790,25.860386666237
60.000000000000,60.000000000000,60.000000000000
2.507073559533,35.692015682192,10.244189362974
60.000000000000,60.000000000000,60.000000000000
15.144442067666,24.341963225732,24.066628574104
60.000000000000,60.000000000000,60.000000000000
4.287228338210,4.820080014051,17.620695045346
1.092187871639,48.390929302370,22.681559497750
60.000000000000,60.000000000000,60.000000000000
2.126894523623,2.285089367059,8.509026382396
60.000000000000,60.000000000000,60.000000000000
60.000000000000,0.000000000000,60.000000000000
8.855194694407,28.546657377027,40.427586280114
60.000000000000,60.000000000000,60.000000000000
5.802160752412,5.209254552786,47.981221656848
0.366347984075,27.530252486947,25.654455469619
6.275059921184,35.526074665472,3.407873205336
60.000000000000,60.000000000000,60.000000000000
60.000000000000,57.602524329323,35.974942681769
0.383488668493,17.300037712195,38.808571230188
60.000000000000,60.000000000000,60.000000000000
60.000000000000,60.000000000000,60.000000000000
60.000000000000,60.000000000000,60.000000000000
60.000000000000,60.000000000000,60.000000000000
60.000000000000,60.000000000000,60.000000000000
3.522373866478,19.556962537990,30.568725322595
45.571071954114,14.905327192968,4.150969688600
60.000000000000,1.841187100236,60.000000000000
60.000000000000,60.000000000000,60.000000000000
60.000000000000,60.000000000000,60.000000000000
60.000000000000,60.000000000000,60.000000000000
2.400819675312,28.668215296198,35.324961260262
5.208415298452,38.314035658989,11.043458707977
60.000000000000,60.000000000000,60.000000000000
4.018261307333,50.723834617858,20.004228293724
60.000000000000,60.000000000000,60.000000000000
60.000000000000,60.000000000000,60.000000000000
60.000000000000,60.000000000000,60.000000000000
5.808803078187,53.589747363644,17.193018183047
60.000000000000,60.000000000000,60.000000000000
60.000000000000,60.000000000000,60.000000000000
60.000000000000,60.000000000000,60.000000000000
60.000000000000,60.000000000000,60.000000000000
30.784349028980,39.959427406270,12.112604212887
6.186108444337,20.844477228145,39.715176140372
60.000000000000,60.000000000000,60.000000000000
8.895501656245,19.087379419926,27.905524343049
8.936933602384,44.968859029394,24.402399581920
0.765012581993,25.544410772309,18.493100069405
60.000000000000,60.000000000000,60.000000000000
37.884451647733,44.255781658155,60.000000000000
60.000000000000,60.000000000000,60.000000000000
60.000000000000,60.000000000000,60.000000000000
60.000000000000,60.000000000000,60.000000000000
6.930664336391,14.679253773912,49.572210161978
60.000000000000,60.000000000000,60.000000000000
60.000000000000,60.000000000000,60.000000000000
60.000000000000,60.000000000000,60.000000000000
8.472890814711,1.142181236894,51.690965671110
60.000000000000,60.000000000000,60.000000000000
60.000000000000,52.184060123815,33.975315427856
28.777322019197,26.960631879989,34.287253335914
60.000000000000,56.053260868960,37.715732086587
6.813045928449,39.420308176547,22.289105016623
60.000000000000,60.000000000000,60.000000000000
60.000000000000,60.000000000000,60.000000000000
60.000000000000,60.000000000000,60.000000000000
60.000000000000,16.970544175505,9.857019543417
1.713812336622,13.864063564894,51.357061720629
60.000000000000,60.000000000000,60.000000000000
60.000000000000,60.000000000000,60.000000000000
60.000000000000,60.000000000000,60.000000000000
60.000000000000,31.846058253762,19.384835189452
60.000000000000,60.000000000000,60.000000000000
3.945170005742,30.014989960627,15.088891053306
8.871278469674,33.610585922924,24.711216232018
36.858712439879,40.589633249054,5.923396856102
60.000000000000,60.000000000000,60.000000000000
60.000000000000,60.000000000000,60.000000000000
60.000000000000,60.000000000000,60.000000000000
6.083195276658,28.947433133501,43.137170449399
46.130649701043,0.402277788567,53.605193186554
7.952456362400,4.765438750958,10.090393675123
60.000000000000,60.000000000000,60.000000000000
3.853871593060,51.290918804947,21.367094516397
60.000000000000,60.000000000000,60.000000000000
60.000000000000,60.000000000000,60.000000000000
60.000000000000,60.000000000000,60.000000000000
4.688951007017,22.967097889531,54.802601028208
60.000000000000,60.000000000000,60.000000000000
8.261713146151,45.703799731849,9.953205972238
60.000000000000,60.000000000000,60.000000000000
8.492598275487,42.951501588028,34.741199430650
37.347294071105,6.258999408200,56.024158268937
6.913732173257,55.475844612771,0.069299217172
40.509044627463,45.447031760143,10.542312273236
32.901562770905,53.735055572444,0.321187038856
60.000000000000,60.000000000000,60.000000000000
60.000000000000,60.000000000000,60.000000000000
6.468473793029,36.169671827617,27.576921243598
2.015286170094,2.409214974254,19.580416014141
60.000000000000,60.000000000000,60.000000000000
5.603915681712,36.991724522859,33.779641414443
2.229015547014,32.946556020890,27.397167564811
0.227775915577,11.026268253629,19.156294480381
5.461947971957,27.734387111601,39.191992035921
60.000000000000,60.000000000000,60.000000000000
60.000000000000,0.000000000000,60.000000000000
42.348878404965,39.731314282643,9.402155519767
60.000000000000,0.417391826070,42.368878532654
4.376620931924,28.036332124854,18.743034586711
60.000000000000,60.000000000000,60.000000000000
60.000000000000,60.000000000000,60.000000000000
60.000000000000,60.000000000000,60.000000000000
45.069255698744,8.789548735795,35.166829186627
60.000000000000,60.000000000000,60.000000000000
3.141684659728,43.032675267534,32.743618328763
60.000000000000,60.000000000000,60.000000000000
60.000000000000,60.000000000000,60.000000000000
23.325951299918,37.837397350206,28.153976373719
1.096765171090,28.465973190192,42.052083568191
60.000000000000,60.000000000000,60.000000000000
0.889154656673,7.496324434543,32.526004349452
60.000000000000,60.000000000000,60.000000000000
6.425824828104,1.803190935434,51.290220558529
60.000000000000,60.000000000000,60.000000000000
4.606524184172,46.524880571097,2.195282945659
60.000000000000,0.000000000000,60.000000000000
60.000000000000,28.667855359749,60.000000000000
60.000000000000,60.000000000000,60.000000000000
8.824951662601,1.046044313658,37.344886109665
54.916804782827,16.984041554679,53.775664756131
36.844270956348,20.159336151555,19.597033866678
60.000000000000,60.000000000000,60.000000000000
60.000000000000,60.000000000000,60.000000000000
8.376165046671,36.330411537307,23.999421924200
5.876313429493,19.513814517453,9.970970636182
60.000000000000,60.000000000000,60.000000000000
37.448418977003,3.838496269051,53.145120032002
60.000000000000,0.000000000000,60.000000000000
60.000000000000,60.000000000000,60.000000000000
60.000000000000,60.000000000000,60.000000000000
4.749910171414,31.831674588967,24.434710049260
60.000000000000,60.000000000000,60.000000000000
60.000000000000,60.000000000000,60.000000000000
60.000000000000,60.000000000000,60.000000000000
6.190809098710,7.286823560261,17.664734641331
60.000000000000,60.000000000000,60.000000000000
60.000000000000,60.000000000000,60.000000000000
60.000000000000,17.273104532124,29.728033153310
60.000000000000,60.000000000000,60.000000000000
27.843796792437,11.254696696870,48.092023098639
60.000000000000,60.000000000000,60.000000000000
60.000000000000,60.000000000000,0.000000000000
5.850695201734,29.799270403264,45.798997030274
60.000000000000,60.000000000000,60.000000000000
60.000000000000,60.000000000000,60.000000000000
60.000000000000,60.000000000000,60.000000000000
60.000000000000,4.525984664760,60.000000000000
60.000000000000,60.000000000000,60.000000000000
4.244193535990,52.553489679764,51.990138547819
60.000000000000,60.000000000000,60.000000000000
5.943472117696,26.812669679473,15.316382454563
1.554056320166,26.288898958091,34.515322511466
3.006852187895,0.000000000000,15.946890836403
60.000000000000,60.000000000000,60.000000000000
32.871944583173,30.072131278839,44.850617382242
10.419843404017,28.199752219362,36.308071911359
13.205678552427,2.952672948097,52.357886191571
60.000000000000,60.000000000000,60.000000000000
60.000000000000,60.000000000000,60.000000000000
60.000000000000,0.000000000000,3.521602624295
10.692589803583,45.984338339478,47.042629919218
60.000000000000,0.000000000000,60.000000000000
15.631617228815,34.795400247553,2.579820816726
10.135550378546,33.079064667988,27.358738099645
15.004404963386,7.775133082555,23.188925393892
10.073649439499,29.184401549822,38.643088975711
11.028888452266,22.087514169897,3.530962904449
60.000000000000,0.000000000000,60.000000000000
9.874749131549,45.958395022264,50.734073218159
54.908461068662,8.109280284847,7.055445381843
16.807982692172,21.847115607998,49.965430082052
7.114322249244,58.113092883708,57.483876515760
10.368380772468,17.994914861279,42.073390212987
11.929870080741,35.888277544569,19.758425871139
10.197720201957,43.049396895749,49.678358116383
60.000000000000,0.000000000000,60.000000000000
34.304146299423,1.873182650126,5.165363786145
11.964573953559,32.095253867683,22.550719510053
12.597491182294,43.502903577953,54.575160846894
10.213366379223,31.882081734166,30.221004772378
9.033127578834,12.248228212543,15.051039283847
9.383171637181,35.215245657311,39.255369783924
12.946597039726,12.291458223918,7.783638706440
60.000000000000,60.000000000000,60.000000000000
16.574039018290,25.147553979536,12.233649012366
16.540814491859,34.536550024667,35.255596437804
26.011935819294,33.761132191039,19.703460019028
16.708653775376,41.244283479011,28.431098660707
8.995512000530,5.722925239546,58.909642583135
60.000000000000,60.000000000000,60.000000000000
11.684546316384,26.869770955091,5.851092049949
59.000488839832,3.942774046236,13.214088772537
12.551803991411,25.835484409097,3.269153118039
13.007758413730,29.692613226906,39.961805868254
60.000000000000,0.000000000000,60.000000000000
8.609649040286,32.722547587831,21.827565265365
60.000000000000,0.000000000000,60.000000000000
7.498432918041,10.789466581493,11.757381753380
60.000000000000,60.000000000000,60.000000000000
60.000000000000,0.000000000000,60.000000000000
56.061568862787,16.604279538332,2.641059974888
2.404103818235,41.495556840706,50.788910190915
60.000000000000,0.000000000000,60.000000000000
0.947469130266,51.262574873521,6.142461549661
60.000000000000,60.000000000000,29.427398623889
15.582570441642,34.596766789177,30.619914207986
45.147794392873,7.838763894496,2.963903388354
59.825211159576,2.720719604967,21.101261834321
60.000000000000,0.000000000000,60.000000000000
21.211508739708,44.584830368824,38.391306804743
14.594719820296,46.818336849383,3.423014628845
47.629687363708,33.913350816279,49.746571042318
14.904526842534,7.802112957757,7.155593768652
60.000000000000,60.000000000000,60.000000000000
13.519623633500,4.873929660565,19.394786390676
60.000000000000,0.000000000000,60.000000000000
60.000000000000,60.000000000000,0.000000000000
60.000000000000,0.000000000000,60.000000000000
60.000000000000,60.000000000000,60.000000000000
60.000000000000,0.000000000000,60.000000000000
10.144777885607,18.126401354506,53.606120323786
60.000000000000,0.000000000000,60.000000000000
7.859180804393,40.600883377194,53.599947853985
9.963496793860,21.321211539921,33.388264389462
12.220336610795,49.182027115174,35.325746988034
60.000000000000,0.000000000000,60.000000000000
16.758881520137,5.287365929061,14.184330182762
60.000000000000,0.000000000000,60.000000000000
10.209959974014,29.783360803153,17.841668981680
60.000000000000,0.000000000000,60.000000000000
51.694286011544,38.778275019462,47.704742146477
0.570977804912,34.416636532123,48.291733348169
60.000000000000,0.000000000000,60.000000000000
60.000000000000,0.000000000000,60.000000000000
15.703459460068,44.168320176408,52.040375757942
60.000000000000,0.000000000000,60.000000000000
60.000000000000,60.000000000000,60.000000000000
17.201498918413,29.127126264761,29.607897104499
9.020738065885,32.569734010637,42.783651662969
21.576550869494,55.786220247755,33.327741384931
60.000000000000,60.000000000000,60.000000000000
13.456292164447,26.355957903086,22.332590688759
20.197787541136,51.703606241475,13.573900340618
15.808698211338,24.556530825331,9.683090602009
30.089364919314,47.607173182890,43.908249193967
15.542047578195,29.569616740794,32.410684190919
51.489991657096,46.310791130518,13.979934033054
60.000000000000,60.000000000000,60.000000000000
11.828248461268,30.569084840483,41.689105132908
60.000000000000,0.000000000000,60.000000000000
15.295348797223,36.990089428647,15.121134675287
36.766384722666,11.004463029946,6.349335356446
60.000000000000,0.000000000000,60.000000000000
15.369462848289,36.273705039333,22.045256760805
47.427782938830,4.268999383500,53.629394053998
60.000000000000,60.000000000000,60.000000000000
60.000000000000,0.000000000000,60.000000000000
60.000000000000,0.000000000000,60.000000000000
7.108054309948,26.722201637044,33.665489271714
60.000000000000,0.000000000000,60.000000000000
60.000000000000,60.000000000000,60.000000000000
60.000000000000,0.000000000000,60.000000000000
12.113461499639,60.000000000000,18.443150941938
60.000000000000,60.000000000000,0.000000000000
2.996988606360,40.801826965354,42.435285024099
60.000000000000,0.000000000000,60.000000000000
10.777670996145,2.342884194560,10.047938902042
60.000000000000,22.957744179615,47.894036732503
60.000000000000,60.000000000000,60.000000000000
60.000000000000,10.040937628423,36.619940311559
60.000000000000,60.000000000000,60.000000000000
60.000000000000,0.000000000000,60.000000000000
60.000000000000,60.000000000000,60.000000000000
60.000000000000,0.000000000000,60.000000000000
11.521931413599,33.230863606144,48.627888180442
60.000000000000,0.000000000000,60.000000000000
15.916899594226,2.439038493718,54.523724560031
60.000000000000,60.000000000000,60.000000000000
60.000000000000,20.659652551307,10.450563538350
11.951705636848,10.431064585446,35.219718875470
10.303767709318,19.685000033633,56.071558883784
60.000000000000,0.000000000000,60.000000000000
30.470538914170,47.623943417969,21.155583569850
60.000000000000,60.000000000000,60.000000000000
4.691396783350,24.181965227603,30.983152420853
60.000000000000,60.000000000000,52.889353071890
60.000000000000,0.000000000000,60.000000000000
60.000000000000,0.000000000000,60.000000000000
12.170517413331,21.906229022389,43.136240122560
60.000000000000,5.910651894384,35.047437896212
16.359818413380,54.310815466602,8.176941597856
60.000000000000,0.000000000000,60.000000000000
11.574535816657,10.107882329337,51.042887946640
60.000000000000,0.000000000000,60.000000000000
43.153048206632,39.237532973947,55.889651746216
17.660568383052,15.577213314778,31.463384107965
60.000000000000,0.000000000000,60.000000000000
12.024389975339,27.548681224435,24.264784344192
60.000000000000,60.000000000000,60.000000000000
47.789953917087,12.963670546299,31.512841496871
9.025028586806,28.714754438911,44.441687831875
60.000000000000,0.000000000000,60.000000000000
3.506204368805,57.760151747763,16.601969257155
60.000000000000,60.000000000000,60.000000000000
9.424247876899,8.954374849866,36.890795349486
60.000000000000,0.000000000000,60.000000000000
23.856631934301,60.000000000000,60.000000000000
57.361554380535,38.043965673236,9.290736893034
60.000000000000,0.000000000000,60.000000000000
60.000000000000,0.000000000000,60.000000000000
12.771530020239,60.000000000000,36.636712539950
60.000000000000,0.000000000000,60.000000000000
60.000000000000,60.000000000000,60.000000000000
10.775599727233,36.021941922686,28.975257050822
10.312683551564,53.243390668982,29.035746770831
11.560346858919,27.361852926941,30.000629044778
60.000000000000,60.000000000000,60.000000000000
60.000000000000,0.000000000000,60.000000000000
53.442858088315,5.770811832206,22.020179169710
60.000000000000,60.000000000000,60.000000000000
26.103028299992,34.297758926474,17.901007294533
60.000000000000,0.000000000000,60.000000000000
14.463933469396,55.739067779202,51.391780068652
60.000000000000,0.000000000000,60.000000000000
60.000000000000,0.000000000000,60.000000000000
60.000000000000,0.000000000000,60.000000000000
12.189001933954,54.091000949100,31.745031992880
60.000000000000,60.000000000000,60.000000000000
0.000000000000,0.000000000000,60.000000000000
60.000000000000,0.000000000000,60.000000000000
60.000000000000,60.000000000000,60.000000000000
13.010245989369,37.414746724473,25.812327619686
20.509901345084,28.133549446043,17.756006251223
11.884273552632,30.581924457794,34.040681288983
16.234126164098,14.520974397056,13.082598612770
60.000000000000,60.000000000000,60.000000000000
16.834095509506,31.589266917216,1.624948436459
60.000000000000,0.000000000000,60.000000000000
12.023507888879,16.182026768818,30.784577457733
60.000000000000,0.000000000000,60.000000000000
60.000000000000,0.000000000000,60.000000000000
60.000000000000,60.000000000000,60.000000000000
12.087717783584,43.638354494375,40.146797082963
60.000000000000,9.169293374904,16.046235213704
60.000000000000,0.000000000000,60.000000000000
60.000000000000,0.000000000000,60.000000000000
9.111343490869,57.086710347430,42.241587226785
60.000000000000,0.000000000000,60.000000000000
13.339090970203,53.877306075017,16.315415663969
13.770765042138,33.820156320951,31.071888943824
14.341098443889,51.612296956787,5.472765867971
2.805003478801,33.054063004047,31.205871071353
60.000000000000,0.000000000000,60.000000000000
60.000000000000,60.000000000000,0.000000000000
60.000000000000,0.000000000000,60.000000000000
28.362463391376,21.156541612293,19.874772306228
13.126168525872,34.561235845193,39.479402610627
60.000000000000,0.000000000000,60.000000000000
60.000000000000,0.000000000000,60.000000000000
60.000000000000,0.000000000000,60.000000000000
10.663913343602,34.270777644046,30.416088917353
60.000000000000,0.000000000000,60.000000000000
48.366608531096,21.560631530384,52.516636732624
60.000000000000,60.000000000000,60.000000000000
14.018992269169,37.477503058080,29.295255819011
0.000000000000,0.000000000000,60.000000000000
60.000000000000,0.000000000000,60.000000000000
60.000000000000,60.000000000000,60.000000000000
26.343776620482,43.454930048124,28.426988908950
60.000000000000,60.000000000000,60.000000000000
11.548839984182,34.314776568980,11.194643393973
60.000000000000,0.000000000000,60.000000000000
13.940150461180,20.367813498552,0.837067328633
60.000000000000,0.000000000000,60.000000000000
60.000000000000,0.000000000000,60.000000000000
60.000000000000,60.000000000000,60.000000000000
11.951250240092,50.936485854436,3.777448274813
60.000000000000,0.000000000000,60.000000000000
15.561371364585,29.554497229527,7.041760013217
60.000000000000,0.000000000000,60.000000000000
10.172951317969,44.247713443866,31.191666632900
60.000000000000,39.398851137909,20.487328010311
14.965035326897,19.569796872868,49.939006251017
13.002449318559,34.339403654810,4.724660870145
11.325021010711,36.991906312861,37.890719062724
60.000000000000,6.058050434008,18.416280175253
60.000000000000,0.000000000000,60.000000000000
11.943509351287,28.506160458343,19.352251623464
11.196835739348,44.036997900486,29.944418471265
60.000000000000,0.000000000000,60.000000000000
60.000000000000,37.648436317860,33.048770233763
60.000000000000,60.000000000000,60.000000000000
60.000000000000,60.000000000000,60.000000000000
15.005127489350,24.223946673175,39.842596598653
60.000000000000,0.000000000000,60.000000000000
1.480481381256,60.000000000000,35.694663767280
33.493618560903,16.179170323063,42.931972156482
11.492927176740,60.000000000000,60.000000000000
7.994374895432,6.818266435820,50.589156442386
60.000000000000,0.000000000000,60.000000000000
60.000000000000,0.000000000000,60.000000000000
60.000000000000,0.000000000000,60.000000000000
60.000000000000,60.000000000000,60.000000000000
60.000000000000,10.751437916376,38.665898803539
7.345561034297,18.158461360244,1.711092844884
60.000000000000,0.000000000000,60.000000000000
60.000000000000,0.000000000000,60.000000000000
60.000000000000,60.000000000000,60.000000000000
9.761591871605,50.073180349353,37.234686916517
60.000000000000,0.000000000000,60.000000000000
29.217591638178,11.562829653265,36.115917510281
0.000000000000,0.000000000000,60.000000000000
22.778620685507,44.681893946672,50.135825850332
60.000000000000,60.000000000000,60.000000000000
9.024473837412,47.877663300223,16.698704039945
60.000000000000,60.000000000000,60.000000000000
28.081818495530,11.155243366104,60.000000000000
60.000000000000,0.000000000000,60.000000000000
13.770156732774,47.845985244884,32.187178597980
50.006046977916,29.110737124620,48.565264491748
30.717528667209,16.687094247896,30.764916443835
60.000000000000,0.000000000000,60.000000000000
60.000000000000,60.000000000000,60.000000000000
45.823727205718,40.725257730313,48.421107492108
16.436018955549,47.412714748080,31.940631805257
60.000000000000,0.000000000000,60.000000000000
60.000000000000,60.000000000000,60.000000000000
60.000000000000,60.000000000000,60.000000000000
60.000000000000,0.000000000000,60.000000000000
60.000000000000,0.000000000000,60.000000000000
11.870078666605,30.143351771834,25.291691381508
60.000000000000,0.000000000000,60.000000000000
60.000000000000,0.000000000000,60.000000000000
60.000000000000,60.000000000000,60.000000000000
6.001046795878,39.850234488859,56.644518430993
60.000000000000,0.000000000000,60.000000000000
60.000000000000,60.000000000000,60.000000000000
20.763861447348,10.238926789132,48.655727608674
60.000000000000,0.000000000000,60.000000000000
17.903367793664,37.654166292752,23.901142011500
60.000000000000,0.000000000000,60.000000000000
33.921828709481,44.477662298649,36.353732621776
13.290824642626,13.771337005955,23.210368004452
60.000000000000,0.000000000000,60.000000000000
60.000000000000,60.000000000000,60.000000000000
60.000000000000,0.000000000000,60.000000000000
11.634629387586,60.000000000000,43.430408831891
60.000000000000,0.000000000000,0.000000000000
0.212178067490,30.463975448971,58.391551182432
60.000000000000,0.000000000000,60.000000000000
16.463598087238,39.337952905021,46.228271394439
3.542446727889,18.077481791572,24.788316330855
60.000000000000,60.000000000000,60.000000000000
60.000000000000,0.000000000000,60.000000000000
18.403796878847,5.571625727856,7.121154656955
60.000000000000,60.000000000000,60.000000000000
20.928224467424,40.612028748604,49.390964485959
58.377082993011,60.000000000000,32.741828962554
23.590118779241,11.876120293124,22.284792588437
60.000000000000,60.000000000000,60.000000000000
56.153179430071,30.424244633893,30.047247915648
23.275522077108,39.627626518728,1.597378601800
59.459515052614,55.110832287674,47.271544629476
60.000000000000,60.000000000000,60.000000000000
3.482998259940,14.861996035757,7.544047639045
19.217602493323,36.811070150508,38.469909303666
16.210200147724,55.210679168331,9.694579326479
11.330753806346,13.265170741648,18.405029136095
24.707724877055,15.746081774866,22.580514226273
22.038554177004,29.563726992322,29.596481876541
17.595501541468,30.969748409052,55.168060966189
23.735322492208,23.445800796209,19.146217779287
8.830184994308,36.094465077740,29.898260430388
8.698830122213,60.000000000000,22.672344695014
60.000000000000,60.000000000000,60.000000000000
46.688689587829,40.222517673993,27.064383943485
19.780482716725,11.380092906706,28.326694676561
0.000000000000,22.272130894562,43.242965122821
22.482243684848,35.133162604898,8.800808600123
19.769900835187,24.211491197040,27.019223318677
39.971666956233,50.022348647071,17.143632040471
17.799664717677,33.468198346813,29.290615998128
22.594452054831,24.767005183491,44.613753775595
60.000000000000,60.000000000000,60.000000000000
44.895038610047,21.900817029894,51.743989672169
18.936314365590,34.650556003112,19.410714244271
18.287054331608,54.906219188468,47.643215897374
3.456078268928,55.524704397008,2.017922578045
23.779621794394,7.006257531105,16.766870225742
60.000000000000,60.000000000000,60.000000000000
22.214376636232,43.817988666082,21.620526460621
60.000000000000,60.000000000000,60.000000000000
60.000000000000,60.000000000000,60.000000000000
23.757662554246,48.905143665166,13.327787526137
23.429184542800,37.162016923022,27.890823190486
60.000000000000,60.000000000000,60.000000000000
60.000000000000,60.000000000000,60.000000000000
15.770635699880,39.686538735253,29.427513974677
38.616211450590,51.939539642656,32.484860581629
0.000000000000,60.000000000000,60.000000000000
60.000000000000,60.000000000000,60.000000000000
22.408417752881,28.959634585604,35.639725903504
15.688168511441,56.439733137218,34.267669211927
18.706510237183,34.107675605671,36.612415647973
23.822842597084,30.809412976040,42.096945383478
60.000000000000,60.000000000000,60.000000000000
24.206923123342,48.905025305356,26.843390966330
24.327052489209,8.675954040830,45.084008363313
29.988450737226,36.066287696817,27.432787964174
36.535426975196,26.208488331636,35.071719184241
19.786141273466,51.361513741076,19.969588807077
60.000000000000,60.000000000000,60.000000000000
60.000000000000,34.752301534851,60.000000000000
19.289014251849,8.943029622213,22.715949309879
22.348885303088,55.749915663151,54.102430209030
60.000000000000,60.000000000000,60.000000000000
60.000000000000,60.000000000000,60.000000000000
60.000000000000,60.000000000000,60.000000000000
22.424097202985,12.032986345673,51.045948826328
60.000000000000,60.000000000000,60.000000000000
60.000000000000,60.000000000000,60.000000000000
60.000000000000,60.000000000000,60.000000000000
4.764878427665,60.000000000000,15.766832681077
21.029691780513,35.901377433886,35.017145101390
60.000000000000,60.000000000000,60.000000000000
60.000000000000,60.000000000000,60.000000000000
0.000000000000,60.000000000000,60.000000000000
60.000000000000,60.000000000000,60.000000000000
60.000000000000,60.000000000000,60.000000000000
60.000000000000,60.000000000000,60.000000000000
8.024094502511,60.000000000000,41.585129990084
2.260686821329,16.135594775199,5.453298403610
60.000000000000,60.000000000000,60.000000000000
60.000000000000,60.000000000000,60.000000000000
22.024025399302,10.957341217740,57.691991860516
60.000000000000,60.000000000000,60.000000000000
17.510648230098,24.991209356441,6.968461495667
24.311080471772,26.353468229587,37.309994780173
21.955989999287,49.046296959023,49.541986494136
50.731897559999,18.498080399757,2.410591398078
22.381078544143,48.149325314921,15.447570037877
21.377755385554,40.575014185729,27.248341316999
23.725848749946,15.971735087261,16.286375970240
60.000000000000,60.000000000000,60.000000000000
60.000000000000,60.000000000000,60.000000000000
23.693594484790,26.426321115868,24.015549736348
18.346842210423,51.912363411654,60.000000000000
60.000000000000,0.000000000000,60.000000000000
21.396342891475,34.273099453876,8.751060342967
60.000000000000,60.000000000000,60.000000000000
60.000000000000,60.000000000000,60.000000000000
6.718594499041,23.413211010587,33.417154083083
60.000000000000,0.000000000000,60.000000000000
40.104241437918,5.012474030608,26.230601861383
19.237923859582,46.504554524348,56.923703018199
38.391094852245,59.450945401354,37.627334829530
17.799485673392,6.348717242222,3.235305026843
11.215928168248,5.734247684944,60.000000000000
17.802405000658,49.862331880504,38.008622191106
60.000000000000,0.000000000000,60.000000000000
25.089993756894,39.274401853910,52.822191952117
0.000000000000,0.000000000000,60.000000000000
21.460948755015,12.751695868558,9.282607617194
6.382949818758,3.061453223262,52.327507041694
18.564511896207,25.481149496171,28.448034829210
60.000000000000,0.000000000000,60.000000000000
23.493001886449,15.777383223413,54.622081537714
50.131659581098,16.452341320108,14.162278775561
21.031532836927,24.787444321224,57.841599166719
60.000000000000,60.000000000000,60.000000000000
60.000000000000,0.000000000000,60.000000000000
60.000000000000,0.000000000000,60.000000000000
5.255391769458,23.277881509171,5.762859744211
0.000000000000,0.000000000000,60.000000000000
20.458716501697,32.049852235992,19.621923247337
60.000000000000,0.000000000000,60.000000000000
23.821549952814,1.979182221817,0.013420710992
13.797647224098,45.515087948164,3.944845794053
60.000000000000,60.000000000000,60.000000000000
12.511918472104,28.787607207395,35.093632062215
21.939691318326,35.707134459943,51.399640212470
45.844260520433,60.000000000000,54.532604942407
14.030484849693,45.144355703691,33.342911103830
60.000000000000,0.000000000000,60.000000000000
31.092594653959,33.287828684575,14.180690661446
44.471870050004,10.143897840897,2.014022898657
60.000000000000,60.000000000000,60.000000000000
60.000000000000,0.000000000000,60.000000000000
27.925552758317,37.783484063313,3.448090506203
15.222815028498,16.343900947781,30.453119661579
21.935948189449,13.970131323455,6.908834029542
60.000000000000,0.000000000000,60.000000000000
21.701180404307,9.923199651044,13.283128272519
60.000000000000,0.000000000000,60.000000000000
18.999403145193,53.778681036929,19.519426065635
18.417809715678,31.916288162270,35.425240515107
30.900606414601,60.000000000000,18.820433598251
56.265689405664,60.000000000000,41.611936386589
26.513289910377,5.558042405718,4.791477130061
18.474059625144,21.413680404516,32.450499305309
8.695044463550,35.145931362383,57.161652985108
60.000000000000,60.000000000000,60.000000000000
21.614987452970,33.291639018311,37.120269110540
60.000000000000,0.000000000000,60.000000000000
21.215913168286,40.508010851064,12.356168456367
27.339877845644,60.000000000000,38.595973974649
21.600819130264,0.805950130593,14.440240684373
17.969982241413,39.719207244198,25.902453196092
20.965348052247,60.000000000000,50.035389954069
0.000000000000,0.000000000000,60.000000000000
60.000000000000,60.000000000000,60.000000000000
60.000000000000,60.000000000000,60.000000000000
17.359573955401,39.210115350557,25.605206815989
26.643729414828,32.481899168330,60.000000000000
24.787404371411,4.447708712160,56.099352764278
60.000000000000,60.000000000000,60.000000000000
60.000000000000,60.000000000000,60.000000000000
60.000000000000,60.000000000000,60.000000000000
34.190596876692,26.327502208942,2.893852046162
60.000000000000,0.000000000000,60.000000000000
19.924024169822,11.049536790452,10.703439925741
60.000000000000,60.000000000000,60.000000000000
5.710925385251,17.811439544542,36.680267482536
15.995541855545,60.000000000000,28.678195565008
49.156108293634,60.000000000000,19.481916024771
60.000000000000,0.000000000000,60.000000000000
23.202218284781,6.950005715359,50.630610897644
60.000000000000,21.460905290495,38.492823194005
25.608673271553,60.000000000000,16.198366756682
60.000000000000,60.000000000000,60.000000000000
18.810233724128,7.033304367541,30.968055632580
23.988405166372,20.235026748252,24.238230291705
1.658187659177,41.199154155084,41.597118291087
60.000000000000,60.000000000000,60.000000000000
21.510990546750,59.527528827840,59.845304998512
60.000000000000,60.000000000000,60.000000000000
23.786575765591,36.105948941893,46.721228231891
60.000000000000,0.000000000000,60.000000000000
19.404667767301,18.530169878856,50.487375893927
60.000000000000,0.000000000000,60.000000000000
4.601119259392,60.000000000000,60.000000000000
60.000000000000,0.000000000000,60.000000000000
15.727172850470,17.037081722021,29.922624851817
60.000000000000,60.000000000000,60.000000000000
60.000000000000,60.000000000000,60.000000000000
60.000000000000,0.000000000000,60.000000000000
36.867098947877,60.000000000000,35.453725412601
20.425275079257,0.000000000000,33.469572475347
19.383966498641,57.223226518742,58.408542819672
16.595952505545,52.167839135729,12.680167441006
19.123620840939,10.904575125898,37.869863353765
60.000000000000,60.000000000000,60.000000000000
60.000000000000,0.000000000000,60.000000000000
60.000000000000,0.000000000000,60.000000000000
60.000000000000,0.000000000000,60.000000000000
60.000000000000,60.000000000000,60.000000000000
53.180821564024,8.759805886068,25.172373699934
60.000000000000,0.000000000000,60.000000000000
60.000000000000,60.000000000000,60.000000000000
60.000000000000,0.000000000000,60.000000000000
18.294947953856,50.161801693739,26.070576054770
60.000000000000,0.000000000000,60.000000000000
37.085362104743,37.076462311408,37.722467153500
18.644530746170,30.539843745060,24.959863710990
18.928397747218,21.258209299160,20.763146915082
60.000000000000,60.000000000000,60.000000000000
60.000000000000,60.000000000000,60.000000000000
60.000000000000,0.000000000000,60.000000000000
14.796727594629,1.104992749674,34.947584321253
60.000000000000,0.000000000000,60.000000000000
53.791232863540,13.406941933226,59.037800970437
60.000000000000,0.000000000000,60.000000000000
24.217752315720,49.339264035304,40.702529904130
60.000000000000,0.000000000000,60.000000000000
60.000000000000,0.000000000000,60.000000000000
60.000000000000,60.000000000000,60.000000000000
19.150877738804,19.389039944832,13.440763326234
0.000000000000,0.000000000000,60.000000000000
22.773535008940,13.485276716425,3.669475918677
60.000000000000,60.000000000000,60.000000000000
20.298225242148,51.875488098379,47.702397013910
22.171031741883,41.527122106163,20.626908836648
23.065935010959,45.863881003441,40.718604388229
28.025075497286,42.319122706325,2.376272067903
17.566165433547,32.673779387471,55.017699207618
33.112236624939,60.000000000000,0.000000000000
60.000000000000,0.000000000000,60.000000000000
42.601227973349,2.100366393959,45.230374677508
20.934235477926,25.825162035619,41.124363136374
60.000000000000,0.000000000000,60.000000000000
60.000000000000,60.000000000000,50.640049885370
60.000000000000,0.000000000000,60.000000000000
60.000000000000,0.000000000000,60.000000000000
24.709753159239,39.819809133200,39.716339500276
60.000000000000,0.000000000000,60.000000000000
12.729985530339,60.000000000000,56.004491132131
19.515338659720,54.540423342850,50.644538265472
20.976466164371,29.537734831146,24.108713690942
27.530612685305,34.760987468406,20.689706762852
44.040971125110,60.000000000000,15.204903212596
36.483621865835,60.000000000000,17.323421466769
38.096559328081,60.000000000000,3.264882784288
19.093828856058,22.997489924173,14.064677501721
23.699380530124,40.593146471626,21.529774186073
23.031403511483,48.555833935553,35.301201827381
60.000000000000,0.000000000000,60.000000000000
60.000000000000,60.000000000000,60.000000000000
60.000000000000,0.000000000000,60.000000000000
20.581519503429,5.469430337121,38.323411745920
60.000000000000,0.000000000000,60.000000000000
22.229170378186,38.835119576757,18.934403929638
60.000000000000,60.000000000000,60.000000000000
45.560118466365,52.880728440995,34.444300333413
60.000000000000,0.000000000000,60.000000000000
22.107482283891,48.095565237180,31.206146005413
42.934139667697,60.000000000000,60.000000000000
60.000000000000,52.954074839900,44.878140657893
60.000000000000,0.000000000000,60.000000000000
13.672866139354,60.000000000000,54.527952991274
12.067835945337,10.252376284503,43.310867260679
20.369133562408,0.219932430146,26.486287225252
60.000000000000,0.000000000000,60.000000000000
60.000000000000,60.000000000000,60.000000000000
60.000000000000,60.000000000000,60.000000000000
18.515837814613,6.839734519041,39.978781332282
60.000000000000,0.000000000000,60.000000000000
60.000000000000,60.000000000000,60.000000000000
0.000000000000,60.000000000000,2.032879962595
60.000000000000,0.000000000000,60.000000000000
60.000000000000,0.000000000000,60.000000000000
53.577491474219,50.425577237530,60.000000000000
60.000000000000,60.000000000000,60.000000000000
60.000000000000,0.000000000000,60.000000000000
60.000000000000,0.000000000000,60.000000000000
23.200431837605,20.480632634732,35.253301691427
0.000000000000,0.000000000000,60.000000000000
60.000000000000,60.000000000000,60.000000000000
11.316046363260,56.204391248219,57.281745768687
60.000000000000,60.000000000000,60.000000000000
60.000000000000,60.000000000000,60.000000000000
29.166798063609,60.000000000000,50.580998916824
22.441283510977,29.088155033015,30.796126596315
21.273858611752,50.647831612077,6.042568397931
0.000000000000,0.000000000000,60.000000000000
60.000000000000,0.000000000000,60.000000000000
60.000000000000,0.000000000000,60.000000000000
31.668979774270,35.821858121097,6.017336966706
60.000000000000,60.000000000000,60.000000000000
22.619330712752,12.769075835201,32.976759215107
60.000000000000,0.000000000000,60.000000000000
14.192859427062,60.000000000000,30.296980704281
0.000000000000,60.000000000000,60.000000000000
60.000000000000,0.000000000000,60.000000000000
60.000000000000,0.000000000000,60.000000000000
31.016632106981,15.720944588883,37.815993351491
60.000000000000,60.000000000000,60.000000000000
33.870679688662,20.303418575432,50.654063330221
8.227120026973,50.526576737180,28.890054292706
28.867441739602,39.414363992222,23.887206779015
60.000000000000,60.000000000000,60.000000000000
46.593305563192,24.132597382498,32.385542840081
60.000000000000,60.000000000000,60.000000000000
60.000000000000,60.000000000000,60.000000000000
60.000000000000,60.000000000000,60.000000000000
43.637140144697,22.667909089496,15.978444680740
60.000000000000,60.000000000000,60.000000000000
32.933284493690,52.724376315068,24.615027470533
30.375086428175,34.539850232928,30.532236293169
30.439722495324,43.224406402232,54.899397256254
27.337714923870,37.203496335102,26.960375539653
12.155646064630,35.093592310245,46.330082445530
16.354247586718,47.758541532779,30.709297859662
28.130575738605,33.327913366668,13.323047804240
60.000000000000,60.000000000000,60.000000000000
30.782553057073,51.058893883805,12.051940069524
60.000000000000,0.000000000000,60.000000000000
29.579774961480,19.098318949884,2.758502805859
60.000000000000,60.000000000000,60.000000000000
60.000000000000,60.000000000000,60.000000000000
30.603584501921,37.033308146852,25.986828269129
26.029453876464,43.546127805046,49.073604510566
60.000000000000,60.000000000000,60.000000000000
60.000000000000,60.000000000000,60.000000000000
50.641451524199,19.976369097740,15.095165262548
39.186637186507,57.730504437793,60.000000000000
29.171415580569,25.010409732962,22.942512309201
45.655625051431,47.462324973483,47.286721792544
22.242915542448,28.380783135980,39.937025565872
29.747820308229,9.539320819203,32.900224700821
60.000000000000,60.000000000000,60.000000000000
60.000000000000,23.512073453492,60.000000000000
60.000000000000,60.000000000000,60.000000000000
32.513225102065,60.000000000000,49.255105777074
34.550100475624,30.124720657038,36.399842920523
27.635015655666,45.487886267625,19.172528533118
16.904500151873,12.004775057626,21.793489369661
35.669410909941,20.648993967305,4.781118679123
60.000000000000,60.000000000000,60.000000000000
48.176113219167,42.826373027732,31.826505056917
60.000000000000,60.000000000000,60.000000000000
31.553042336096,0.578277396717,55.497058245262
60.000000000000,60.000000000000,60.000000000000
60.000000000000,60.000000000000,60.000000000000
29.037335227356,32.887466425822,35.046428577542
31.054290669003,9.397275035448,6.119297687051
60.000000000000,60.000000000000,60.000000000000
32.560260388718,38.722605822083,14.423080871959
59.055129293029,35.074057538720,6.227679534954
60.000000000000,60.000000000000,60.000000000000
60.000000000000,60.000000000000,60.000000000000
35.129731711150,4.913095770424,35.727640955519
24.050824842482,36.450454708630,4.681923890997
32.382617096304,53.535061584725,18.113607377672
29.076810422876,33.607219819827,37.700163166355
40.349894478654,59.599805629949,8.427031889629
60.000000000000,60.000000000000,60.000000000000
60.000000000000,60.000000000000,60.000000000000
60.000000000000,60.000000000000,60.000000000000
33.033551829757,52.807550100035,52.700923671438
60.000000000000,60.000000000000,60.000000000000
28.948681303496,17.207940990251,15.681492052511
5.590523022731,45.246753738759,58.198238058829
26.156385620162,17.859356058105,10.918774926720
60.000000000000,60.000000000000,60.000000000000
60.000000000000,0.000000000000,60.000000000000
60.000000000000,60.000000000000,60.000000000000
41.300743064733,48.201819901280,52.931656878739
60.000000000000,60.000000000000,60.000000000000
32.022838206451,48.576100018414,47.556297140249
60.000000000000,60.000000000000,60.000000000000
24.898668450191,25.462759525919,9.314063456427
29.674234088575,20.152385459595,24.433362752322
16.395800153352,49.695496298140,17.330333011039
60.000000000000,60.000000000000,60.000000000000
60.000000000000,21.226185613889,50.792326158819
35.624011975390,21.558764364084,25.871102248102
25.862045614666,32.486688002615,11.838195662451
33.258443193010,21.655343511655,26.407414910461
60.000000000000,9.371396677579,8.429827530326
32.361380446658,26.718795825711,40.639002691641
38.451681672063,45.284001983804,32.369910832090
45.338697812406,26.633639890985,43.536788283866
26.011060934492,2.202789445000,30.887036748484
60.000000000000,7.199319755998,25.610387973468
60.000000000000,60.000000000000,60.000000000000
32.401721181377,25.669847189959,36.197031380768
30.314783650173,57.314484080568,16.932837004503
60.000000000000,36.385932439701,9.309802747844
31.142490200258,37.067873312860,36.292268096383
60.000000000000,0.000000000000,8.329832589582
33.881184778662,22.696309274140,14.456801924240
13.544617705072,48.638003789572,26.808358774685
60.000000000000,60.000000000000,15.464528640456
60.000000000000,60.000000000000,60.000000000000
42.246878726743,17.190252707725,32.302232039732
60.000000000000,60.000000000000,60.000000000000
28.034035064459,44.158132509525,43.809213207776
60.000000000000,60.000000000000,60.000000000000
29.839525103397,4.420435888483,43.932630783027
60.000000000000,0.000000000000,60.000000000000
31.568543043775,29.871533516187,28.141846653320
60.000000000000,60.000000000000,60.000000000000
60.000000000000,60.000000000000,60.000000000000
60.000000000000,60.000000000000,60.000000000000
32.536972326060,26.091559535870,43.788850405216
43.619340884950,60.000000000000,8.419145250389
30.127002621509,41.973970927287,43.368808120199
60.000000000000,60.000000000000,60.000000000000
7.975618979491,11.064089331365,16.752176569591
60.000000000000,0.000000000000,60.000000000000
60.000000000000,0.000000000000,60.000000000000
60.000000000000,60.000000000000,60.000000000000
29.040355879794,23.194845736348,56.632798105304
60.000000000000,60.000000000000,60.000000000000
36.721647394230,6.170980218267,32.201872750462
60.000000000000,60.000000000000,60.000000000000
29.838831665204,2.008586933507,5.564847180362
60.000000000000,60.000000000000,60.000000000000
60.000000000000,0.000000000000,60.000000000000
56.612248929175,32.672795220563,46.141415698088
31.418636635049,54.481135508154,46.394657336730
8.614910463165,40.519285171194,59.831893900834
29.027828889359,46.158381239970,35.956708076098
60.000000000000,0.000000000000,60.000000000000
29.315618979066,32.385725415889,41.390136455609
60.000000000000,60.000000000000,60.000000000000
60.000000000000,0.000000000000,60.000000000000
60.000000000000,0.000000000000,60.000000000000
31.873536354794,51.883034860075,19.211842641430
60.000000000000,60.000000000000,60.000000000000
23.395927799024,7.752767683496,56.780782393186
60.000000000000,60.000000000000,60.000000000000
60.000000000000,60.000000000000,60.000000000000
60.000000000000,60.000000000000,60.000000000000
29.822350356526,20.079185343199,50.129050784586
30.565673640351,34.817726043397,23.833398209786
25.868113444372,14.421430230428,19.549275785557
60.000000000000,60.000000000000,60.000000000000
25.957755924054,30.266465937842,55.875956814552
26.946500458528,34.613949300618,23.911415306598
27.893455793278,34.018053210115,50.804488059402
60.000000000000,0.000000000000,60.000000000000
29.771670197017,14.087169116355,3.232837462716
0.000000000000,0.000000000000,60.000000000000
32.555383170534,15.318604967595,44.086552061547
12.422725061509,2.709373834354,0.336046905437
35.122123925645,20.975828294391,18.510349092066
29.002060804509,30.858663164951,28.484394054923
33.736737874080,53.901915114076,12.704772925873
60.000000000000,60.000000000000,60.000000000000
60.000000000000,60.000000000000,60.000000000000
30.486905089297,4.056733557942,34.341559901313
29.139826448520,52.431215802660,16.259630069025
30.047610705968,25.519917759333,23.364206919780
0.000000000000,0.000000000000,60.000000000000
60.000000000000,60.000000000000,60.000000000000
60.000000000000,60.000000000000,60.000000000000
60.000000000000,0.000000000000,60.000000000000
60.000000000000,60.000000000000,60.000000000000
60.000000000000,0.000000000000,60.000000000000
27.597184157719,23.380670501912,1.199802512035
60.000000000000,20.152280050616,28.265485849952
60.000000000000,60.000000000000,60.000000000000
9.226318609585,42.654075815781,40.789277674731
10.536329614420,9.514129482197,7.726650038120
60.000000000000,0.000000000000,60.000000000000
27.291042004857,14.212398182386,8.139853410232
23.759618704396,60.000000000000,60.000000000000
30.790158215245,39.203529636052,29.528611489477
60.000000000000,60.000000000000,60.000000000000
60.000000000000,60.000000000000,60.000000000000
60.000000000000,60.000000000000,60.000000000000
30.394787402913,14.443601893230,23.392589617377
60.000000000000,60.000000000000,60.000000000000
46.407339422961,10.458293158772,56.917718330669
60.000000000000,0.000000000000,60.000000000000
32.014909764594,43.678246273153,28.517311836032
60.000000000000,0.000000000000,60.000000000000
60.000000000000,22.435695018573,26.665897357564
60.000000000000,0.000000000000,60.000000000000
29.813977275427,59.999436416392,37.883810098072
60.000000000000,0.000000000000,60.000000000000
29.351455654318,5.631294080457,46.267606829398
60.000000000000,0.000000000000,60.000000000000
32.395386092316,18.035444983066,13.390038701301
60.000000000000,0.000000000000,60.000000000000
60.000000000000,60.000000000000,60.000000000000
30.649703248204,28.832936462113,21.858024388441
18.318428505958,37.660272863492,10.910414198104
19.465636402327,32.180981734743,46.928499776950
60.000000000000,60.000000000000,60.000000000000
60.000000000000,0.000000000000,60.000000000000
60.000000000000,60.000000000000,60.000000000000
60.000000000000,0.000000000000,60.000000000000
60.000000000000,0.000000000000,60.000000000000
60.000000000000,0.000000000000,60.000000000000
60.000000000000,60.000000000000,60.000000000000
60.000000000000,60.000000000000,60.000000000000
60.000000000000,0.000000000000,60.000000000000
60.000000000000,0.000000000000,60.000000000000
25.537095576007,3.872593211899,28.690991789017
60.000000000000,0.000000000000,60.000000000000
60.000000000000,60.000000000000,60.000000000000
33.932600738284,23.110821544346,21.607345598627
30.776649400279,5.161686000196,12.927209976011
60.000000000000,60.000000000000,60.000000000000
60.000000000000,0.000000000000,60.000000000000
60.000000000000,0.000000000000,60.000000000000
27.934407341650,10.155935352101,6.370092687829
60.000000000000,60.000000000000,60.000000000000
2.634882424843,19.252250808107,40.958483952101
60.000000000000,0.000000000000,60.000000000000
28.175179531530,21.213209099628,19.769195357917
60.000000000000,60.000000000000,60.000000000000
11.868900941399,60.000000000000,9.807809550278
60.000000000000,60.000000000000,60.000000000000
26.344876929543,47.738436450764,23.015434542712
60.000000000000,60.000000000000,60.000000000000
30.040903887323,57.299670801014,1.195444398202
60.000000000000,60.000000000000,60.000000000000
32.565464481933,54.905907698931,59.106858224140
60.000000000000,60.000000000000,60.000000000000
30.560868781248,12.327114563624,30.839210857186
27.697616287148,32.479632668020,32.840664837558
26.927961797640,28.147436452716,53.367178989245
50.966478160437,54.536258390171,60.000000000000
25.837601209036,60.000000000000,15.969411753113
15.562753987765,41.780015633732,44.184113910882
60.000000000000,60.000000000000,60.000000000000
60.000000000000,0.000000000000,60.000000000000
60.000000000000,46.325702000789,60.000000000000
60.000000000000,0.000000000000,60.000000000000
60.000000000000,0.000000000000,60.000000000000
24.355585606950,33.248699251514,38.151853478977
60.000000000000,60.000000000000,43.000357244835
28.385731941619,31.075017308737,35.494432256718
23.239472680907,29.566988865948,37.971134213261
60.000000000000,60.000000000000,60.000000000000
27.409573843416,9.027541775772,52.483749238055
60.000000000000,60.000000000000,60.000000000000
24.643968178307,36.761795517680,1.070438605521
60.000000000000,60.000000000000,60.000000000000
48.682491703133,4.065079199358,40.045670866713
32.768509501619,31.785862653427,27.505262219363
33.393036582964,45.918243610638,60.000000000000
0.000000000000,0.000000000000,60.000000000000
60.000000000000,60.000000000000,60.000000000000
60.000000000000,0.000000000000,60.000000000000
60.000000000000,13.869428209014,30.415963038760
60.000000000000,0.000000000000,60.000000000000
60.000000000000,60.000000000000,60.000000000000
60.000000000000,0.000000000000,60.000000000000
25.058556233341,16.463051898209,18.866841593157
60.000000000000,60.000000000000,60.000000000000
25.945766734973,53.092192523111,50.427126288531
0.000000000000,49.133986642725,36.302619328613
30.524590656459,13.145108238147,12.029262120265
5.846476180390,0.000000000000,60.000000000000
43.125295303502,22.741728803310,60.000000000000
37.824757946546,29.848771196339,43.689887906789
10.493026373557,21.494720980154,41.145950384397
60.000000000000,0.000000000000,60.000000000000
60.000000000000,60.000000000000,60.000000000000
60.000000000000,0.000000000000,60.000000000000
30.767391460037,45.293911445606,14.125458003988
15.893186844560,0.000000000000,60.000000000000
60.000000000000,60.000000000000,60.000000000000
34.191783086343,24.789049749256,16.479239524861
60.000000000000,60.000000000000,60.000000000000
60.000000000000,60.000000000000,60.000000000000
45.442001664550,38.881598103692,47.609491753404
60.000000000000,60.000000000000,60.000000000000
60.000000000000,0.000000000000,60.000000000000
42.840170170682,60.000000000000,12.068974102615
28.086837937173,15.967538956706,41.654417647426
60.000000000000,60.000000000000,60.000000000000
60.000000000000,0.000000000000,60.000000000000
60.000000000000,60.000000000000,60.000000000000
60.000000000000,60.000000000000,60.000000000000
60.000000000000,0.000000000000,60.000000000000
58.926759735175,13.116194455557,36.592997450272
30.097432457787,33.812684495280,27.117087467696
26.599758410430,28.258334295441,48.358851481409
60.000000000000,60.000000000000,60.000000000000
60.000000000000,0.000000000000,60.000000000000
60.000000000000,0.000000000000,60.000000000000
36.700778281174,4.020619056775,27.880563775896
60.000000000000,60.000000000000,60.000000000000
31.950672055107,52.111467920729,3.965194303849
60.000000000000,0.000000000000,60.000000000000
3.376994522848,60.000000000000,60.000000000000
60.000000000000,60.000000000000,33.863330147942
60.000000000000,0.000000000000,60.000000000000
60.000000000000,60.000000000000,60.000000000000
36.648630082329,21.941165305329,6.146113577756
3.032872009772,17.017324599898,42.054706395648
55.291224939980,28.527984928907,12.343637806989
60.000000000000,60.000000000000,60.000000000000
60.000000000000,60.000000000000,60.000000000000
46.634465491722,32.422297435716,15.820003097346
41.086586778186,55.475452298290,46.438656765849
37.973478678486,24.302595965203,33.117908003526
42.392050833078,27.018828063227,35.520027943138
35.961914031032,19.001457632630,56.164330183188
42.578819349007,15.050236653391,9.343816913338
60.000000000000,0.000000000000,60.000000000000
38.687440214148,5.584520795360,9.222344765105
57.137095248002,48.196284773218,29.534904135288
34.473554288167,16.402270788769,25.148474472236
60.000000000000,60.000000000000,60.000000000000
37.712893908563,48.798192087911,4.492559028196
42.876334939942,33.101335434735,23.101748355843
37.227471488260,8.327138376556,29.760921463079
41.759842422181,23.629237323315,23.555359218134
37.187232722468,58.884653880935,54.341025572656
51.077348593647,40.620984011476,23.635971612786
52.657952740734,13.618830940326,1.822194941773
60.000000000000,0.000000000000,60.000000000000
42.504560660713,35.831538018140,26.818128763622
60.000000000000,0.000000000000,60.000000000000
34.447051040536,58.830982480675,6.269945539665
34.391660062315,23.239362533259,50.310249309793
32.124635483324,57.608449344566,58.831251989170
60.000000000000,0.000000000000,60.000000000000
40.462348397746,23.790098017762,38.240681778752
31.535147232296,23.207991131107,57.644512038184
11.836609245404,6.434212920899,56.321510365377
36.334491877195,33.561246215021,25.327490277523
36.357675392170,9.762651839800,52.588644672480
42.476170286111,33.378298262599,31.442632102042
60.000000000000,60.000000000000,60.000000000000
39.705379835538,28.263544965809,36.837143906022
39.945377775371,59.531041848376,10.981991988196
57.229978881960,60.000000000000,12.150197393742
38.822106502907,19.312088829444,48.221755119309
60.000000000000,0.000000000000,60.000000000000
50.956747083564,26.674483546378,54.099581681675
60.000000000000,0.000000000000,60.000000000000
34.559648066599,5.426857118412,40.184214600753
60.000000000000,60.000000000000,60.000000000000
37.186177304241,12.361342286248,20.689216587186
36.875038277461,11.933659763075,19.191131864344
60.000000000000,60.000000000000,60.000000000000
60.000000000000,36.439388054831,5.934812824435
39.577618952401,19.495579726842,51.426796741360
60.000000000000,0.000000000000,60.000000000000
41.095988728594,28.371706877418,2.119262470306
33.848751611507,2.321920786274,4.260297984545
60.000000000000,0.000000000000,60.000000000000
27.810504223514,4.895438519263,41.787186089918
38.393711836796,14.213455981035,52.712003374705
60.000000000000,0.000000000000,60.000000000000
57.320770914115,54.444878285487,49.821205144868
60.000000000000,60.000000000000,60.000000000000
40.276276417147,37.033571369801,2.801694277110
39.482647239656,37.510188543365,34.399581622000
60.000000000000,0.000000000000,60.000000000000
60.000000000000,60.000000000000,60.000000000000
60.000000000000,60.000000000000,60.000000000000
44.550571899208,60.000000000000,38.908932978320
37.703278553493,18.039596900121,56.677211099186
38.213690331035,44.137351951566,45.383900535523
40.969285914328,9.944279703902,51.745484548432
60.000000000000,60.000000000000,60.000000000000
34.421509637000,40.088142967414,58.697791215696
60.000000000000,0.000000000000,60.000000000000
60.000000000000,0.000000000000,60.000000000000
60.000000000000,36.563801669110,39.611208314372
43.969940742633,54.770176514750,28.201604391864
16.753436211170,3.149537418406,34.310487842777
36.728911570600,55.900481083709,53.186070593262
39.544090450681,14.546814846670,23.715772678940
41.496368975199,38.084906024304,44.639238890359
60.000000000000,60.000000000000,60.000000000000
37.831038463134,3.491845492309,8.208750184605
6.402213065517,9.321412790238,55.363930613004
22.613976454229,24.263727862648,23.056206518950
47.062285100355,46.323247381661,6.954976114878
39.743789863273,22.555121562350,0.987366991605
38.307131633939,23.025432949679,30.114673647124
39.739404055869,30.653110656572,17.187277944924
43.407798637404,27.247222097150,39.605367710864
48.137499524816,42.555362059279,4.588825852345
60.000000000000,0.000000000000,60.000000000000
60.000000000000,0.000000000000,60.000000000000
42.799072885863,25.533047412992,24.724773356140
33.908547956937,1.949865079909,56.342146775412
39.479441044405,25.311109385967,36.002220533352
40.575620430454,41.487994717344,2.991045990375
0.000000000000,60.000000000000,60.000000000000
34.652017394434,11.551562716464,44.165224607501
11.555077146138,45.770251076773,11.523584436083
60.000000000000,60.000000000000,60.000000000000
60.000000000000,0.000000000000,60.000000000000
41.580965705852,47.158747416815,13.416156356172
60.000000000000,0.000000000000,60.000000000000
35.459428567456,27.580810664996,25.583259267854
60.000000000000,0.000000000000,60.000000000000
43.382972831897,18.522948363605,47.890450670875
60.000000000000,60.000000000000,60.000000000000
32.478464876856,22.872905643710,4.466843937710
60.000000000000,60.000000000000,60.000000000000
60.000000000000,0.000000000000,60.000000000000
60.000000000000,0.000000000000,60.000000000000
3.796018024176,45.363444757027,18.027092617282
60.000000000000,0.000000000000,60.000000000000
41.442200312933,50.442174796210,18.789301084705
60.000000000000,0.000000000000,60.000000000000
9.456473346791,21.907327195145,7.436219958893
43.221947618296,60.000000000000,37.201094123700
28.352124376611,8.503520259752,15.904070097599
38.466039055670,42.761306501746,41.482615067250
8.497725537102,27.540235662346,12.202114683270
24.117420105326,23.451685720681,2.876447757540
42.281234071626,32.107656153749,17.988122414594
53.881702527800,23.898120785754,26.367816011499
36.836008865252,1.841339643020,11.207480218750
60.000000000000,0.000000000000,60.000000000000
60.000000000000,0.000000000000,60.000000000000
51.746711056875,38.180838677689,49.372860253464
40.842031963828,12.819510864887,40.869384401281
60.000000000000,0.000000000000,60.000000000000
34.818038647764,12.611419521384,50.189616678548
60.000000000000,0.000000000000,60.000000000000
35.985284814751,51.154420087787,12.203793625245
60.000000000000,0.000000000000,60.000000000000
40.033833218262,45.901069536157,57.856458444907
60.000000000000,0.000000000000,60.000000000000
36.264415870991,7.351539721741,51.487358127496
60.000000000000,0.000000000000,60.000000000000
41.998715580769,52.796430193043,3.780300213298
47.803290399427,34.886333066580,51.965484919348
60.000000000000,0.000000000000,60.000000000000
60.000000000000,60.000000000000,60.000000000000
41.146351555625,45.116290611011,20.865385233243
38.418046189538,36.960923916535,30.905084641806
41.294198523771,13.256202151659,42.685022239388
60.000000000000,0.000000000000,60.000000000000
38.686940219079,50.091310461500,44.832611247985
60.000000000000,0.000000000000,60.000000000000
37.170448648896,36.229275040470,54.393821858203
60.000000000000,0.000000000000,60.000000000000
44.568438781902,48.248597044715,22.683890916645
11.567378993279,60.000000000000,40.389602694870
35.391370358935,48.569904197037,17.683893797573
38.781096163862,33.949282569761,24.677879061178
60.000000000000,60.000000000000,60.000000000000
60.000000000000,14.355375449854,3.553542272065
40.851849941713,0.602235224676,10.203874796223
48.330237577822,51.188738606110,3.973490204830
60.000000000000,0.000000000000,60.000000000000
34.154113365970,20.325895946209,27.194151586041
40.725362407475,57.714879794955,57.760292295445
39.214762297978,25.126313857042,24.864198543347
60.000000000000,0.000000000000,60.000000000000
60.000000000000,0.000000000000,60.000000000000
60.000000000000,0.000000000000,60.000000000000
60.000000000000,0.000000000000,60.000000000000
60.000000000000,60.000000000000,60.000000000000
30.581716213561,60.000000000000,36.598066096337
42.212757093843,0.499122261469,36.658491820404
38.944747432736,39.277535158412,38.508462295415
24.744362085334,48.154331233697,26.924386692011
38.947127339074,30.034043384027,29.050199544947
54.712347304335,59.347962926984,14.900644894127
60.000000000000,0.000000000000,60.000000000000
39.948966624969,21.110081343119,25.537569566321
60.000000000000,60.000000000000,60.000000000000
29.032704557893,25.411482069946,51.649638532684
60.000000000000,0.000000000000,60.000000000000
60.000000000000,0.000000000000,60.000000000000
60.000000000000,0.000000000000,60.000000000000
12.480730319142,49.928802366642,56.238537607349
60.000000000000,0.000000000000,60.000000000000
37.711897010599,1.700162069898,26.524809174783
59.969628944776,38.657490194449,17.251601653981
29.932011098774,34.175013796331,15.423922720213
60.000000000000,0.000000000000,60.000000000000
60.000000000000,60.000000000000,60.000000000000
0.000000000000,0.000000000000,60.000000000000
41.837229341444,21.500817467136,19.041042707703
60.000000000000,0.000000000000,60.000000000000
39.205881493064,8.004755426079,14.550079834767
60.000000000000,0.000000000000,60.000000000000
39.648189459076,22.003314271225,45.323121982382
60.000000000000,0.000000000000,60.000000000000
60.000000000000,60.000000000000,60.000000000000
41.283240510192,31.743721703403,32.151346642084
14.142194874587,30.833998048629,1.842421344559
60.000000000000,0.000000000000,60.000000000000
60.000000000000,0.000000000000,60.000000000000
60.000000000000,0.000000000000,60.000000000000
40.128516156124,9.802800854506,26.477252346484
60.000000000000,0.000000000000,60.000000000000
60.000000000000,0.000000000000,45.193370224196
0.000000000000,0.000000000000,2.239245749904
60.000000000000,0.000000000000,60.000000000000
60.000000000000,60.000000000000,60.000000000000
60.000000000000,0.000000000000,60.000000000000
37.770223778333,60.000000000000,4.084195368831
35.329434976574,21.034212265467,23.479706474748
60.000000000000,0.000000000000,60.000000000000
41.294588710023,54.793109305180,9.308087269939
43.386479179253,47.584817029714,20.168747467119
37.478305155339,58.890983434530,0.687256887784
60.000000000000,0.000000000000,60.000000000000
7.502800813246,60.000000000000,60.000000000000
60.000000000000,0.000000000000,60.000000000000
36.776656196098,21.320444645986,59.921424384126
60.000000000000,60.000000000000,60.000000000000
40.126879532040,1.817621607193,14.278223499752
60.000000000000,0.000000000000,60.000000000000
36.291757927025,47.089092100160,0.361499722362
60.000000000000,0.000000000000,60.000000000000
60.000000000000,60.000000000000,60.000000000000
60.000000000000,0.000000000000,0.000000000000
31.466992876803,34.405299022412,0.590726450463
60.000000000000,0.000000000000,60.000000000000
37.323249945363,41.438149682381,58.680379634301
60.000000000000,25.171059929294,28.233517412526
40.829671427722,0.780391591484,0.521501827312
4.770742005467,60.000000000000,22.989823859702
44.472763632441,58.259468846477,48.946538440332
35.644482047753,56.205005590172,5.633258084516
37.972709005259,26.604236832964,4.576494373801
14.676555382616,60.000000000000,18.089225461259
35.987917477706,44.028164212006,0.307489062400
60.000000000000,60.000000000000,60.000000000000
50.089957730891,55.685926628575,58.556468350337
60.000000000000,0.000000000000,60.000000000000
0.163850533398,31.410430673394,10.278492261813
60.000000000000,0.000000000000,60.000000000000
60.000000000000,60.000000000000,56.528359935267
29.852002385823,7.331493834742,11.064463167178
49.708088788252,27.773169651886,60.000000000000
36.234347007068,25.192862422965,23.268479409808
38.532124129058,37.546792160924,6.062726754240
60.000000000000,0.000000000000,60.000000000000
37.372629820654,43.954234977371,24.534553369039
60.000000000000,0.000000000000,60.000000000000
34.244169733426,37.952061877011,32.126109777313
60.000000000000,0.000000000000,60.000000000000
60.000000000000,43.420042364973,29.333941551399
60.000000000000,31.070154598610,60.000000000000
15.871279629280,46.409561790141,57.008115773187
43.282878532247,60.000000000000,20.192478166552
36.309193067137,60.000000000000,60.000000000000
32.815295875955,0.000000000000,38.143020324154
60.000000000000,60.000000000000,0.000000000000
60.000000000000,0.000000000000,60.000000000000
42.920555206463,11.618337182112,55.861564505562
60.000000000000,0.000000000000,60.000000000000
60.000000000000,60.000000000000,60.000000000000
60.000000000000,60.000000000000,60.000000000000
60.000000000000,60.000000000000,60.000000000000
28.578537979101,12.763703744661,2.348974422818
35.499152313539,34.753732665844,58.570550713124
60.000000000000,60.000000000000,60.000000000000
41.881995916989,6.414008218319,19.552784719283
60.000000000000,60.000000000000,60.000000000000
27.014710517458,53.412462913888,54.212568391124
60.000000000000,0.000000000000,60.000000000000
60.000000000000,0.000000000000,60.000000000000
60.000000000000,0.000000000000,60.000000000000
46.179892044937,3.278638145489,7.301623064856
60.000000000000,60.000000000000,60.000000000000
60.000000000000,0.000000000000,15.437198023617
60.000000000000,0.000000000000,60.000000000000
60.000000000000,0.000000000000,60.000000000000
60.000000000000,60.000000000000,60.000000000000
10.747549227941,2.750406510309,55.833416571278
60.000000000000,60.000000000000,45.069653625787
47.530841834484,57.593419549429,27.233487336704
60.000000000000,36.787022808316,14.122960539500
35.798779595617,18.805921324636,50.574444107515
60.000000000000,0.000000000000,60.000000000000
60.000000000000,60.000000000000,60.000000000000
60.000000000000,0.000000000000,60.000000000000
45.325492147119,60.000000000000,35.309311712130
60.000000000000,0.000000000000,60.000000000000
16.641730032067,42.179424682846,56.249877386624
60.000000000000,0.000000000000,60.000000000000
40.323762328086,3.151317083227,29.947593145675
60.000000000000,0.000000000000,60.000000000000
59.577407831709,9.610045312585,17.575891017679
60.000000000000,0.000000000000,60.000000000000
41.017980884781,7.438501238123,43.680849171097
60.000000000000,60.000000000000,60.000000000000
33.921695693490,31.452688971739,39.060137780018
60.000000000000,0.000000000000,60.000000000000
60.000000000000,60.000000000000,60.000000000000
42.026739025628,35.252140642454,60.000000000000
24.472107783380,60.000000000000,0.000000000000
60.000000000000,0.000000000000,0.000000000000
47.790907846893,35.648572132465,39.293276815365
60.000000000000,0.000000000000,60.000000000000
19.249171241910,53.938979729644,58.554442151402
43.900896302455,31.185143572428,34.033540807712
56.926771094933,35.274902314537,31.644230495548
60.000000000000,0.000000000000,60.000000000000
45.429341860315,40.491251662995,3.995867095779
60.000000000000,0.000000000000,60.000000000000
52.379233830598,2.158089527625,49.022947508927
46.993262614745,38.061361878039,35.961493587411
35.563056928669,50.347665299109,39.061441726735
48.042042403425,39.571716949460,38.345163616339
49.148217400522,21.733690939870,45.790875202067
47.607142696290,45.736568219975,34.250877664110
43.223496335972,45.316881807078,57.955594868719
60.000000000000,44.430904638153,43.095646376731
45.543869451204,59.484789797042,4.387975629985
60.000000000000,0.000000000000,60.000000000000
60.000000000000,31.137934587144,60.000000000000
45.936664560044,34.926372787841,29.872067079701
31.613351076168,20.400571609372,23.021065964416
43.634094086804,2.048674492643,49.722766532738
38.800729290514,10.937374125860,7.622133706316
60.000000000000,0.000000000000,60.000000000000
60.000000000000,0.000000000000,60.000000000000
47.444782791460,22.318882549154,39.074644810965
42.842284190163,14.653001230241,23.828484453528
47.190914889316,38.310657048725,25.046977216662
39.141184938268,5.738432069752,30.284921932165
60.000000000000,0.000000000000,60.000000000000
47.479279269573,3.570331459409,6.935803274395
25.375869744473,32.482878690816,44.561815508509
60.000000000000,3.712419756589,16.003538585123
60.000000000000,21.285755116807,57.890156846145
60.000000000000,0.000000000000,60.000000000000
60.000000000000,60.000000000000,60.000000000000
44.918489806872,35.042417358003,9.319962218518
50.744717037144,35.093176245652,31.295488638999
60.000000000000,0.000000000000,60.000000000000
39.740727899487,17.448723681705,13.247944854286
18.151319891619,39.621064213089,24.670854358019
32.375107600446,44.679540608660,13.285571008464
10.726808186885,30.112090779621,37.135254759946
28.818204699137,31.960991181358,1.520871527895
49.814966669708,10.543810070120,51.776485024165
60.000000000000,0.000000000000,60.000000000000
45.301856203768,55.835551577692,23.672143757160
60.000000000000,0.000000000000,60.000000000000
44.652892241397,14.163919644395,44.252619632080
47.874158663865,34.572785313988,31.063206755801
47.945227457682,30.760447459874,37.152077902982
48.569020710119,25.478069822469,37.299800022439
49.543322287231,18.191807671925,49.604720055041
51.842938174832,36.137887219321,38.841404604376
21.926775239448,30.478336764987,54.980377950950
58.208665845763,11.909023551216,29.906772490565
6.301208091196,57.495859100551,41.154227740606
54.539382033204,50.382211476286,60.000000000000
0.000000000000,60.000000000000,60.000000000000
60.000000000000,0.000000000000,60.000000000000
49.885279424526,28.650606294183,34.863844029874
60.000000000000,0.000000000000,60.000000000000
60.000000000000,0.000000000000,60.000000000000
60.000000000000,0.000000000000,60.000000000000
60.000000000000,22.133540756581,14.708487980885
48.779764323495,31.733492248368,25.005285768013
47.291187726401,16.572540981571,37.143152644325
60.000000000000,60.000000000000,60.000000000000
48.139981888865,0.356224595771,31.921393671809
60.000000000000,35.925831155737,15.794176797104
37.639709186259,9.667027409513,25.447934281385
58.598932071537,41.864816354726,2.703156360582
60.000000000000,60.000000000000,60.000000000000
60.000000000000,19.432760151506,49.873130771600
45.624502195749,10.772508898300,17.293833820246
47.225584998692,25.216529166392,20.602411909696
49.133397960406,32.400896313318,43.801991673848
30.220514558236,10.237340134679,13.929650591267
48.951733876577,10.450913383314,48.077394320049
50.618784982115,21.182850707369,29.712356818969
52.293057873338,27.286975761861,28.692343105933
60.000000000000,60.000000000000,60.000000000000
43.744117499245,43.568610956427,10.073129174660
45.566829867712,35.889337157639,21.295459018915
43.488685525753,41.542503022835,8.681566933174
27.500243338292,26.782143810070,53.664047242657
42.994501437988,51.072481472180,22.332450444088
47.911522221173,22.258886589961,21.780616890415
47.366841230453,34.550519279613,56.964083889636
60.000000000000,0.000000000000,60.000000000000
49.915697164553,0.000000000000,19.650880826960
4.070732350171,32.053458726672,6.499663907559
47.023534789027,7.545472568897,39.294841944561
45.893200267137,27.187657998790,23.012199848785
49.792475555643,45.260592344120,30.556284855787
16.959622583558,35.733971402512,3.954549813222
43.900018733437,22.932015412924,13.611321759335
24.445860312884,15.675991224795,28.506203577124
46.167118496512,58.707922218506,6.611708956501
46.873792847049,55.796444513934,29.406427462828
44.414421198156,17.231302807916,51.615474100431
60.000000000000,60.000000000000,60.000000000000
45.390964281575,8.140897344318,9.120820463573
60.000000000000,60.000000000000,60.000000000000
35.379367266653,39.711904619191,34.984239462200
60.000000000000,60.000000000000,60.000000000000
4.781274459501,12.035233339546,46.321116297710
60.000000000000,60.000000000000,60.000000000000
47.039563611156,57.905238928253,43.229886969148
60.000000000000,60.000000000000,60.000000000000
40.616847724843,47.074755741605,52.307348139746
60.000000000000,60.000000000000,60.000000000000
42.953301269792,6.637644226191,1.330987297335
60.000000000000,60.000000000000,60.000000000000
29.336061414428,56.392613742606,5.094634511794
47.699406539888,19.127684793898,31.309276609586
49.252503229663,33.076584399418,8.459672899028
60.000000000000,60.000000000000,60.000000000000
12.901482579426,13.197119121040,46.586616080484
60.000000000000,60.000000000000,60.000000000000
32.313868157166,30.974545813461,13.736109420078
60.000000000000,60.000000000000,48.822362002988
43.828738007857,1.651020218696,16.827182793957
60.000000000000,60.000000000000,60.000000000000
50.803430891933,39.261774583449,60.000000000000
48.047212747263,30.197529549084,25.061618745684
60.000000000000,60.000000000000,60.000000000000
60.000000000000,60.000000000000,60.000000000000
48.442027060176,37.169223913036,1.226238042963
60.000000000000,60.000000000000,60.000000000000
45.625879480153,11.953708528465,49.342488706751
60.000000000000,60.000000000000,60.000000000000
57.920882823385,27.058991390197,43.448534817370
60.000000000000,60.000000000000,60.000000000000
50.155101510798,14.096630685019,57.470846098508
60.000000000000,60.000000000000,60.000000000000
48.587810195502,11.332739592928,3.885028606491
60.000000000000,60.000000000000,60.000000000000
60.000000000000,60.000000000000,60.000000000000
60.000000000000,60.000000000000,60.000000000000
43.851675452760,10.017585535734,51.705989050644
27.322209180544,2.308286695083,3.707121340905
60.000000000000,60.000000000000,60.000000000000
60.000000000000,60.000000000000,60.000000000000
49.672707516755,8.480260583377,33.246081281464
60.000000000000,60.000000000000,60.000000000000
46.549995643010,38.177401264139,57.938141286561
60.000000000000,60.000000000000,60.000000000000
44.817104294709,42.186357182915,52.385160876533
45.959034359015,39.100245285954,29.138905041253
45.692033657773,20.408761054384,51.833101102135
60.000000000000,60.000000000000,60.000000000000
44.726405684987,45.088232514581,50.103364982850
45.301250484455,29.523379469213,37.228641024583
45.811670450487,1.939283381036,2.304389802462
34.523743645227,12.437852231590,20.789501004028
60.000000000000,60.000000000000,60.000000000000
51.416733472946,40.853539624689,20.285661101177
44.869251254016,2.861125500994,42.168082141600
44.258993988127,20.388889226161,22.843397995611
60.000000000000,60.000000000000,17.236515277081
60.000000000000,60.000000000000,60.000000000000
51.535625852425,60.000000000000,8.387454945505
60.000000000000,60.000000000000,60.000000000000
60.000000000000,60.000000000000,60.000000000000
16.408185299991,40.992874117887,30.135487282973
48.155944178297,37.528625520995,12.349921800298
0.000000000000,60.000000000000,60.000000000000
36.356186223143,52.621701729819,51.545971269281
43.676590100491,31.984696809056,28.784031775385
12.743327336070,60.000000000000,60.000000000000
60.000000000000,60.000000000000,60.000000000000
43.772066557131,28.720631314665,43.098692550479
60.000000000000,60.000000000000,60.000000000000
60.000000000000,60.000000000000,60.000000000000
60.000000000000,60.000000000000,60.000000000000
60.000000000000,60.000000000000,60.000000000000
60.000000000000,60.000000000000,60.000000000000
49.253634727952,3.512103824302,37.816453049319
60.000000000000,60.000000000000,60.000000000000
49.570121549625,56.262435592663,11.502292098848
35.311558763150,13.740993385650,43.986812646679
60.000000000000,60.000000000000,60.000000000000
60.000000000000,60.000000000000,60.000000000000
57.284953051336,22.893005446459,46.305191548563
60.000000000000,60.000000000000,60.000000000000
60.000000000000,60.000000000000,60.000000000000
60.000000000000,60.000000000000,60.000000000000
44.821275274951,34.123566085294,4.190613413383
60.000000000000,60.000000000000,60.000000000000
35.625102635480,9.211949118437,4.122900942225
60.000000000000,60.000000000000,60.000000000000
60.000000000000,60.000000000000,60.000000000000
60.000000000000,60.000000000000,60.000000000000
60.000000000000,60.000000000000,60.000000000000
60.000000000000,60.000000000000,40.981828967523
60.000000000000,60.000000000000,60.000000000000
46.070293428557,37.997050724202,38.058444190298
60.000000000000,60.000000000000,60.000000000000
54.046747074497,60.000000000000,14.832334840944
38.206184566963,50.263164397453,35.970216228385
47.272300028172,37.897580402605,29.522711012535
57.445027130640,37.828312159789,7.440101785975
60.000000000000,60.000000000000,60.000000000000
49.907625180661,5.861616666194,38.762928109666
15.899127796511,36.497448422551,25.173243042403
60.000000000000,60.000000000000,60.000000000000
60.000000000000,60.000000000000,60.000000000000
16.072076442901,52.255617425184,37.678445717464
49.180021139855,29.608825761578,33.288961693638
47.892097188683,31.026092067325,1.258096144518
60.000000000000,60.000000000000,60.000000000000
38.957346696804,43.211741351203,35.572574169181
60.000000000000,60.000000000000,60.000000000000
45.555355353113,40.261530580279,41.065069765758
34.423346259090,26.440890075071,0.000000000000
42.040526109741,31.453334542408,17.562636623159
60.000000000000,60.000000000000,60.000000000000
34.913898115760,15.042217670608,56.927127164220
6.991190102024,50.181409332778,34.213470217616
38.742814408311,21.699083036836,34.109324078564
60.000000000000,60.000000000000,60.000000000000
42.119934746068,24.613553108186,38.368965053366
60.000000000000,60.000000000000,60.000000000000
57.531464021985,13.601660876014,41.005978595215
56.614538838835,38.471415071601,30.015350683288
31.803468427452,14.558906274285,6.055348741628
49.584615922380,27.097108832265,26.492149228718
48.283910968065,2.802734734757,13.471583978930
46.333126393468,30.630971291677,30.001253341786
50.507869588739,21.745885099585,12.716650887485
60.000000000000,60.000000000000,60.000000000000
50.950835440149,6.715544046624,11.264841644506
31.497780028612,60.000000000000,47.005443986015
49.586648482395,23.043049885043,1.705169418669
60.000000000000,60.000000000000,60.000000000000
60.000000000000,60.000000000000,60.000000000000
47.135352668448,31.020937538895,37.852929984788
53.456719109588,26.371076215912,60.000000000000
7.682879030495,47.598768599694,4.955724482328
60.000000000000,60.000000000000,60.000000000000
51.235657944533,26.368705212434,21.684242464848
44.092126706410,59.038424079914,43.681466164676
60.000000000000,60.000000000000,60.000000000000
48.533845731810,16.664790446561,54.963422473207
60.000000000000,60.000000000000,60.000000000000
60.000000000000,60.000000000000,60.000000000000
60.000000000000,60.000000000000,60.000000000000
50.818957052281,28.310018156812,12.585215249216
60.000000000000,60.000000000000,60.000000000000
20.553634641530,33.008973839697,49.922704430106
52.729319255494,29.179724896801,26.479344044839
2.871381190600,15.791061701686,60.000000000000
46.264144168553,28.749721018006,27.438850815055
0.000000000000,60.000000000000,60.000000000000
60.000000000000,60.000000000000,60.000000000000
51.120738530624,3.907797116516,37.468287048662
60.000000000000,60.000000000000,60.000000000000
60.000000000000,60.000000000000,60.000000000000
60.000000000000,60.000000000000,60.000000000000
43.957149575098,52.668204474497,15.903384704940
60.000000000000,60.000000000000,60.000000000000
53.740975281669,4.253161450344,42.196303595857
60.000000000000,60.000000000000,18.613424975734
48.257213839876,56.274904130705,21.150954870921
24.300066915752,49.064083345598,38.831935981174
21.841464756698,55.398867657184,50.564922712811
60.000000000000,60.000000000000,60.000000000000
60.000000000000,60.000000000000,60.000000000000
60.000000000000,58.639499314969,27.657016233388
30.821730804079,60.000000000000,27.503344692362
60.000000000000,0.000000000000,60.000000000000
6.778837722831,1.198930968734,48.579661822587
60.000000000000,60.000000000000,60.000000000000
60.000000000000,60.000000000000,60.000000000000
46.494724718318,33.157120749169,30.814994661890
33.224115615285,54.279038027631,4.010775741121
60.000000000000,60.000000000000,60.000000000000
48.482346638211,47.186324519739,13.771721729768
56.487852512912,13.453390171844,39.557864799746
42.088893232151,21.097784413664,58.809854679114
60.000000000000,60.000000000000,60.000000000000
60.000000000000,37.420624201252,20.265144466185
60.000000000000,60.000000000000,60.000000000000
60.000000000000,60.000000000000,60.000000000000
60.000000000000,60.000000000000,60.000000000000
5.008272818001,53.351271038644,60.000000000000
60.000000000000,60.000000000000,60.000000000000
48.535625883981,52.924621949187,7.580100229250
60.000000000000,60.000000000000,60.000000000000
51.163516943520,60.000000000000,60.000000000000
60.000000000000,60.000000000000,60.000000000000
51.103887900352,8.412395729801,3.858739042509
48.931762030826,30.311036107166,27.259498410471
46.852663138551,9.676889962286,10.403442814034
60.000000000000,60.000000000000,60.000000000000
50.981693453358,60.000000000000,49.178338461728
44.266906290731,36.039815430094,26.141746306466
60.000000000000,60.000000000000,60.000000000000
60.000000000000,60.000000000000,60.000000000000
52.231391447336,46.712725460262,9.703646678216
38.980963076922,41.497999626267,18.449055142482
51.341256381244,21.577267117409,48.888603041141
55.373197442719,33.952107461274,28.032848116678
52.752484721592,0.644498000481,26.753220582187
60.000000000000,0.000000000000,60.000000000000
54.155580651570,20.735080294532,26.843184061258
54.114687863390,21.993709202808,35.160548845718
50.991548627507,57.670041278967,51.038666875520
24.150590255033,46.320783569144,40.904802654262
56.663849938556,42.119769789697,18.998370855167
58.962541942612,25.682478347772,42.552437210220
57.376782848669,34.771515446544,28.039839766871
60.000000000000,0.000000000000,60.000000000000
27.429023552800,33.752950277517,0.624001629519
60.000000000000,0.000000000000,60.000000000000
57.718800737174,6.345878904348,13.920218884149
60.000000000000,0.000000000000,60.000000000000
41.073446833822,39.599184506018,16.292899303982
52.747003984227,39.435056905750,36.772967324905
58.148095978262,9.092000820513,17.171109445960
25.888089352042,17.834278674121,60.000000000000
54.279140802469,40.057181222697,42.189782685364
51.351209319870,25.007309601389,19.950449997148
21.630921991387,11.760372848316,7.655289970311
35.852105544797,1.014984738241,22.239625432376
43.258065334217,54.865067031671,3.082630165217
54.408199231897,29.515630426589,31.619080677750
40.959629687157,32.008428537448,21.290663570479
52.909316115189,23.013224605078,25.561962594961
57.729729343422,41.841473112778,34.345374806267
60.000000000000,0.000000000000,60.000000000000
60.000000000000,10.386348887926,60.000000000000
54.889345215744,24.158088305263,35.523083777790
57.541821157094,12.502083856273,27.993960069904
60.000000000000,0.000000000000,60.000000000000
53.187831220504,48.648596811025,22.037740729623
58.713654154315,40.308545608862,8.912785738431
53.930156788337,24.679569538359,53.953297063779
59.041311711022,33.709116075935,26.088285177795
54.242817935182,36.219433313564,8.666966562666
55.015937225902,42.477791125660,27.428745633029
60.000000000000,60.000000000000,60.000000000000
60.000000000000,0.000000000000,60.000000000000
17.153959430725,44.990190389605,43.131395001724
59.740388800977,42.616474099158,60.000000000000
53.676397222792,38.662954508209,24.946564840081
60.000000000000,0.000000000000,60.000000000000
51.331838591823,4.867226094898,51.145827666672
54.518556553042,32.679448059506,30.391234715468
58.410432042701,38.948960355673,23.473414392104
60.000000000000,0.000000000000,60.000000000000
58.149482516087,7.854736432762,37.295982006994
40.462562701050,34.614220989078,6.874249888738
49.516159715130,29.206655826053,13.062356165047
39.336005496144,45.623646421301,42.997086699540
60.000000000000,60.000000000000,60.000000000000
55.092510445619,35.989900899845,23.870809228018
60.000000000000,47.845792004411,26.353547939164
60.000000000000,0.000000000000,60.000000000000
60.000000000000,0.000000000000,60.000000000000
56.647835228283,26.390026642692,60.000000000000
25.449842555369,15.731944181481,19.348375876888
57.770273518204,57.371997114228,36.370626867009
60.000000000000,0.000000000000,60.000000000000
57.284178134950,30.000341615952,33.672300826602
47.930937511921,17.405417581259,15.169017543554
60.000000000000,33.090922494135,22.484890168490
55.092112596723,50.834000158697,12.019003346880
60.000000000000,0.000000000000,60.000000000000
53.266263484345,31.266839406401,54.513081368905
60.000000000000,0.000000000000,60.000000000000
58.387680627656,47.497152975599,60.000000000000
60.000000000000,60.000000000000,60.000000000000
60.000000000000,60.000000000000,60.000000000000
48.949710359738,35.975391141047,51.620012841378
53.236823469657,9.202263695300,35.061909034090
42.685714256032,4.700095615721,51.830515466455
60.000000000000,0.000000000000,60.000000000000
53.079648585239,22.887397446923,41.061828072443
53.493878746443,56.038597551734,18.794941738278
60.000000000000,14.174725928801,39.675133406299
60.000000000000,0.000000000000,60.000000000000
60.000000000000,60.000000000000,60.000000000000
60.000000000000,9.563870566976,60.000000000000
60.000000000000,0.000000000000,60.000000000000
60.000000000000,0.000000000000,60.000000000000
55.077267975780,37.633018345687,27.959966807440
28.421854051622,41.061873518125,14.232379163481
8.133990268909,47.290682661432,22.691054386664
57.608317743779,53.358652204754,56.784865689695
24.594213224644,6.189691164038,28.681586281765
57.628699270219,13.715302322863,20.859640158339
51.737139208652,29.910976298175,27.850651920869
56.870471027076,49.567184129890,21.232288751518
60.000000000000,60.000000000000,60.000000000000
60.000000000000,60.000000000000,60.000000000000
60.000000000000,60.000000000000,60.000000000000
0.000000000000,60.000000000000,60.000000000000
51.447181137656,26.920116790929,29.274026245104
55.271093584993,47.844368449087,29.773339737487
60.000000000000,41.314012452418,12.603734064703
54.018300051633,51.118602859278,51.562327661567
60.000000000000,60.000000000000,60.000000000000
60.000000000000,60.000000000000,0.000000000000
34.377496031580,60.000000000000,56.854599745278
53.688494488572,5.576210606509,14.309964876282
60.000000000000,60.000000000000,60.000000000000
60.000000000000,60.000000000000,60.000000000000
60.000000000000,60.000000000000,60.000000000000
0.000000000000,60.000000000000,60.000000000000
60.000000000000,60.000000000000,60.000000000000
53.131526254851,22.590373829040,44.101885594390
60.000000000000,60.000000000000,60.000000000000
58.075027637534,49.514389491032,17.302697869430
60.000000000000,60.000000000000,60.000000000000
53.768691019804,12.662332923598,46.003172787754
60.000000000000,60.000000000000,60.000000000000
53.448642180571,22.340116310874,16.496142111048
60.000000000000,26.918391926524,31.787454780259
60.000000000000,29.871916390426,22.828068477776
60.000000000000,60.000000000000,60.000000000000
45.777378527394,35.149622712640,50.181541071892
60.000000000000,28.246348359328,39.397727843406
54.275736163982,6.384949508952,57.282507993262
54.846584949368,30.880293022149,20.186271793390
26.441333952024,26.312792001063,40.257557622072
60.000000000000,60.000000000000,60.000000000000
2.672320563353,7.533687766824,28.536784734942
60.000000000000,60.000000000000,60.000000000000
53.848027770578,30.692548288272,26.237918360890
60.000000000000,60.000000000000,60.000000000000
57.055236326326,44.066537592099,23.775345141222
60.000000000000,60.000000000000,60.000000000000
53.521597101831,27.400387863639,15.734221058395
60.000000000000,60.000000000000,60.000000000000
7.767363566716,22.368600571882,36.324826069214
60.000000000000,60.000000000000,60.000000000000
60.000000000000,31.328577680245,16.567432858058
60.000000000000,60.000000000000,60.000000000000
59.027256477173,12.852501623166,10.939671017979
56.515922814839,23.287776487927,26.515860516811
60.000000000000,60.000000000000,60.000000000000
60.000000000000,60.000000000000,60.000000000000
51.904082537599,28.430001979075,21.747948444385
60.000000000000,60.000000000000,60.000000000000
55.929769525469,40.254218200792,1.333448999737
60.000000000000,60.000000000000,60.000000000000
57.641749930373,25.582127474622,17.221533095249
56.118212715154,20.198368981487,32.935859708629
59.018926068227,52.713594048402,24.299479413228
60.000000000000,60.000000000000,60.000000000000
60.000000000000,60.000000000000,60.000000000000
55.856518403030,38.536218305276,21.122263732048
11.426908843865,43.547380221476,28.065112423542
53.336589576775,23.729560339671,33.169589967758
53.569694991879,60.000000000000,30.295500040736
60.000000000000,60.000000000000,60.000000000000
60.000000000000,60.000000000000,60.000000000000
51.944555534717,35.386098125326,20.545075899332
6.239059000735,2.907061460672,60.000000000000
60.000000000000,60.000000000000,60.000000000000
60.000000000000,60.000000000000,60.000000000000
60.000000000000,60.000000000000,60.000000000000
60.000000000000,27.425377016055,51.696741273933
52.799806865599,33.846080089132,28.073594351172
54.213671767916,14.878048023526,47.954500549547
60.000000000000,60.000000000000,60.000000000000
55.636633656010,14.956426507641,38.159969623937
60.000000000000,60.000000000000,60.000000000000
9.654705619350,6.522335659118,24.403697147121
60.000000000000,7.032066103974,37.461567373525
56.432223149647,35.871174116821,0.539995948853
0.000000000000,60.000000000000,60.000000000000
60.000000000000,60.000000000000,60.000000000000
60.000000000000,60.000000000000,60.000000000000
60.000000000000,60.000000000000,60.000000000000
60.000000000000,0.000000000000,60.000000000000
28.333259083702,11.663572868425,47.825486424990
60.000000000000,60.000000000000,60.000000000000
58.118189866305,51.740072915317,55.739127559374
57.197942033320,19.841597336173,38.415800502895
60.000000000000,52.917997773969,43.188313928780
60.000000000000,60.000000000000,60.000000000000
11.966937790336,35.775828911912,60.000000000000
60.000000000000,60.000000000000,60.000000000000
60.000000000000,60.000000000000,60.000000000000
60.000000000000,60.000000000000,60.000000000000
51.531046984335,4.226212896167,57.470385729521
60.000000000000,60.000000000000,60.000000000000
36.312364285050,17.553173241549,8.256392239357
60.000000000000,60.000000000000,60.000000000000
56.574562067691,60.000000000000,48.786241175538
60.000000000000,60.000000000000,60.000000000000
60.000000000000,60.000000000000,60.000000000000
60.000000000000,60.000000000000,60.000000000000
0.000000000000,60.000000000000,60.000000000000
51.716511769401,34.274934561409,21.463332976039
60.000000000000,60.000000000000,60.000000000000
55.834695581665,17.881485292618,30.194207150565
28.746902573095,22.631370854823,11.779130056251
16.469319045491,30.884739821941,60.000000000000
23.277638274893,10.860205148997,12.082100712643
59.207207581924,22.139649012531,26.051815085880
3.019073605533,24.714461593066,51.935013677134
60.000000000000,60.000000000000,60.000000000000
0.000000000000,60.000000000000,60.000000000000
60.000000000000,60.000000000000,60.000000000000
60.000000000000,56.509774396459,6.426370507065
30.812315803191,17.292814775577,40.205470480234
55.373021527367,43.473593187977,11.831880648652
60.000000000000,60.000000000000,60.000000000000
27.080280234714,58.561109439022,9.977969354371
60.000000000000,60.000000000000,60.000000000000
58.269855953241,52.319193161630,30.101340652293
34.887315230238,49.292663150537,15.503015101835
57.346472058023,3.831152818432,17.418020788257
60.000000000000,60.000000000000,60.000000000000
55.345640461077,43.707956267980,18.151814475836
28.755957990893,46.307837430371,60.000000000000
60.000000000000,60.000000000000,60.000000000000
40.432524921181,34.422767816206,25.065707367126
52.180181820358,9.087508879183,40.810242568030
60.000000000000,60.000000000000,60.000000000000
18.361123823069,2.713808568274,58.968866332066
53.273727430184,34.911802139696,48.006743099528
52.764587712793,9.678616990594,13.369336056305
59.635688032897,19.211986761344,44.392174299174
5.890860340828,40.402268151646,39.275959901155
55.010097356399,28.236612910105,27.284664922857
53.596445381228,17.154333666697,21.833706339934
60.000000000000,60.000000000000,60.000000000000
40.558906393945,28.912169611368,21.094954058564
50.280960667508,27.145380282676,3.206809493301
51.087162323696,8.442763319088,18.017916258168
60.000000000000,60.000000000000,60.000000000000
60.000000000000,60.000000000000,25.657661361581
46.702486397689,19.363847205586,53.826327075291
58.493688493344,32.853718485377,13.877934410113
57.999677270763,30.767946889950,38.174320970100
60.000000000000,60.000000000000,60.000000000000
54.908410885968,30.158385621160,39.409655435393
59.160014268538,19.789536014620,20.678005117578
60.000000000000,60.000000000000,60.000000000000
59.207382275496,50.402203196536,26.129257385156
60.000000000000,60.000000000000,60.000000000000
60.000000000000,60.000000000000,60.000000000000
60.000000000000,60.000000000000,60.000000000000
57.810587386930,51.025336751889,13.558526638838
60.000000000000,60.000000000000,60.000000000000
1.683054058939,20.599931001333,18.147125559404
60.000000000000,60.000000000000,60.000000000000
60.000000000000,60.000000000000,60.000000000000
53.539262992017,22.540768087621,22.799289577530
60.000000000000,53.319688293297,44.422345521029
60.000000000000,60.000000000000,60.000000000000
52.320440643583,15.288731879459,14.747154062842
60.000000000000,60.000000000000,60.000000000000
60.000000000000,60.000000000000,60.000000000000
60.000000000000,60.000000000000,60.000000000000
52.212523128945,51.845115296090,26.454493992607
60.000000000000,60.000000000000,60.000000000000
60.000000000000,0.771615375522,18.918575320902
60.000000000000,60.000000000000,60.000000000000
59.028454658613,43.305631342689,18.431062429418
6.392492352122,60.000000000000,60.000000000000
34.644908656002,45.211947995668,15.077497385404
60.000000000000,60.000000000000,60.000000000000
60.000000000000,60.000000000000,60.000000000000
56.854534908555,35.406171785756,42.827443929344
12.615347792651,47.703232864967,25.423251671019
60.000000000000,60.000000000000,60.000000000000
47.868104202779,26.760613627321,30.885330779085
60.000000000000,60.000000000000,60.000000000000
60.000000000000,9.260436843536,0.000000000000
60.000000000000,60.000000000000,60.000000000000
50.849630145770,20.902011710101,20.137841630654
60.000000000000,60.000000000000,60.000000000000
52.903482829685,41.945945875408,38.350517341964
60.000000000000,45.680358355816,56.904819187925
53.119751260916,27.648734099236,11.343126135342
60.000000000000,60.000000000000,60.000000000000
60.000000000000,60.000000000000,60.000000000000
60.000000000000,60.000000000000,60.000000000000
60.000000000000,51.689402270488,58.293548720892
48.900902573250,0.000000000000,24.176579006942
1.529968921448,27.256357325769,23.766807744329
60.000000000000,60.000000000000,60.000000000000
54.606896722225,17.009306900896,57.899546732030
60.000000000000,60.000000000000,60.000000000000
47.603093859074,56.685317001829,36.235309074875
60.000000000000,60.000000000000,60.000000000000
41.277024110445,12.377581712249,41.401081415356
60.000000000000,60.000000000000,60.000000000000
45.588300153490,19.002571463871,20.184598954160
60.000000000000,60.000000000000,60.000000000000
52.697479924817,42.011218156074,22.270328211373
55.397087908692,34.349438063192,32.363321558137
60.000000000000,34.674894934493,60.000000000000
60.000000000000,60.000000000000,60.000000000000
