x,y,z
42.244974761513,54.580259316311,50.240602964141
46.874340743638,51.392370546549,46.933422658912
3.981400572286,21.402181464671,53.384396351945
0.214631813511,7.247094308563,41.954086756789
9.006730162134,17.102747126221,26.185721908763
60.000000000000,0.000000000000,60.000000000000
4.726763839090,4.047391622812,25.060819178930
60.000000000000,0.000000000000,60.000000000000
5.053472930093,57.571508423101,52.507830197364
60.000000000000,0.000000000000,60.000000000000
10.712796688563,25.460140769838,56.874601540572
60.000000000000,0.000000000000,60.000000000000
60.000000000000,60.000000000000,60.000000000000
60.000000000000,60.000000000000,60.000000000000
3.877202153524,15.662961001540,18.575631467936
1.667931984250,21.854416821856,29.957316533652
0.881977379103,3.659312684486,48.472090709876
2.506233711671,33.769652182453,38.794515083489
4.028456901357,42.197336272372,25.350562185795
18.039274596980,40.286908149998,18.087914495491
41.959669996028,3.237350422896,20.800690928241
37.437290800786,31.044143902025,21.938680418185
60.000000000000,60.000000000000,60.000000000000
60.000000000000,0.000000000000,60.000000000000
8.446555461667,34.540062141819,52.008451234888
5.586179695050,38.578462978460,35.698313523300
60.000000000000,0.000000000000,60.000000000000
60.000000000000,0.000000000000,60.000000000000
10.461908820165,1.688938141645,30.130708731702
60.000000000000,60.000000000000,60.000000000000
0.196439382675,46.148489076119,43.396680322715
60.000000000000,60.000000000000,60.000000000000
6.394362924720,4.240107186055,3.278346513439
9.499231396087,36.463775852440,28.143943846059
57.490599203618,6.402253821376,38.484925554557
60.000000000000,60.000000000000,60.000000000000
45.565126387422,45.108864436888,45.408401673344
17.336493653481,45.091938332015,19.166575470660
4.174267285528,8.959999122670,42.922848475263
6.358675537643,8.678156257314,12.036758192623
60.000000000000,0.000000000000,60.000000000000
60.000000000000,29.463962828897,30.511180654263
7.337073775228,5.222362551399,51.545639514353
13.575267490175,60.000000000000,56.189937423724
23.832656963888,14.258235972440,10.867432924316
60.000000000000,60.000000000000,60.000000000000
5.687360445954,26.896523191452,25.690126254257
0.000000000000,60.000000000000,10.406455186715
60.000000000000,0.000000000000,60.000000000000
6.465464867118,34.375615899464,39.752878296862
9.554588073162,25.246971401941,24.865233348739
60.000000000000,60.000000000000,60.000000000000
60.000000000000,60.000000000000,60.000000000000
60.000000000000,60.000000000000,60.000000000000
60.000000000000,0.000000000000,60.000000000000
60.000000000000,0.000000000000,60.000000000000
60.000000000000,60.000000000000,60.000000000000
5.923451171060,33.840900335751,30.829942297091
0.480851048728,20.341548025320,25.479502165604
45.504118348795,60.000000000000,46.605594197032
60.000000000000,60.000000000000,60.000000000000
60.000000000000,60.000000000000,60.000000000000
7.177867149313,18.256969818188,6.643413327478
55.496385531674,11.120826752942,37.683142689320
60.000000000000,60.000000000000,60.000000000000
22.200483512443,19.958526007075,37.013422057832
1.753628913481,18.483773459024,12.637382998941
60.000000000000,0.000000000000,60.000000000000
4.956848899969,51.492159837776,11.895273306533
60.000000000000,60.000000000000,60.000000000000
5.505908583219,14.121455477880,6.823520168683
60.000000000000,60.000000000000,60.000000000000
3.248299408097,33.332197156213,4.721305164014
60.000000000000,30.515688329716,36.604600138970
60.000000000000,49.319440082049,34.301829387102
60.000000000000,60.000000000000,60.000000000000
60.000000000000,60.000000000000,60.000000000000
60.000000000000,60.000000000000,60.000000000000
60.000000000000,0.000000000000,60.000000000000
60.000000000000,0.000000000000,60.000000000000
28.623374473022,35.573271944493,53.862441567939
60.000000000000,0.000000000000,60.000000000000
60.000000000000,60.000000000000,60.000000000000
1.803746102022,32.552103559291,25.250447352727
60.000000000000,60.000000000000,60.000000000000
60.000000000000,60.000000000000,60.000000000000
60.000000000000,60.000000000000,60.000000000000
9.070658787929,30.791973324390,37.541105072990
34.051206806585,11.949382866351,12.248473862904
60.000000000000,60.000000000000,0.000000000000
36.713883711305,35.585015357538,19.386467151786
23.018738145070,39.087774538976,24.428841201489
2.434967148876,41.649928654720,50.419545316527
60.000000000000,60.000000000000,60.000000000000
50.266142548645,1.418085361460,54.304422637595
60.000000000000,60.000000000000,60.000000000000
6.960671041317,26.049073463388,45.060314363137
34.088666342011,2.240722469866,7.866112352923
60.000000000000,60.000000000000,60.000000000000
7.476356289147,19.445544764609,60.000000000000
5.548432824273,46.208032363757,40.256769306547
60.000000000000,60.000000000000,60.000000000000
60.000000000000,60.000000000000,60.000000000000
60.000000000000,60.000000000000,60.000000000000
60.000000000000,60.000000000000,60.000000000000
60.000000000000,60.000000000000,60.000000000000
60.000000000000,60.000000000000,60.000000000000
60.000000000000,60.000000000000,60.000000000000
60.000000000000,0.000000000000,60.000000000000
60.000000000000,60.000000000000,60.000000000000
60.000000000000,60.000000000000,60.000000000000
60.000000000000,60.000000000000,60.000000000000
43.529219265221,16.744469734386,1.994841073715
60.000000000000,60.000000000000,60.000000000000
3.482778513635,42.280056998886,46.926478193739
60.000000000000,60.000000000000,60.000000000000
12.102757059772,15.691739864460,60.000000000000
60.000000000000,60.000000000000,60.000000000000
30.820115365739,23.318563616208,29.087376633996
60.000000000000,60.000000000000,60.000000000000
60.000000000000,60.000000000000,60.000000000000
60.000000000000,60.000000000000,60.000000000000
60.000000000000,3.799151322638,51.053730694905
1.687418441943,42.575254787399,42.366015496625
60.000000000000,60.000000000000,60.000000000000
60.000000000000,60.000000000000,60.000000000000
60.000000000000,60.000000000000,60.000000000000
60.000000000000,60.000000000000,60.000000000000
22.279277965469,53.865557707461,7.386652073298
60.000000000000,60.000000000000,60.000000000000
50.497409416481,60.000000000000,52.877720360553
60.000000000000,60.000000000000,60.000000000000
60.000000000000,60.000000000000,60.000000000000
60.000000000000,60.000000000000,60.000000000000
0.846668400427,8.610442912962,26.544417771868
60.000000000000,60.000000000000,60.000000000000
3.701815818773,36.449224060280,10.858697866503
60.000000000000,60.000000000000,60.000000000000
60.000000000000,60.000000000000,60.000000000000
60.000000000000,60.000000000000,60.000000000000
48.567059497427,10.857988877899,17.597741910105
11.310501074813,20.427939296063,16.768962942529
60.000000000000,60.000000000000,60.000000000000
60.000000000000,60.000000000000,60.000000000000
60.000000000000,60.000000000000,60.000000000000
60.000000000000,0.000000000000,60.000000000000
9.087855358398,28.880159514228,40.492840915221
60.000000000000,60.000000000000,60.000000000000
2.679016126190,4.012762745238,43.886328333178
27.895579297814,30.823097590885,30.564535763285
6.075673801552,35.379389186738,3.536441579028
60.000000000000,60.000000000000,60.000000000000
60.000000000000,60.000000000000,60.000000000000
7.091158827768,10.480536397779,38.893203507044
60.000000000000,60.000000000000,60.000000000000
60.000000000000,60.000000000000,60.000000000000
60.000000000000,60.000000000000,60.000000000000
60.000000000000,60.000000000000,60.000000000000
60.000000000000,60.000000000000,60.000000000000
60.000000000000,60.000000000000,60.000000000000
41.573258059963,30.702885147796,8.443395684381
60.000000000000,60.000000000000,60.000000000000
60.000000000000,60.000000000000,60.000000000000
60.000000000000,60.000000000000,60.000000000000
60.000000000000,60.000000000000,60.000000000000
3.188239839373,28.417229190695,35.287179703393
34.929309240199,17.739384812284,59.448377173080
60.000000000000,60.000000000000,60.000000000000
3.947732197579,45.287585532025,19.511331379562
60.000000000000,60.000000000000,60.000000000000
60.000000000000,60.000000000000,60.000000000000
60.000000000000,60.000000000000,60.000000000000
7.278470091113,55.421084636969,23.187969316805
60.000000000000,60.000000000000,60.000000000000
60.000000000000,60.000000000000,60.000000000000
60.000000000000,60.000000000000,60.000000000000
60.000000000000,60.000000000000,60.000000000000
60.000000000000,60.000000000000,60.000000000000
11.411776423118,9.821385809972,37.573195068646
60.000000000000,60.000000000000,60.000000000000
8.825105478449,17.196844280009,24.387171231618
14.069692769590,59.767204403392,44.175159578154
60.000000000000,23.526471043401,1.143036549959
60.000000000000,60.000000000000,60.000000000000
58.079213606733,29.572343180809,60.000000000000
60.000000000000,60.000000000000,60.000000000000
60.000000000000,60.000000000000,60.000000000000
60.000000000000,60.000000000000,60.000000000000
7.883999734257,14.098948980189,50.275851368271
60.000000000000,60.000000000000,60.000000000000
60.000000000000,60.000000000000,60.000000000000
60.000000000000,60.000000000000,60.000000000000
8.464619227782,1.138625401598,51.674284127013
60.000000000000,60.000000000000,60.000000000000
60.000000000000,60.000000000000,60.000000000000
60.000000000000,60.000000000000,0.000000000000
60.000000000000,60.000000000000,60.000000000000
60.000000000000,60.000000000000,60.000000000000
60.000000000000,60.000000000000,60.000000000000
60.000000000000,60.000000000000,60.000000000000
60.000000000000,60.000000000000,60.000000000000
16.972867534622,55.817836561522,7.605723303037
2.143209762001,13.885476214623,49.800706128718
60.000000000000,60.000000000000,60.000000000000
60.000000000000,60.000000000000,0.000000000000
60.000000000000,60.000000000000,60.000000000000
60.000000000000,60.000000000000,19.673852806551
60.000000000000,60.000000000000,60.000000000000
4.146288767740,30.041122629828,14.978237911194
48.390349824879,50.971252600760,10.537179432757
60.000000000000,60.000000000000,48.155001616088
60.000000000000,60.000000000000,60.000000000000
60.000000000000,60.000000000000,60.000000000000
60.000000000000,60.000000000000,60.000000000000
5.979774466879,28.963147086966,43.023472642972
60.000000000000,60.000000000000,60.000000000000
7.992045267715,4.608079010440,10.173088925245
60.000000000000,60.000000000000,60.000000000000
3.744496101402,51.100497919726,22.935792153709
60.000000000000,60.000000000000,60.000000000000
60.000000000000,60.000000000000,60.000000000000
60.000000000000,60.000000000000,60.000000000000
4.562306764453,23.308292001135,55.152259245345
60.000000000000,60.000000000000,60.000000000000
7.221833003321,45.703420621463,11.188834256579
60.000000000000,60.000000000000,60.000000000000
8.546549501734,42.884093021343,34.650216546706
2.851303415877,60.000000000000,43.704098038622
3.295854876521,56.973444137663,0.777478027814
60.000000000000,60.000000000000,60.000000000000
60.000000000000,60.000000000000,60.000000000000
60.000000000000,60.000000000000,60.000000000000
60.000000000000,60.000000000000,60.000000000000
23.513870302028,15.771559563073,18.372519397938
2.306511084632,1.129339250293,19.105274087297
60.000000000000,60.000000000000,60.000000000000
60.000000000000,60.000000000000,60.000000000000
1.586820452444,34.594123311767,26.110249468092
60.000000000000,20.870601204367,0.000000000000
55.197868628708,60.000000000000,8.827760817663
60.000000000000,60.000000000000,60.000000000000
60.000000000000,0.000000000000,60.000000000000
0.922642703373,60.000000000000,37.579182272583
60.000000000000,60.000000000000,60.000000000000
16.441777176601,25.996617214940,17.206297805266
60.000000000000,60.000000000000,60.000000000000
60.000000000000,60.000000000000,60.000000000000
60.000000000000,60.000000000000,60.000000000000
44.314534538695,14.140159692645,16.126684950484
60.000000000000,60.000000000000,60.000000000000
1.810147170761,48.133405854521,34.324770780591
60.000000000000,60.000000000000,60.000000000000
60.000000000000,60.000000000000,60.000000000000
60.000000000000,60.000000000000,60.000000000000
17.578560117068,46.973467778779,60.000000000000
60.000000000000,60.000000000000,60.000000000000
1.099309487718,7.395457028686,34.412714807956
60.000000000000,60.000000000000,60.000000000000
60.000000000000,60.000000000000,60.000000000000
60.000000000000,60.000000000000,60.000000000000
5.539002748365,46.001026627368,60.000000000000
60.000000000000,0.000000000000,60.000000000000
60.000000000000,60.000000000000,60.000000000000
60.000000000000,60.000000000000,60.000000000000
39.421893794301,12.086815444152,42.636746295465
60.000000000000,60.000000000000,60.000000000000
52.667989604896,22.595699820400,20.807780778052
60.000000000000,60.000000000000,60.000000000000
60.000000000000,60.000000000000,60.000000000000
60.000000000000,60.000000000000,60.000000000000
60.000000000000,30.087366933299,60.000000000000
60.000000000000,60.000000000000,60.000000000000
51.163262028426,13.817765886385,59.464067167327
60.000000000000,0.000000000000,60.000000000000
60.000000000000,60.000000000000,60.000000000000
60.000000000000,60.000000000000,60.000000000000
4.962653407998,27.275867287139,30.071528537059
60.000000000000,60.000000000000,60.000000000000
60.000000000000,60.000000000000,60.000000000000
60.000000000000,60.000000000000,60.000000000000
7.044473671851,7.317997496158,18.948460318227
60.000000000000,60.000000000000,60.000000000000
60.000000000000,60.000000000000,60.000000000000
60.000000000000,60.000000000000,60.000000000000
60.000000000000,60.000000000000,60.000000000000
21.953724935276,60.000000000000,60.000000000000
60.000000000000,60.000000000000,60.000000000000
60.000000000000,60.000000000000,0.000000000000
39.518503669468,50.082526694742,43.182713679139
60.000000000000,60.000000000000,60.000000000000
60.000000000000,60.000000000000,60.000000000000
60.000000000000,60.000000000000,60.000000000000
60.000000000000,60.000000000000,60.000000000000
60.000000000000,60.000000000000,60.000000000000
25.425826175712,42.235683440684,5.263932775493
60.000000000000,60.000000000000,60.000000000000
5.980845321626,60.000000000000,15.002940631617
2.473822546050,31.470269247655,34.789777721749
60.000000000000,0.000000000000,60.000000000000
60.000000000000,60.000000000000,60.000000000000
52.787724279097,22.219470967292,36.108147123048
44.751972452345,57.566016955455,40.396908405874
15.381143044954,3.742935352654,52.784148577028
60.000000000000,60.000000000000,60.000000000000
60.000000000000,60.000000000000,60.000000000000
60.000000000000,0.000000000000,60.000000000000
9.331177510058,44.989789709014,46.887542046368
60.000000000000,0.000000000000,60.000000000000
15.684649728928,34.881567249785,2.614124650628
9.819530855181,33.759100782930,27.129312271382
14.435288288305,7.657980139561,29.403098924352
10.079426307005,29.203354629977,38.313010131874
14.655549434189,23.439014967463,0.959809689324
60.000000000000,0.000000000000,60.000000000000
9.828014451433,46.127252499398,50.791532060882
60.000000000000,60.000000000000,60.000000000000
17.318689533657,21.901657883109,49.811505909191
15.278134891331,48.585182544891,53.348125620963
10.333708969186,17.976819495150,42.048234454129
12.287225767326,35.841137830701,20.158377719325
10.249839501337,42.933648403478,49.583704334933
60.000000000000,0.000000000000,60.000000000000
33.876003243550,60.000000000000,40.780677095299
60.000000000000,60.000000000000,60.000000000000
40.507516785713,21.228697377926,12.985999732499
9.862412188499,32.166675450754,30.366204758823
1.760645198142,60.000000000000,57.004618964586
8.331977265461,60.000000000000,40.989721654190
13.192715858218,16.310793556303,3.968977993483
60.000000000000,60.000000000000,60.000000000000
15.981022865961,24.562289107204,12.655000284525
16.562858866604,34.945018679125,34.439943937480
44.533026961748,0.728188287797,12.111066673351
16.933000188929,42.249730296838,28.567137212920
60.000000000000,60.000000000000,0.000000000000
60.000000000000,60.000000000000,60.000000000000
13.048686647553,26.173099423977,5.801143877809
46.274342734459,12.228593808606,20.065895533314
16.049851589550,51.966492821176,1.184213389464
13.439697356453,30.078716059049,40.187665925716
60.000000000000,0.000000000000,60.000000000000
8.413371404345,31.055323502819,21.806726561540
60.000000000000,0.000000000000,60.000000000000
16.265707159195,14.396946669684,13.185537224617
60.000000000000,60.000000000000,60.000000000000
60.000000000000,0.000000000000,60.000000000000
16.081117161061,12.441234802657,53.648292576801
43.651707904527,18.166445682396,10.748480300645
60.000000000000,0.000000000000,60.000000000000
53.588040157734,21.514499572700,55.795827649455
60.000000000000,60.000000000000,60.000000000000
60.000000000000,60.000000000000,60.000000000000
39.174992427862,8.207746815235,41.579328509546
14.971495258840,41.949879955746,19.843494036579
60.000000000000,0.000000000000,60.000000000000
60.000000000000,60.000000000000,60.000000000000
60.000000000000,60.000000000000,60.000000000000
21.180094140926,44.520043061446,38.575514514051
20.051433436663,3.365108298209,12.567890456281
60.000000000000,60.000000000000,60.000000000000
8.441652112783,4.699442499334,19.382019769601
60.000000000000,0.000000000000,60.000000000000
60.000000000000,60.000000000000,0.000000000000
60.000000000000,0.000000000000,60.000000000000
60.000000000000,60.000000000000,60.000000000000
60.000000000000,0.000000000000,60.000000000000
9.793192624705,17.999386980992,53.548433682767
60.000000000000,0.000000000000,60.000000000000
6.279259911183,41.623617201084,54.758429332993
33.997822280883,39.624347587657,26.878083975556
24.693220356411,54.562065954245,35.312883077762
60.000000000000,0.000000000000,60.000000000000
50.643891280010,27.391951148703,34.405695049960
60.000000000000,0.000000000000,60.000000000000
10.076087106044,29.899970303990,17.702117847783
60.000000000000,0.000000000000,60.000000000000
6.769811376456,0.605213350171,48.623621228540
60.000000000000,60.000000000000,60.000000000000
60.000000000000,0.000000000000,60.000000000000
60.000000000000,0.000000000000,60.000000000000
17.407420092117,43.277897949801,50.942934040269
60.000000000000,0.000000000000,60.000000000000
60.000000000000,60.000000000000,60.000000000000
17.462447772479,29.068659837112,29.748203191399
12.267619316968,38.465545245829,20.281837815582
60.000000000000,10.060425853829,19.351886158954
60.000000000000,60.000000000000,60.000000000000
12.777007851430,26.963123366185,22.243117460530
34.919537941221,25.999058222977,34.586095694094
26.070866136067,24.455261722559,57.191314005480
60.000000000000,12.123683811519,35.764874108979
19.685703153643,48.182520416514,13.152490691973
60.000000000000,60.000000000000,60.000000000000
60.000000000000,60.000000000000,60.000000000000
11.779711094552,30.730800634328,42.129320036116
60.000000000000,0.000000000000,60.000000000000
15.314082985750,36.977597890389,14.997567181297
30.711651164717,39.475940493746,9.780688462047
60.000000000000,0.000000000000,60.000000000000
35.572700434939,35.063544574710,16.716972137191
46.811452841524,21.477038373090,37.305048454757
60.000000000000,60.000000000000,60.000000000000
60.000000000000,0.000000000000,60.000000000000
60.000000000000,0.000000000000,60.000000000000
60.000000000000,60.000000000000,60.000000000000
60.000000000000,0.000000000000,60.000000000000
60.000000000000,60.000000000000,60.000000000000
60.000000000000,0.000000000000,60.000000000000
37.761417878601,60.000000000000,17.940166228329
60.000000000000,60.000000000000,0.000000000000
1.308375678291,49.176910516318,19.384168252679
60.000000000000,0.000000000000,60.000000000000
10.307420847542,3.366609380440,8.666914111679
60.000000000000,36.052622020471,52.585047442181
60.000000000000,60.000000000000,60.000000000000
60.000000000000,60.000000000000,60.000000000000
60.000000000000,60.000000000000,60.000000000000
60.000000000000,0.000000000000,60.000000000000
60.000000000000,60.000000000000,60.000000000000
60.000000000000,0.000000000000,60.000000000000
6.468178256574,32.928848050273,48.594138516699
60.000000000000,0.000000000000,60.000000000000
15.949873782328,2.527802602965,54.571264338850
60.000000000000,60.000000000000,60.000000000000
45.760799075199,18.646297642142,49.372290960516
0.006614842717,10.672380112419,27.382720841484
3.224868854970,21.870129314438,55.647634179975
60.000000000000,0.000000000000,60.000000000000
60.000000000000,15.834369628268,16.318024914556
60.000000000000,60.000000000000,60.000000000000
60.000000000000,60.000000000000,60.000000000000
60.000000000000,60.000000000000,60.000000000000
60.000000000000,0.000000000000,60.000000000000
60.000000000000,0.000000000000,60.000000000000
12.178311457440,21.879531301802,43.202904616435
60.000000000000,60.000000000000,60.000000000000
16.395674737486,54.316881189085,8.170021096874
60.000000000000,0.000000000000,60.000000000000
13.049743655683,13.709301895065,51.840197235860
60.000000000000,0.000000000000,60.000000000000
48.378259530247,37.150209840734,40.226132288776
31.961337072068,25.010825731046,29.221056053147
60.000000000000,0.000000000000,60.000000000000
29.419071438293,27.762181822407,24.798090405387
60.000000000000,60.000000000000,60.000000000000
19.482327057305,60.000000000000,35.712695689808
8.887190415810,28.467106640379,44.573557653974
60.000000000000,0.000000000000,60.000000000000
2.041497671174,54.914710192019,19.421658163667
60.000000000000,60.000000000000,60.000000000000
3.755928689537,29.299658251106,45.642577514603
60.000000000000,0.000000000000,60.000000000000
60.000000000000,60.000000000000,60.000000000000
48.019993907675,60.000000000000,28.784878870111
60.000000000000,0.000000000000,60.000000000000
60.000000000000,0.000000000000,60.000000000000
60.000000000000,60.000000000000,60.000000000000
60.000000000000,0.000000000000,60.000000000000
60.000000000000,60.000000000000,60.000000000000
60.000000000000,60.000000000000,60.000000000000
11.276171436183,53.270591390897,28.390978040468
12.604737948080,28.237177975234,60.000000000000
60.000000000000,60.000000000000,60.000000000000
60.000000000000,0.000000000000,60.000000000000
53.629657000249,18.993061532423,36.094151422705
60.000000000000,60.000000000000,60.000000000000
24.706584232338,41.724316613575,18.272329093581
60.000000000000,0.000000000000,60.000000000000
14.410877939835,55.793726265772,51.326223974472
60.000000000000,0.000000000000,60.000000000000
60.000000000000,0.000000000000,60.000000000000
60.000000000000,0.000000000000,60.000000000000
22.052584996245,57.872429675773,31.946778740203
60.000000000000,60.000000000000,60.000000000000
0.000000000000,0.000000000000,60.000000000000
60.000000000000,0.000000000000,60.000000000000
60.000000000000,60.000000000000,60.000000000000
27.654997488462,19.100800658134,43.844564510333
60.000000000000,60.000000000000,60.000000000000
54.205241201293,11.876827917400,33.656792616093
60.000000000000,60.000000000000,60.000000000000
60.000000000000,60.000000000000,60.000000000000
16.829731933980,31.642708269687,1.436285123968
60.000000000000,0.000000000000,60.000000000000
14.433925614275,9.404536292389,30.838981141689
60.000000000000,0.000000000000,60.000000000000
60.000000000000,0.000000000000,60.000000000000
60.000000000000,60.000000000000,60.000000000000
12.170656928527,43.649072099479,40.122701456688
60.000000000000,60.000000000000,60.000000000000
60.000000000000,0.000000000000,60.000000000000
60.000000000000,0.000000000000,60.000000000000
7.482413102734,56.309119512205,42.920006697141
60.000000000000,0.000000000000,60.000000000000
60.000000000000,60.000000000000,60.000000000000
60.000000000000,0.000000000000,60.000000000000
58.695096807072,60.000000000000,33.318942731215
60.000000000000,29.003353951321,30.041845763085
60.000000000000,0.000000000000,60.000000000000
60.000000000000,60.000000000000,0.000000000000
60.000000000000,0.000000000000,60.000000000000
21.831444305368,11.933397507990,31.609107941840
18.303738539284,26.059088604003,37.507636719153
60.000000000000,0.000000000000,60.000000000000
60.000000000000,0.000000000000,60.000000000000
60.000000000000,0.000000000000,60.000000000000
60.000000000000,60.000000000000,60.000000000000
60.000000000000,0.000000000000,60.000000000000
14.826731786888,16.452480384725,57.992689886933
60.000000000000,60.000000000000,60.000000000000
13.322833536292,37.211592652931,31.590938758448
0.000000000000,0.000000000000,60.000000000000
60.000000000000,0.000000000000,60.000000000000
60.000000000000,60.000000000000,60.000000000000
60.000000000000,60.000000000000,60.000000000000
60.000000000000,60.000000000000,60.000000000000
11.499335376880,34.422761772900,11.316984559244
60.000000000000,0.000000000000,60.000000000000
60.000000000000,60.000000000000,60.000000000000
60.000000000000,0.000000000000,60.000000000000
60.000000000000,0.000000000000,60.000000000000
60.000000000000,60.000000000000,60.000000000000
11.889566916496,50.955375284023,3.694796804731
60.000000000000,0.000000000000,60.000000000000
15.501560868983,29.601390292561,7.089370713660
60.000000000000,0.000000000000,60.000000000000
3.747605189417,39.407757446265,16.646414511842
33.298754335825,34.539241922834,40.415082822703
14.418946648205,19.572424349078,49.522986470311
52.028301148561,60.000000000000,30.468686301366
60.000000000000,38.595253872386,38.544695355764
60.000000000000,60.000000000000,60.000000000000
60.000000000000,0.000000000000,60.000000000000
60.000000000000,7.184252989633,11.681166402452
11.553406740317,44.240282304440,29.746747014995
60.000000000000,0.000000000000,60.000000000000
60.000000000000,60.000000000000,60.000000000000
60.000000000000,60.000000000000,60.000000000000
60.000000000000,60.000000000000,60.000000000000
18.015120707548,39.169703299948,37.785329423708
60.000000000000,0.000000000000,60.000000000000
60.000000000000,60.000000000000,60.000000000000
25.991184737640,4.806492170715,4.972271373579
60.000000000000,60.000000000000,60.000000000000
8.217358992496,60.000000000000,60.000000000000
60.000000000000,0.000000000000,60.000000000000
60.000000000000,0.000000000000,60.000000000000
60.000000000000,0.000000000000,60.000000000000
60.000000000000,60.000000000000,60.000000000000
60.000000000000,60.000000000000,60.000000000000
45.720990099550,30.500697436201,7.268624573144
60.000000000000,0.000000000000,60.000000000000
60.000000000000,0.000000000000,60.000000000000
60.000000000000,60.000000000000,60.000000000000
9.561987536596,50.236447238385,37.548055925174
60.000000000000,0.000000000000,60.000000000000
29.214908646209,54.506370460827,16.893572484491
0.000000000000,0.000000000000,60.000000000000
60.000000000000,60.000000000000,60.000000000000
60.000000000000,60.000000000000,60.000000000000
16.972913131303,20.759203298652,1.943585160847
60.000000000000,60.000000000000,60.000000000000
60.000000000000,60.000000000000,60.000000000000
60.000000000000,0.000000000000,60.000000000000
13.516175595649,47.741435154702,32.358166257738
60.000000000000,60.000000000000,60.000000000000
60.000000000000,60.000000000000,60.000000000000
60.000000000000,0.000000000000,60.000000000000
60.000000000000,60.000000000000,60.000000000000
60.000000000000,41.640510624470,5.277335219196
60.000000000000,60.000000000000,60.000000000000
60.000000000000,0.000000000000,60.000000000000
60.000000000000,60.000000000000,60.000000000000
60.000000000000,60.000000000000,60.000000000000
60.000000000000,0.000000000000,60.000000000000
60.000000000000,0.000000000000,60.000000000000
60.000000000000,60.000000000000,60.000000000000
60.000000000000,0.000000000000,60.000000000000
60.000000000000,0.000000000000,60.000000000000
60.000000000000,60.000000000000,60.000000000000
47.949785805547,60.000000000000,25.719734113890
60.000000000000,0.000000000000,60.000000000000
60.000000000000,60.000000000000,60.000000000000
60.000000000000,60.000000000000,60.000000000000
60.000000000000,0.000000000000,60.000000000000
60.000000000000,37.676036173560,22.516155098305
60.000000000000,0.000000000000,60.000000000000
59.334990380352,11.433267241158,60.000000000000
13.087707993154,13.921189235479,23.096687684284
60.000000000000,0.000000000000,60.000000000000
60.000000000000,60.000000000000,60.000000000000
60.000000000000,0.000000000000,60.000000000000
60.000000000000,60.000000000000,60.000000000000
60.000000000000,0.000000000000,0.000000000000
18.653942476952,38.264783579575,60.000000000000
60.000000000000,0.000000000000,60.000000000000
3.573470747225,31.543378578640,48.247068924590
14.889051833635,34.890893196324,9.367129553121
60.000000000000,60.000000000000,60.000000000000
60.000000000000,0.000000000000,60.000000000000
12.286169640188,6.981170830777,2.292294676656
60.000000000000,60.000000000000,60.000000000000
4.926814827692,28.537128253707,54.850427326594
0.000000000000,46.113647925781,60.000000000000
34.993624427209,12.332231532345,18.052244958176
60.000000000000,60.000000000000,60.000000000000
30.783429324450,14.518263739594,54.149849674923
60.000000000000,60.000000000000,60.000000000000
8.341292687258,54.179055175788,34.637485056587
60.000000000000,60.000000000000,60.000000000000
43.044181835135,2.074709117667,55.373062770707
18.873742979347,37.198009601502,38.004565114123
57.018646260646,31.998558023322,4.363383726804
48.971899744119,21.605307746247,19.172291716282
52.035884275558,14.388140395859,36.606667921500
0.493916076100,4.661506568713,43.501719016324
17.489496223636,30.875411173889,55.156397929224
60.000000000000,60.000000000000,60.000000000000
60.000000000000,60.000000000000,60.000000000000
60.000000000000,60.000000000000,60.000000000000
60.000000000000,60.000000000000,60.000000000000
5.431759187822,38.015241177661,41.063853451952
60.000000000000,60.000000000000,60.000000000000
0.000000000000,60.000000000000,60.000000000000
0.898257035862,33.699593593454,7.506343355556
29.539291683716,12.501643456383,47.799998203446
60.000000000000,60.000000000000,60.000000000000
14.552727619543,31.088990989725,33.934588097621
20.019516065286,25.742855665854,47.340220952362
60.000000000000,60.000000000000,60.000000000000
19.080333936630,26.147271518131,52.331730244497
30.520811197320,37.094625487231,25.620969321596
18.268462843959,54.924126010301,47.505841815374
3.389214098572,59.514219614138,4.401043159244
23.326106234936,7.066600919736,49.096330539845
60.000000000000,60.000000000000,60.000000000000
22.171763817954,44.054964298353,21.668273688532
60.000000000000,60.000000000000,60.000000000000
60.000000000000,60.000000000000,60.000000000000
31.266487405616,19.297034429890,0.998293255279
40.632126906008,21.390399302825,15.757631133442
60.000000000000,60.000000000000,60.000000000000
60.000000000000,60.000000000000,60.000000000000
6.877930304735,46.389165391775,22.695445591194
48.191350425512,50.059341922116,40.561216631350
0.000000000000,60.000000000000,60.000000000000
60.000000000000,60.000000000000,60.000000000000
22.730322498970,30.568400874138,35.152853193980
8.152250516540,38.152154486708,43.809757613594
13.716561143697,51.488827258848,10.940921532737
47.234376733721,35.811163047397,8.210917548123
60.000000000000,60.000000000000,60.000000000000
30.616325136790,52.670529335211,32.614459178444
30.587684917290,18.303298100069,58.511748568616
60.000000000000,60.000000000000,60.000000000000
60.000000000000,60.000000000000,60.000000000000
19.795862479087,51.196322434680,20.081906207062
60.000000000000,60.000000000000,60.000000000000
60.000000000000,60.000000000000,60.000000000000
49.669244003010,17.759691591465,13.406246669116
22.367629680262,55.767083088341,54.138649559337
60.000000000000,60.000000000000,60.000000000000
60.000000000000,60.000000000000,60.000000000000
60.000000000000,60.000000000000,60.000000000000
20.425749638632,21.571711305613,45.625250012282
60.000000000000,60.000000000000,60.000000000000
60.000000000000,60.000000000000,60.000000000000
60.000000000000,60.000000000000,60.000000000000
60.000000000000,55.852541125437,10.011634460549
20.721254300701,36.195855030362,35.020000119235
60.000000000000,60.000000000000,60.000000000000
60.000000000000,60.000000000000,60.000000000000
0.000000000000,60.000000000000,60.000000000000
60.000000000000,60.000000000000,60.000000000000
60.000000000000,60.000000000000,60.000000000000
60.000000000000,60.000000000000,60.000000000000
60.000000000000,60.000000000000,60.000000000000
60.000000000000,60.000000000000,60.000000000000
60.000000000000,60.000000000000,60.000000000000
60.000000000000,60.000000000000,60.000000000000
21.975309106589,10.880684868451,57.715827661118
60.000000000000,60.000000000000,60.000000000000
12.607960671478,24.106986263545,6.978991816927
24.214846458336,28.750082998509,33.524205498903
60.000000000000,60.000000000000,60.000000000000
11.284882019044,10.673967349483,26.758121510924
18.462006683627,48.014969967769,14.176712694820
22.449190431113,40.686932814193,27.362843626382
25.537298406758,13.789234789526,13.701784271137
60.000000000000,60.000000000000,60.000000000000
60.000000000000,60.000000000000,60.000000000000
36.167575881869,55.608798089747,42.318014536710
60.000000000000,60.000000000000,60.000000000000
60.000000000000,0.000000000000,60.000000000000
60.000000000000,60.000000000000,60.000000000000
60.000000000000,60.000000000000,60.000000000000
60.000000000000,60.000000000000,60.000000000000
60.000000000000,60.000000000000,60.000000000000
60.000000000000,0.000000000000,60.000000000000
48.112387208656,17.865488854276,13.396978575561
18.956804321337,46.558408555235,56.803419698556
15.876461404566,46.259724318990,38.556265803275
16.848095966097,10.266826203325,4.570092072188
60.000000000000,60.000000000000,60.000000000000
60.000000000000,60.000000000000,60.000000000000
60.000000000000,0.000000000000,60.000000000000
20.483524139372,40.043355137843,53.357435215873
0.000000000000,0.000000000000,60.000000000000
12.176754646798,10.763662546144,2.951211937884
33.661932088094,40.946771672752,60.000000000000
60.000000000000,60.000000000000,60.000000000000
60.000000000000,0.000000000000,60.000000000000
24.601123896258,14.732753948781,55.018926903398
3.506131276371,9.316662292888,58.476779114968
13.822203938147,20.016599897537,58.254261878720
60.000000000000,60.000000000000,60.000000000000
60.000000000000,0.000000000000,60.000000000000
60.000000000000,0.000000000000,60.000000000000
60.000000000000,60.000000000000,60.000000000000
0.000000000000,0.000000000000,60.000000000000
18.840630174670,30.789945821846,21.276808850667
60.000000000000,0.000000000000,60.000000000000
24.372130036679,1.816878467922,0.032791805474
7.255161994847,24.402809076852,44.029827303814
60.000000000000,60.000000000000,60.000000000000
10.015303002352,31.887639514858,35.734651783045
17.957490566713,33.978569823923,52.247779186890
60.000000000000,60.000000000000,60.000000000000
25.889235617256,0.000000000000,60.000000000000
60.000000000000,0.000000000000,60.000000000000
60.000000000000,60.000000000000,60.000000000000
22.747768553445,44.256562249830,40.205144253571
60.000000000000,60.000000000000,60.000000000000
60.000000000000,0.000000000000,60.000000000000
30.383577220817,39.470498907590,6.524069146497
5.209113792426,2.205425902339,25.356713033133
20.503550067458,60.000000000000,29.293966468382
60.000000000000,0.000000000000,60.000000000000
21.688440437799,9.855721355825,13.314136180608
60.000000000000,0.000000000000,60.000000000000
27.507628260881,56.189407882391,22.109934146101
2.020855797389,35.274949525900,29.922773089408
5.404200625316,60.000000000000,7.344118565574
23.673530929485,55.433199150101,33.261217449468
22.028873822604,0.628680726398,3.975078127545
17.693482303292,18.409625404962,31.482818689834
43.098449864300,3.436703807824,6.975490505792
60.000000000000,60.000000000000,60.000000000000
60.000000000000,60.000000000000,60.000000000000
60.000000000000,0.000000000000,60.000000000000
23.299797610547,31.637448409953,17.154597287109
60.000000000000,60.000000000000,60.000000000000
60.000000000000,60.000000000000,60.000000000000
60.000000000000,60.000000000000,60.000000000000
19.793448027981,60.000000000000,49.386498748074
0.000000000000,0.000000000000,60.000000000000
60.000000000000,60.000000000000,60.000000000000
60.000000000000,60.000000000000,60.000000000000
1.547446937892,34.655388539935,40.604327933520
60.000000000000,50.520013541346,60.000000000000
24.823065277878,4.451107198508,56.043648714198
60.000000000000,60.000000000000,60.000000000000
60.000000000000,60.000000000000,60.000000000000
60.000000000000,60.000000000000,60.000000000000
44.993390344385,9.795344089352,2.580382559707
60.000000000000,0.000000000000,60.000000000000
50.390934029484,41.099751946061,21.630735125694
60.000000000000,60.000000000000,60.000000000000
46.166492643869,28.940584914390,43.156125503321
60.000000000000,60.000000000000,60.000000000000
60.000000000000,60.000000000000,60.000000000000
60.000000000000,0.000000000000,60.000000000000
23.505461349637,7.205316370903,50.436495568957
60.000000000000,60.000000000000,60.000000000000
34.862451169763,60.000000000000,47.696225425239
60.000000000000,60.000000000000,60.000000000000
1.786686021991,60.000000000000,60.000000000000
23.193858400522,20.338289709852,23.207346532488
60.000000000000,60.000000000000,27.042176349078
60.000000000000,60.000000000000,60.000000000000
19.792566086735,16.090313110922,59.011933252058
60.000000000000,60.000000000000,60.000000000000
60.000000000000,6.173227689553,60.000000000000
60.000000000000,0.000000000000,60.000000000000
53.907868926235,18.869757190557,4.052128447957
60.000000000000,0.000000000000,60.000000000000
60.000000000000,60.000000000000,60.000000000000
60.000000000000,0.000000000000,60.000000000000
2.108336008342,45.109835627124,24.581925520845
60.000000000000,60.000000000000,60.000000000000
60.000000000000,60.000000000000,60.000000000000
60.000000000000,0.000000000000,60.000000000000
60.000000000000,60.000000000000,60.000000000000
38.907598181621,0.000000000000,18.348172487083
60.000000000000,57.099223839819,58.294227953507
36.750727763551,5.025049937560,60.000000000000
48.933295403145,3.608252087299,41.957991870049
60.000000000000,60.000000000000,60.000000000000
60.000000000000,0.000000000000,60.000000000000
60.000000000000,0.000000000000,60.000000000000
60.000000000000,0.000000000000,60.000000000000
60.000000000000,60.000000000000,60.000000000000
4.786023775710,41.876144107323,31.388846607544
60.000000000000,0.000000000000,60.000000000000
60.000000000000,60.000000000000,60.000000000000
60.000000000000,0.000000000000,60.000000000000
18.183944334916,35.542172912243,26.136548895376
60.000000000000,0.000000000000,60.000000000000
60.000000000000,60.000000000000,60.000000000000
17.688669688971,15.756987267652,24.199487056424
26.556806583528,38.720159435126,60.000000000000
60.000000000000,60.000000000000,60.000000000000
60.000000000000,60.000000000000,60.000000000000
60.000000000000,0.000000000000,60.000000000000
11.394302958120,21.814128021137,21.353803526812
60.000000000000,0.000000000000,60.000000000000
42.928487257344,56.308150555973,7.969936320814
60.000000000000,0.000000000000,60.000000000000
46.602392967130,56.253360363452,44.417830972225
60.000000000000,0.000000000000,60.000000000000
60.000000000000,0.000000000000,60.000000000000
60.000000000000,60.000000000000,60.000000000000
19.103653540964,19.421149817617,13.413539881613
0.000000000000,0.000000000000,60.000000000000
22.549997426508,13.527610588933,3.080774407993
60.000000000000,60.000000000000,60.000000000000
20.277143781559,51.833887761197,47.700478858438
23.278403374552,42.732678252022,20.443445426338
22.951214302935,45.839735822900,40.716601524853
60.000000000000,60.000000000000,60.000000000000
9.045168164413,34.346324299232,22.613669493014
13.443697508236,60.000000000000,0.000000000000
60.000000000000,0.000000000000,60.000000000000
60.000000000000,60.000000000000,60.000000000000
21.146308281734,26.156831150712,41.737275955561
60.000000000000,0.000000000000,60.000000000000
60.000000000000,60.000000000000,60.000000000000
60.000000000000,0.000000000000,60.000000000000
60.000000000000,0.000000000000,60.000000000000
25.902001255526,20.638999727205,1.369786687483
60.000000000000,0.000000000000,60.000000000000
60.000000000000,60.000000000000,60.000000000000
38.076323069530,45.598641432641,60.000000000000
60.000000000000,60.000000000000,60.000000000000
28.796060683108,34.374492942046,20.378645039244
60.000000000000,60.000000000000,60.000000000000
60.000000000000,60.000000000000,60.000000000000
36.970130164706,60.000000000000,37.017568803419
60.000000000000,60.000000000000,60.000000000000
22.988636653313,36.339326571020,43.602727115137
15.911790479983,30.813686772971,38.235814662016
60.000000000000,0.000000000000,60.000000000000
60.000000000000,60.000000000000,60.000000000000
60.000000000000,0.000000000000,60.000000000000
20.747275987451,5.214898370409,38.229663870289
60.000000000000,0.000000000000,60.000000000000
60.000000000000,60.000000000000,7.149961959935
60.000000000000,60.000000000000,60.000000000000
60.000000000000,60.000000000000,60.000000000000
60.000000000000,0.000000000000,60.000000000000
21.916139213234,48.545358101699,31.196913451417
60.000000000000,60.000000000000,60.000000000000
60.000000000000,60.000000000000,60.000000000000
60.000000000000,0.000000000000,60.000000000000
60.000000000000,60.000000000000,60.000000000000
60.000000000000,60.000000000000,60.000000000000
60.000000000000,60.000000000000,60.000000000000
60.000000000000,0.000000000000,60.000000000000
60.000000000000,60.000000000000,60.000000000000
60.000000000000,60.000000000000,60.000000000000
60.000000000000,60.000000000000,60.000000000000
60.000000000000,0.000000000000,60.000000000000
60.000000000000,60.000000000000,60.000000000000
0.000000000000,60.000000000000,60.000000000000
60.000000000000,0.000000000000,60.000000000000
60.000000000000,0.000000000000,60.000000000000
60.000000000000,60.000000000000,60.000000000000
60.000000000000,60.000000000000,60.000000000000
60.000000000000,0.000000000000,60.000000000000
60.000000000000,0.000000000000,60.000000000000
19.426390164916,24.117935903810,39.224068142380
0.000000000000,0.000000000000,60.000000000000
60.000000000000,60.000000000000,60.000000000000
0.000000000000,60.000000000000,60.000000000000
60.000000000000,60.000000000000,60.000000000000
60.000000000000,60.000000000000,60.000000000000
60.000000000000,60.000000000000,60.000000000000
4.031922411645,6.496820916724,30.625826628306
22.894923806035,51.393748950820,5.675645961288
0.000000000000,0.000000000000,60.000000000000
60.000000000000,0.000000000000,60.000000000000
60.000000000000,0.000000000000,60.000000000000
52.393309966423,60.000000000000,10.990924567545
60.000000000000,60.000000000000,60.000000000000
21.748532992890,17.199774690108,35.153486803866
60.000000000000,0.000000000000,60.000000000000
60.000000000000,34.382094531575,34.187727310921
0.000000000000,60.000000000000,60.000000000000
60.000000000000,0.000000000000,60.000000000000
60.000000000000,0.000000000000,60.000000000000
28.333067355839,17.199937548274,35.099820165906
60.000000000000,60.000000000000,60.000000000000
33.786844048487,19.978020222135,51.112974927894
20.096391336807,47.890885412501,11.113149747652
27.670054727060,37.485755527627,22.572969184403
60.000000000000,60.000000000000,60.000000000000
27.090305512095,1.839847492961,30.729965657091
60.000000000000,60.000000000000,60.000000000000
60.000000000000,60.000000000000,60.000000000000
60.000000000000,60.000000000000,60.000000000000
19.743609779302,11.222105444729,6.609271663287
60.000000000000,60.000000000000,60.000000000000
32.958114795113,52.700070998995,24.546087044819
31.119204333108,34.790175662973,30.735947934955
29.773120641130,43.049065714937,55.024690526349
27.797272381840,37.457757980311,27.632364487337
14.419350402495,36.688360572905,21.296575603496
60.000000000000,60.000000000000,60.000000000000
13.560656864301,41.499264766830,10.432437159643
60.000000000000,60.000000000000,60.000000000000
33.439996322028,51.180164415082,9.653415936241
60.000000000000,0.000000000000,60.000000000000
30.171264186946,18.865841136532,3.789538599821
60.000000000000,60.000000000000,60.000000000000
60.000000000000,60.000000000000,60.000000000000
31.584374508025,37.007892140055,26.933144865891
26.191370374306,43.598191930677,48.577156804614
60.000000000000,60.000000000000,60.000000000000
60.000000000000,60.000000000000,60.000000000000
38.036844469091,50.864927419808,6.788402498951
60.000000000000,60.000000000000,60.000000000000
29.971627519553,26.129106427432,22.471446050227
55.241434246501,45.328905393394,45.068604886954
20.242175650496,27.109492091609,40.470113795885
20.758086104267,48.948005106766,9.033097685631
60.000000000000,60.000000000000,60.000000000000
60.000000000000,60.000000000000,60.000000000000
60.000000000000,60.000000000000,60.000000000000
60.000000000000,60.000000000000,60.000000000000
37.842239048187,35.207564941520,35.367797782552
28.809446324676,51.279515840231,33.355717290841
35.026268010031,40.503771231901,21.051906589590
45.011062753066,35.776630942051,40.187226961677
60.000000000000,60.000000000000,60.000000000000
15.359709293218,23.785975426067,16.935489398863
60.000000000000,60.000000000000,60.000000000000
30.619076477680,13.492755483912,21.055394528879
60.000000000000,60.000000000000,60.000000000000
60.000000000000,60.000000000000,60.000000000000
28.473506032755,32.643707341377,34.769235958754
31.121803722930,9.354535844817,6.088677734200
60.000000000000,60.000000000000,60.000000000000
32.470151096248,38.708729620681,14.332955971508
33.300304079562,37.784210063178,20.762163348057
60.000000000000,60.000000000000,60.000000000000
60.000000000000,60.000000000000,60.000000000000
40.617371827555,21.828029101258,31.503290218283
35.116795754527,15.935920423344,35.183713556948
27.402119287933,53.810536812712,17.839682069799
14.637656311742,6.063642185410,11.534734395197
45.983973472761,52.687893574262,3.660381914419
60.000000000000,60.000000000000,60.000000000000
60.000000000000,60.000000000000,60.000000000000
60.000000000000,60.000000000000,60.000000000000
32.908404855927,52.954526743936,52.701568134888
60.000000000000,60.000000000000,60.000000000000
40.312531140300,12.324735970501,12.385275174568
6.398444883292,26.801750229425,60.000000000000
55.897582946733,53.407601608609,49.768349230797
60.000000000000,60.000000000000,60.000000000000
60.000000000000,0.000000000000,60.000000000000
60.000000000000,60.000000000000,60.000000000000
60.000000000000,60.000000000000,60.000000000000
60.000000000000,60.000000000000,60.000000000000
26.862274980407,44.505663977849,47.526613582777
60.000000000000,60.000000000000,60.000000000000
15.181274562018,28.929989188859,13.475939803750
29.078184664160,60.000000000000,24.790429998070
13.059404133210,26.043756305092,28.707006708006
60.000000000000,60.000000000000,60.000000000000
60.000000000000,60.000000000000,60.000000000000
31.563099784216,57.401306923133,25.802844596115
26.178233212813,34.666199469714,14.402379770542
34.188776141685,21.266666261510,26.967825376815
60.000000000000,60.000000000000,60.000000000000
29.969004857983,27.241333032092,43.445324828812
11.298514907148,60.000000000000,37.759787574718
45.376951635684,15.449300847217,37.183782585004
36.624136538728,45.923541927099,16.389852255748
60.000000000000,60.000000000000,60.000000000000
60.000000000000,60.000000000000,60.000000000000
31.462864015049,26.213769640714,38.175039986672
30.112309371025,57.461748249181,17.026177566859
60.000000000000,60.000000000000,60.000000000000
26.381761992265,36.543849763201,36.442653781707
60.000000000000,0.000000000000,60.000000000000
29.018585962200,57.106592323728,14.388452414648
17.579480992137,3.191443495448,14.199254651561
60.000000000000,60.000000000000,60.000000000000
60.000000000000,60.000000000000,60.000000000000
51.245548129693,17.406876292967,30.086944337845
60.000000000000,60.000000000000,60.000000000000
28.813447919776,44.420118225375,44.027819765457
60.000000000000,60.000000000000,60.000000000000
29.617803440930,4.574093801687,44.822126458301
60.000000000000,0.000000000000,60.000000000000
32.834956930056,29.511611816449,28.395880252753
60.000000000000,60.000000000000,60.000000000000
60.000000000000,60.000000000000,60.000000000000
60.000000000000,60.000000000000,60.000000000000
27.537679830604,25.854583949877,43.939234290291
60.000000000000,60.000000000000,60.000000000000
26.580299617268,55.422338156927,55.278638404249
60.000000000000,60.000000000000,60.000000000000
60.000000000000,60.000000000000,60.000000000000
60.000000000000,0.000000000000,60.000000000000
60.000000000000,0.000000000000,60.000000000000
60.000000000000,60.000000000000,60.000000000000
44.390264499741,17.483579567010,50.767417845430
60.000000000000,60.000000000000,60.000000000000
29.195297128344,6.672743728458,44.393961064489
60.000000000000,60.000000000000,60.000000000000
19.686695943186,21.652995180399,13.650392309687
60.000000000000,60.000000000000,60.000000000000
60.000000000000,0.000000000000,60.000000000000
60.000000000000,60.000000000000,60.000000000000
31.420157891871,54.517095888977,46.396885060627
5.801885803358,25.279558845267,19.352159908803
37.868765870571,0.000000000000,26.716034858913
60.000000000000,0.000000000000,60.000000000000
30.335670758593,49.022584987657,42.479530954138
60.000000000000,60.000000000000,60.000000000000
60.000000000000,0.000000000000,60.000000000000
60.000000000000,0.000000000000,60.000000000000
34.330828567056,53.131795648994,19.184494966157
60.000000000000,60.000000000000,60.000000000000
29.131724295830,60.000000000000,28.956335862641
60.000000000000,60.000000000000,60.000000000000
60.000000000000,60.000000000000,60.000000000000
60.000000000000,60.000000000000,60.000000000000
29.805253132476,20.048053650695,50.141937901533
31.947326921560,35.352136197389,23.522615441104
60.000000000000,60.000000000000,60.000000000000
60.000000000000,60.000000000000,60.000000000000
22.521826436933,34.022465421958,52.987642124423
26.433594243237,33.901719658503,23.524620122710
60.000000000000,60.000000000000,60.000000000000
60.000000000000,0.000000000000,60.000000000000
29.052907647884,15.375217063245,2.095887396671
0.000000000000,0.000000000000,60.000000000000
32.589857800557,15.310935486515,44.179277520756
60.000000000000,60.000000000000,60.000000000000
34.738869926823,15.798347419515,8.288268130002
29.006083301501,31.540969758183,28.244962473235
31.104911591166,53.900393441131,0.909514564699
60.000000000000,60.000000000000,60.000000000000
60.000000000000,60.000000000000,60.000000000000
23.458379804251,30.014172772661,34.362861205766
17.343613681852,31.882673909942,9.044521508032
60.000000000000,60.000000000000,0.000000000000
0.000000000000,0.000000000000,14.580938439993
60.000000000000,60.000000000000,60.000000000000
60.000000000000,60.000000000000,60.000000000000
60.000000000000,0.000000000000,60.000000000000
60.000000000000,60.000000000000,60.000000000000
60.000000000000,0.000000000000,60.000000000000
60.000000000000,60.000000000000,60.000000000000
60.000000000000,60.000000000000,60.000000000000
60.000000000000,60.000000000000,60.000000000000
9.277795382158,17.401944674161,43.954098227052
51.383024223285,18.329682579625,60.000000000000
60.000000000000,0.000000000000,60.000000000000
10.299134896169,52.777771802705,57.282075008771
60.000000000000,60.000000000000,60.000000000000
60.000000000000,60.000000000000,60.000000000000
60.000000000000,60.000000000000,60.000000000000
60.000000000000,60.000000000000,60.000000000000
60.000000000000,60.000000000000,60.000000000000
27.622013031324,50.536282809961,42.741796933750
60.000000000000,60.000000000000,60.000000000000
60.000000000000,60.000000000000,60.000000000000
60.000000000000,0.000000000000,60.000000000000
35.752907185180,60.000000000000,30.557933090786
60.000000000000,0.000000000000,60.000000000000
10.072043184990,8.513636987882,6.633043024844
60.000000000000,0.000000000000,60.000000000000
23.284531293237,35.990677911504,60.000000000000
60.000000000000,0.000000000000,60.000000000000
44.148152569526,60.000000000000,43.540318044555
60.000000000000,0.000000000000,60.000000000000
18.069849134681,4.692421954468,52.965841811579
60.000000000000,0.000000000000,60.000000000000
60.000000000000,60.000000000000,60.000000000000
30.761342478967,28.711160460031,21.632399529041
45.871464036871,23.278939714453,6.460244987730
39.300839401526,8.043320847933,20.396906827241
60.000000000000,60.000000000000,60.000000000000
60.000000000000,0.000000000000,60.000000000000
60.000000000000,60.000000000000,60.000000000000
60.000000000000,0.000000000000,60.000000000000
60.000000000000,0.000000000000,60.000000000000
60.000000000000,0.000000000000,60.000000000000
60.000000000000,60.000000000000,60.000000000000
60.000000000000,60.000000000000,60.000000000000
60.000000000000,0.000000000000,60.000000000000
60.000000000000,0.000000000000,60.000000000000
12.513447978566,5.765446651532,23.170963542345
60.000000000000,0.000000000000,60.000000000000
60.000000000000,60.000000000000,60.000000000000
33.922138120915,23.071210779777,21.450486466362
30.341618147240,5.544235326147,12.062947932121
60.000000000000,60.000000000000,60.000000000000
60.000000000000,0.000000000000,60.000000000000
60.000000000000,0.000000000000,60.000000000000
28.865188817864,9.991572151392,5.320533358190
60.000000000000,60.000000000000,60.000000000000
12.034696389894,56.634162734097,12.419581698555
60.000000000000,0.000000000000,60.000000000000
30.920984097580,24.585567815590,19.789894674794
60.000000000000,60.000000000000,60.000000000000
17.411702771293,60.000000000000,37.093183586503
60.000000000000,60.000000000000,60.000000000000
26.213185555837,47.805306153460,23.024082904762
60.000000000000,60.000000000000,60.000000000000
8.891962214413,31.165518901931,12.396345340002
60.000000000000,60.000000000000,60.000000000000
41.449047176312,54.426029482671,49.783714231775
60.000000000000,60.000000000000,60.000000000000
30.545792120167,12.332023295252,30.754441939634
27.639191227562,47.457219040619,31.010251649482
26.995208756500,27.934520695718,53.102186022031
27.916960897125,56.183787171272,60.000000000000
60.000000000000,60.000000000000,60.000000000000
60.000000000000,39.628202321523,51.522735158013
60.000000000000,60.000000000000,60.000000000000
60.000000000000,0.000000000000,60.000000000000
60.000000000000,60.000000000000,60.000000000000
60.000000000000,0.000000000000,60.000000000000
60.000000000000,0.000000000000,60.000000000000
22.140134177710,6.326916576125,12.070966390969
60.000000000000,60.000000000000,60.000000000000
60.000000000000,60.000000000000,60.000000000000
11.366188114546,45.183650179897,48.930148958700
60.000000000000,60.000000000000,60.000000000000
26.919925480587,8.984259321980,52.708733351223
60.000000000000,60.000000000000,60.000000000000
60.000000000000,60.000000000000,60.000000000000
60.000000000000,60.000000000000,60.000000000000
43.129929972794,60.000000000000,60.000000000000
32.612092413569,31.212057293380,27.425899003172
60.000000000000,60.000000000000,60.000000000000
0.000000000000,0.000000000000,60.000000000000
60.000000000000,60.000000000000,60.000000000000
60.000000000000,0.000000000000,60.000000000000
24.086528980712,60.000000000000,13.847068212723
60.000000000000,0.000000000000,60.000000000000
60.000000000000,60.000000000000,60.000000000000
60.000000000000,0.000000000000,60.000000000000
1.550790974651,60.000000000000,42.386226115966
60.000000000000,60.000000000000,60.000000000000
24.974897024333,55.418263500283,53.012100163878
0.000000000000,60.000000000000,60.000000000000
60.000000000000,60.000000000000,60.000000000000
60.000000000000,0.000000000000,60.000000000000
60.000000000000,60.000000000000,60.000000000000
60.000000000000,60.000000000000,60.000000000000
4.167009002598,60.000000000000,21.176467366061
60.000000000000,0.000000000000,60.000000000000
60.000000000000,60.000000000000,60.000000000000
60.000000000000,0.000000000000,60.000000000000
60.000000000000,60.000000000000,17.112427914540
60.000000000000,0.000000000000,60.000000000000
60.000000000000,60.000000000000,60.000000000000
60.000000000000,26.759964284573,60.000000000000
60.000000000000,60.000000000000,60.000000000000
60.000000000000,60.000000000000,60.000000000000
43.344235922747,40.799175622753,13.535725331141
60.000000000000,60.000000000000,60.000000000000
60.000000000000,0.000000000000,60.000000000000
32.076750184555,60.000000000000,26.873209104960
28.077038306378,15.959138334102,41.641040261758
60.000000000000,60.000000000000,60.000000000000
60.000000000000,0.000000000000,60.000000000000
60.000000000000,60.000000000000,60.000000000000
60.000000000000,60.000000000000,60.000000000000
60.000000000000,0.000000000000,60.000000000000
60.000000000000,60.000000000000,60.000000000000
29.310476461374,33.934014427002,60.000000000000
26.757642132230,28.978503007036,47.961889862527
60.000000000000,60.000000000000,60.000000000000
60.000000000000,0.000000000000,60.000000000000
60.000000000000,0.000000000000,60.000000000000
49.838788535897,44.420162708468,55.199956819804
60.000000000000,60.000000000000,60.000000000000
30.770903553122,52.966688922036,3.490119855388
60.000000000000,0.000000000000,60.000000000000
60.000000000000,60.000000000000,60.000000000000
60.000000000000,60.000000000000,60.000000000000
60.000000000000,0.000000000000,60.000000000000
60.000000000000,60.000000000000,60.000000000000
60.000000000000,60.000000000000,60.000000000000
27.549417540655,1.091911769264,45.918801431635
60.000000000000,60.000000000000,49.000325229823
60.000000000000,60.000000000000,60.000000000000
60.000000000000,60.000000000000,60.000000000000
60.000000000000,60.000000000000,60.000000000000
32.394777597787,43.730091785322,55.359919801155
45.678872625574,18.854293628734,36.070629179475
43.943741848547,27.292406974110,36.092896219669
34.586812230227,10.259831751788,48.808521254264
35.615897688787,60.000000000000,60.000000000000
60.000000000000,0.000000000000,60.000000000000
36.518142910933,4.009281811021,13.043222241033
29.611644048828,59.403584362182,37.403037996843
60.000000000000,60.000000000000,60.000000000000
60.000000000000,60.000000000000,60.000000000000
37.566808833732,48.775415560977,4.318342049998
42.408065089198,32.400438075587,22.127163612242
37.210505509755,8.342745463204,29.766467545799
42.829618297779,20.302685837459,24.119804842773
36.687112220966,59.031478185846,53.991671609893
2.598475724777,4.594927601052,6.708787227006
35.744338549100,58.638708497660,13.439844345126
60.000000000000,0.000000000000,60.000000000000
42.450362311639,36.163826026613,27.458285426031
60.000000000000,0.000000000000,60.000000000000
37.137226763195,57.146554412538,3.235165941293
60.000000000000,35.016474426877,39.371801437876
60.000000000000,60.000000000000,60.000000000000
60.000000000000,0.000000000000,60.000000000000
39.683107676288,0.929101234078,38.801505444081
37.795241976090,54.832010894223,36.926770442156
60.000000000000,4.174791578885,23.214465273034
31.309191019997,47.823542222786,27.612439342901
36.445213784047,10.007761949258,52.577814805254
42.612991225386,33.164397137745,31.576961329054
60.000000000000,60.000000000000,60.000000000000
38.916342594945,28.081455571029,36.968022551347
24.130353457893,20.916174620363,59.057284254656
42.327454990600,39.418439383908,45.934191142477
38.883340007768,19.252713748195,48.141093735129
60.000000000000,0.000000000000,60.000000000000
60.000000000000,60.000000000000,60.000000000000
60.000000000000,0.000000000000,60.000000000000
60.000000000000,60.000000000000,60.000000000000
60.000000000000,60.000000000000,60.000000000000
37.269638179862,10.856982554307,19.515419237848
31.641873825011,33.105220406966,18.499682739250
60.000000000000,60.000000000000,60.000000000000
60.000000000000,60.000000000000,60.000000000000
60.000000000000,60.000000000000,60.000000000000
60.000000000000,0.000000000000,60.000000000000
60.000000000000,60.000000000000,60.000000000000
23.376085358636,12.858707311781,17.349678582090
60.000000000000,0.000000000000,60.000000000000
6.379801460804,39.358591538586,41.904698294712
36.976713313821,16.339160034414,53.854709104751
60.000000000000,0.000000000000,60.000000000000
25.011504982085,50.288168980824,41.016413310188
60.000000000000,60.000000000000,60.000000000000
60.000000000000,60.000000000000,60.000000000000
60.000000000000,60.000000000000,60.000000000000
60.000000000000,0.000000000000,60.000000000000
60.000000000000,60.000000000000,60.000000000000
60.000000000000,60.000000000000,60.000000000000
47.232902243975,60.000000000000,49.011507905640
38.304938915404,18.772827005597,56.468623769371
35.172369396564,14.207284189449,15.378055580393
40.928561775253,9.937156110038,51.775554103477
60.000000000000,60.000000000000,60.000000000000
34.315331681669,60.000000000000,58.069089674618
60.000000000000,0.000000000000,60.000000000000
60.000000000000,0.000000000000,60.000000000000
60.000000000000,36.386469886347,13.250661407942
38.190694011049,30.665313905477,58.564748434511
29.186947153976,1.254026907341,9.105659886164
36.677671729925,55.923266787831,53.083394621145
13.801080563387,8.659521675560,28.600425346015
41.592790815110,38.000251549590,44.674462053863
60.000000000000,60.000000000000,60.000000000000
34.585094707530,6.938761199784,4.620667512037
5.950014198020,7.963514550504,46.149286567087
44.711041852435,49.471836544754,25.233781309479
6.816802444518,57.564325544982,33.628808165831
35.622513729217,21.143430962437,1.317573608297
38.417790292477,22.065971694929,30.817177837015
40.197265803787,30.863706961163,15.406077310334
43.545993669912,26.145277459446,40.687215284483
52.429980662937,25.049757290129,54.768717509481
60.000000000000,0.000000000000,60.000000000000
60.000000000000,0.000000000000,60.000000000000
60.000000000000,60.000000000000,60.000000000000
33.592475938233,1.819144956586,55.465360337219
21.490925999207,23.712380974502,36.846085980673
41.101475036556,41.343358240034,2.703977190058
0.000000000000,60.000000000000,60.000000000000
34.569759719168,11.580893644713,44.160905543190
37.249004571625,30.659990667154,3.319435568932
60.000000000000,60.000000000000,60.000000000000
60.000000000000,0.000000000000,60.000000000000
41.623648396343,47.117380889429,13.461903363872
60.000000000000,0.000000000000,60.000000000000
34.801174761280,28.293173946448,25.270764934734
60.000000000000,0.000000000000,60.000000000000
44.937417641701,18.718603743614,49.026688734948
60.000000000000,60.000000000000,60.000000000000
29.284354637834,24.360869658390,6.378012313923
60.000000000000,60.000000000000,60.000000000000
60.000000000000,0.000000000000,60.000000000000
60.000000000000,0.000000000000,60.000000000000
5.607717639903,55.744091082524,57.537734721636
60.000000000000,0.000000000000,60.000000000000
41.532206432502,50.512008163708,18.737602284143
60.000000000000,0.000000000000,60.000000000000
4.146676895125,26.576063251589,9.382007787931
60.000000000000,60.000000000000,60.000000000000
60.000000000000,60.000000000000,60.000000000000
2.783303836512,45.785088230031,5.885490215856
39.746370872725,6.745916515570,22.237875272643
60.000000000000,60.000000000000,60.000000000000
42.511605635360,34.840833708858,19.637409819008
42.853399887362,30.214931294926,17.409353628098
9.609619519161,0.678520040370,37.796194098106
60.000000000000,0.000000000000,60.000000000000
60.000000000000,0.000000000000,60.000000000000
60.000000000000,60.000000000000,60.000000000000
40.789254575964,12.411815005034,39.752987138506
60.000000000000,0.000000000000,60.000000000000
20.745564901199,60.000000000000,36.503768528543
60.000000000000,0.000000000000,60.000000000000
35.510002147806,51.008051872916,10.481399645683
60.000000000000,0.000000000000,60.000000000000
12.450137892895,60.000000000000,17.515117943682
60.000000000000,0.000000000000,60.000000000000
34.754635879952,11.185401798627,59.502248899156
60.000000000000,0.000000000000,60.000000000000
14.816633431048,49.910935901477,1.084567168803
60.000000000000,35.988639483722,17.648598873629
60.000000000000,0.000000000000,60.000000000000
60.000000000000,60.000000000000,60.000000000000
40.854373377529,46.127558695141,21.148553888928
37.922164010723,36.285333891199,30.424591061508
42.190061263652,12.448015487334,42.887515841483
60.000000000000,0.000000000000,60.000000000000
38.880740495626,50.353171126856,44.979459162500
60.000000000000,0.000000000000,60.000000000000
47.514468319952,36.518852475073,9.160439274972
60.000000000000,0.000000000000,60.000000000000
6.094665627390,24.745683294439,18.193848693637
60.000000000000,60.000000000000,60.000000000000
60.000000000000,55.157065049358,0.000000000000
60.000000000000,60.000000000000,60.000000000000
60.000000000000,60.000000000000,60.000000000000
60.000000000000,60.000000000000,60.000000000000
43.283974633403,39.471428329832,46.205601800662
4.591400411082,1.410365091743,36.447077795564
60.000000000000,0.000000000000,60.000000000000
15.540740970157,0.577585361451,35.299676140744
53.474298675985,20.265335000248,19.345656267685
60.000000000000,60.000000000000,60.000000000000
60.000000000000,0.000000000000,60.000000000000
60.000000000000,0.000000000000,60.000000000000
60.000000000000,0.000000000000,60.000000000000
60.000000000000,0.000000000000,60.000000000000
60.000000000000,60.000000000000,60.000000000000
60.000000000000,60.000000000000,60.000000000000
40.071179279416,3.708900289376,35.987957280456
31.873543858590,39.958428030345,35.989030237958
29.830049815569,49.776175402598,24.980006070894
38.966850905317,30.067980925181,29.332797112074
60.000000000000,12.143294973423,60.000000000000
60.000000000000,0.000000000000,60.000000000000
40.086441126478,20.898960408585,25.559684329210
60.000000000000,60.000000000000,60.000000000000
10.619699614812,27.192535719127,59.443357886046
60.000000000000,0.000000000000,60.000000000000
60.000000000000,0.000000000000,60.000000000000
60.000000000000,0.000000000000,60.000000000000
60.000000000000,56.172543863325,4.709538301914
60.000000000000,0.000000000000,60.000000000000
28.986111496762,1.944903579948,11.974084032586
60.000000000000,60.000000000000,60.000000000000
0.136240911475,34.175238041801,7.205068683006
60.000000000000,0.000000000000,60.000000000000
60.000000000000,60.000000000000,60.000000000000
0.000000000000,0.000000000000,60.000000000000
41.762199406759,21.430213110543,19.046591259626
60.000000000000,0.000000000000,60.000000000000
56.767099467855,3.778085758206,41.185646395979
60.000000000000,0.000000000000,60.000000000000
45.565988314472,25.181834047484,45.201682543157
60.000000000000,0.000000000000,60.000000000000
60.000000000000,60.000000000000,60.000000000000
41.314977229835,31.769087017134,32.106300719316
47.052639711410,60.000000000000,60.000000000000
60.000000000000,0.000000000000,60.000000000000
60.000000000000,0.000000000000,60.000000000000
60.000000000000,0.000000000000,60.000000000000
33.960270326724,54.573732951386,11.975087008147
60.000000000000,0.000000000000,60.000000000000
60.000000000000,0.000000000000,60.000000000000
0.000000000000,0.000000000000,39.293829536884
60.000000000000,0.000000000000,60.000000000000
60.000000000000,60.000000000000,60.000000000000
60.000000000000,0.000000000000,60.000000000000
60.000000000000,60.000000000000,21.862223076492
29.666090450488,21.225932674597,16.672414140235
60.000000000000,0.000000000000,60.000000000000
25.459596799003,54.700877287552,12.037432275396
27.385061129216,33.175116556328,17.691076725128
60.000000000000,60.000000000000,60.000000000000
60.000000000000,0.000000000000,60.000000000000
0.000000000000,60.000000000000,60.000000000000
60.000000000000,0.000000000000,60.000000000000
36.365833635196,18.560889511825,56.499953166591
60.000000000000,60.000000000000,60.000000000000
50.632949256976,3.869974817976,27.715822452610
60.000000000000,0.000000000000,60.000000000000
36.271542004715,47.000991212047,0.333461231384
60.000000000000,0.000000000000,60.000000000000
60.000000000000,60.000000000000,60.000000000000
60.000000000000,0.000000000000,0.000000000000
60.000000000000,60.000000000000,60.000000000000
60.000000000000,0.000000000000,60.000000000000
37.462525582400,41.501816021965,58.559858016578
60.000000000000,60.000000000000,60.000000000000
40.863763634272,0.641687720366,0.541256393825
60.000000000000,60.000000000000,60.000000000000
57.551132236535,39.210614282587,44.261520019117
53.566452933472,46.344898301982,39.771753944153
37.600384807197,27.650833104651,5.236810623733
60.000000000000,54.709764743108,60.000000000000
14.791676135377,23.223823517487,0.000000000000
60.000000000000,60.000000000000,60.000000000000
60.000000000000,60.000000000000,60.000000000000
60.000000000000,0.000000000000,60.000000000000
49.503608547421,32.727457990060,33.712641930596
60.000000000000,0.000000000000,60.000000000000
60.000000000000,60.000000000000,60.000000000000
0.218009448202,57.693703750420,13.813848553818
0.000000000000,60.000000000000,60.000000000000
55.809336935219,2.777066196890,11.352782452905
38.479392778661,37.520891650080,6.237521332287
60.000000000000,0.000000000000,60.000000000000
37.033675197413,44.501240502627,24.967711385840
60.000000000000,0.000000000000,60.000000000000
60.000000000000,60.000000000000,60.000000000000
60.000000000000,0.000000000000,60.000000000000
7.745413745880,41.501812028127,0.298788472636
60.000000000000,60.000000000000,60.000000000000
29.667137391617,60.000000000000,36.812331261621
60.000000000000,60.000000000000,60.000000000000
60.000000000000,60.000000000000,60.000000000000
30.838979655621,0.000000000000,26.925144458225
60.000000000000,60.000000000000,0.000000000000
60.000000000000,0.000000000000,60.000000000000
60.000000000000,60.000000000000,60.000000000000
60.000000000000,0.000000000000,60.000000000000
60.000000000000,60.000000000000,60.000000000000
60.000000000000,60.000000000000,60.000000000000
60.000000000000,60.000000000000,60.000000000000
60.000000000000,60.000000000000,60.000000000000
56.687960194249,33.664295610532,58.627397524449
60.000000000000,60.000000000000,60.000000000000
38.041232854009,60.000000000000,17.583528556478
60.000000000000,60.000000000000,60.000000000000
4.096392863978,34.912596319609,8.313924764854
60.000000000000,0.000000000000,60.000000000000
60.000000000000,0.000000000000,60.000000000000
60.000000000000,0.000000000000,60.000000000000
60.000000000000,60.000000000000,0.000000000000
60.000000000000,60.000000000000,60.000000000000
60.000000000000,0.000000000000,60.000000000000
60.000000000000,0.000000000000,60.000000000000
60.000000000000,0.000000000000,60.000000000000
60.000000000000,60.000000000000,60.000000000000
10.945028005343,6.193822443899,3.683185016246
60.000000000000,60.000000000000,60.000000000000
53.162809532082,60.000000000000,13.280436726929
32.751289935909,38.797806563297,45.355925554032
35.712921681650,18.776455082172,50.582710810158
60.000000000000,0.000000000000,60.000000000000
60.000000000000,60.000000000000,60.000000000000
60.000000000000,0.000000000000,60.000000000000
60.000000000000,60.000000000000,60.000000000000
60.000000000000,0.000000000000,60.000000000000
60.000000000000,60.000000000000,60.000000000000
60.000000000000,0.000000000000,60.000000000000
39.634938347875,2.900833294791,28.794416796020
60.000000000000,0.000000000000,60.000000000000
41.623526622879,60.000000000000,38.787887717486
60.000000000000,0.000000000000,60.000000000000
40.840484565047,7.288304896063,43.689029219388
60.000000000000,60.000000000000,60.000000000000
32.594426308670,31.960373982197,39.465637328758
60.000000000000,0.000000000000,60.000000000000
60.000000000000,60.000000000000,60.000000000000
60.000000000000,60.000000000000,60.000000000000
1.013950406541,60.000000000000,0.000000000000
60.000000000000,0.000000000000,0.000000000000
3.397534227239,1.268369515188,48.130241999605
60.000000000000,0.000000000000,60.000000000000
60.000000000000,60.000000000000,60.000000000000
49.203024600564,32.498716191495,26.479245172820
42.542026683284,41.197252999864,13.898289681924
60.000000000000,0.000000000000,60.000000000000
6.667164080047,60.000000000000,19.647232777380
60.000000000000,0.000000000000,60.000000000000
60.000000000000,60.000000000000,60.000000000000
37.789903898784,31.585777517442,28.616332729377
44.162258784173,16.188931175487,48.581677760600
48.232106102851,40.158897181067,37.869004857816
50.071696294955,21.549919162798,45.114977767856
45.654425964563,53.549625211402,34.955727203462
43.213860096428,45.178918391326,57.787129698460
60.000000000000,60.000000000000,60.000000000000
41.790010598402,57.285774121590,14.368729214830
60.000000000000,0.000000000000,60.000000000000
60.000000000000,60.000000000000,60.000000000000
46.212120604234,35.011293599687,29.947564609068
6.607344546689,51.969534758594,29.063453354405
23.191596444743,53.733436589122,1.678874767596
60.000000000000,60.000000000000,60.000000000000
60.000000000000,0.000000000000,60.000000000000
60.000000000000,0.000000000000,60.000000000000
60.000000000000,60.000000000000,45.729927076774
60.000000000000,60.000000000000,60.000000000000
46.824460948387,38.947250000077,25.048118939266
34.972510171961,7.094779327903,32.560993310080
60.000000000000,0.000000000000,60.000000000000
44.971528631429,4.651021455086,8.319984453779
8.045806063797,51.972300729445,11.021823503477
60.000000000000,60.000000000000,60.000000000000
16.119769969167,49.688599221425,34.301409382348
60.000000000000,0.000000000000,60.000000000000
60.000000000000,60.000000000000,60.000000000000
53.960153303322,42.678615137001,0.737994862329
60.000000000000,47.944460450750,3.818951251439
60.000000000000,0.000000000000,60.000000000000
60.000000000000,60.000000000000,60.000000000000
27.696295094849,38.776403909335,37.402748362941
60.000000000000,60.000000000000,60.000000000000
55.600731558873,18.567864133515,51.510447262815
60.000000000000,60.000000000000,60.000000000000
22.413758484068,34.910283677179,44.943186847797
60.000000000000,0.000000000000,60.000000000000
45.269193101752,55.864138841965,23.682264053154
60.000000000000,0.000000000000,60.000000000000
44.728326121261,14.011793993697,44.258619136032
5.358418878958,15.316846492508,23.889921287591
47.915375370966,31.616440466605,37.490356045154
60.000000000000,60.000000000000,60.000000000000
47.503925498220,18.280573059793,51.874785926498
53.981381184078,36.437482542848,40.506743692196
60.000000000000,60.000000000000,60.000000000000
23.072468436570,9.245573169054,18.913734413077
12.577233447954,37.799882640870,58.327149944166
60.000000000000,60.000000000000,60.000000000000
0.000000000000,60.000000000000,60.000000000000
60.000000000000,0.000000000000,60.000000000000
60.000000000000,60.000000000000,60.000000000000
60.000000000000,0.000000000000,60.000000000000
60.000000000000,0.000000000000,60.000000000000
60.000000000000,0.000000000000,60.000000000000
60.000000000000,60.000000000000,60.000000000000
60.000000000000,60.000000000000,60.000000000000
49.017768499516,14.779367693741,35.702093667264
60.000000000000,60.000000000000,60.000000000000
48.131748751399,0.342439584578,31.937888061973
60.000000000000,60.000000000000,60.000000000000
2.510111113183,49.885200248049,50.336534385927
2.877444154140,60.000000000000,32.159023562281
60.000000000000,60.000000000000,60.000000000000
16.924330013496,28.227128957480,42.083611109292
60.000000000000,60.000000000000,0.000000000000
60.000000000000,60.000000000000,60.000000000000
49.128966500829,32.267942398229,43.625538185864
6.821423998002,4.313659854261,34.356369612354
49.711830341359,11.381664645854,49.467791064509
51.690552910941,21.056412727687,29.487942998709
20.144435821935,59.190525673928,49.983377311996
60.000000000000,60.000000000000,60.000000000000
42.940330519222,43.895986278428,7.370851875897
45.285601284836,35.872012039702,21.253358981973
43.522130455656,41.346706623133,8.598301524896
14.103659133007,29.285344971089,53.917170829640
42.702467190892,51.178884622724,21.744653315498
46.095797092678,21.128562145013,20.085520575347
46.580137156668,34.036921268347,55.342242774209
60.000000000000,0.000000000000,60.000000000000
49.987970825468,0.000000000000,19.337756031454
39.199829323016,23.593517471239,58.682603662388
46.981025481896,7.537313785822,39.334706470688
60.000000000000,60.000000000000,60.000000000000
49.890140842863,45.242806831977,30.577898184259
60.000000000000,15.509226785757,53.872512562731
50.200225111030,20.766036512814,11.964211881807
41.597450135827,39.028681387119,38.116695949109
46.112878841881,58.635775156931,6.294679059956
60.000000000000,60.000000000000,60.000000000000
44.571726138824,17.029037446007,51.632696083895
60.000000000000,60.000000000000,60.000000000000
45.055261869700,7.893498488554,9.290444465304
60.000000000000,60.000000000000,60.000000000000
5.101387489141,36.100098093325,36.888712089713
60.000000000000,60.000000000000,60.000000000000
23.721716763715,26.510876531247,8.186802265196
60.000000000000,60.000000000000,60.000000000000
60.000000000000,60.000000000000,60.000000000000
60.000000000000,60.000000000000,60.000000000000
60.000000000000,60.000000000000,60.000000000000
60.000000000000,60.000000000000,60.000000000000
43.238314860559,7.432716907821,1.331577606205
60.000000000000,60.000000000000,60.000000000000
6.610483783617,15.792827767942,47.577791757885
19.461968536715,18.007752266521,4.230967767223
48.701144288695,33.394118400762,0.628062633984
60.000000000000,60.000000000000,60.000000000000
59.853875607254,55.920106317143,13.454957370518
60.000000000000,60.000000000000,60.000000000000
58.762560559054,20.553252328559,7.165980662039
60.000000000000,60.000000000000,60.000000000000
43.842404765832,1.621958079935,16.888791392818
60.000000000000,60.000000000000,60.000000000000
60.000000000000,60.000000000000,60.000000000000
46.556497281424,57.185617769155,34.758129488192
60.000000000000,60.000000000000,60.000000000000
60.000000000000,60.000000000000,60.000000000000
47.317681205958,36.611338570549,0.447085517808
60.000000000000,60.000000000000,60.000000000000
45.831111070613,12.087657520871,49.315943423884
60.000000000000,60.000000000000,60.000000000000
54.369831511897,26.682748837290,49.595011235994
60.000000000000,60.000000000000,60.000000000000
50.197002602976,14.063596854399,57.515751204605
60.000000000000,60.000000000000,60.000000000000
49.110957082191,10.752153778764,4.808671522147
60.000000000000,60.000000000000,60.000000000000
60.000000000000,60.000000000000,60.000000000000
60.000000000000,60.000000000000,60.000000000000
33.317293243961,55.168799317680,58.444164082662
50.689668620609,29.693669106945,56.172167091049
60.000000000000,60.000000000000,60.000000000000
60.000000000000,60.000000000000,60.000000000000
49.551610864832,9.749276567945,33.006934965355
60.000000000000,60.000000000000,60.000000000000
46.540462639898,38.190516176449,57.993382849216
60.000000000000,60.000000000000,60.000000000000
25.533886312578,42.269413911811,57.094325677996
60.000000000000,60.000000000000,60.000000000000
45.060950976619,19.786480294702,51.125873394707
60.000000000000,60.000000000000,60.000000000000
31.785964915333,45.159575444965,50.044597795020
60.000000000000,60.000000000000,60.000000000000
47.347151751543,1.265273625092,1.761887420126
17.636453001220,17.175722744259,55.931526185511
60.000000000000,60.000000000000,60.000000000000
58.078912143580,42.961204468772,20.578408828569
23.966911911536,6.916791181061,12.867018129370
43.234908742613,20.277432568890,22.348345447039
60.000000000000,60.000000000000,60.000000000000
60.000000000000,60.000000000000,60.000000000000
60.000000000000,60.000000000000,60.000000000000
60.000000000000,60.000000000000,60.000000000000
60.000000000000,60.000000000000,60.000000000000
60.000000000000,60.000000000000,60.000000000000
43.099754520810,37.243068347186,18.778897185328
0.000000000000,60.000000000000,60.000000000000
16.632937539008,28.304842909160,20.168925666201
45.792041638557,29.836210793353,24.165198173036
60.000000000000,60.000000000000,60.000000000000
60.000000000000,60.000000000000,60.000000000000
43.695522633434,28.811298958789,43.125079626734
60.000000000000,60.000000000000,60.000000000000
60.000000000000,60.000000000000,60.000000000000
60.000000000000,60.000000000000,60.000000000000
60.000000000000,60.000000000000,60.000000000000
60.000000000000,60.000000000000,60.000000000000
49.884330222324,2.816302201975,35.549902091805
60.000000000000,60.000000000000,60.000000000000
49.945355853779,56.500748282067,11.703136785056
41.753376308413,22.986796489134,39.255961262898
60.000000000000,60.000000000000,60.000000000000
60.000000000000,60.000000000000,60.000000000000
60.000000000000,57.083963367708,60.000000000000
60.000000000000,60.000000000000,60.000000000000
60.000000000000,60.000000000000,60.000000000000
60.000000000000,60.000000000000,60.000000000000
24.200909079706,53.438626449115,9.309041369711
60.000000000000,60.000000000000,60.000000000000
34.815381516349,14.331432890427,52.580528401591
60.000000000000,60.000000000000,60.000000000000
60.000000000000,60.000000000000,60.000000000000
60.000000000000,60.000000000000,60.000000000000
60.000000000000,60.000000000000,60.000000000000
60.000000000000,60.000000000000,60.000000000000
60.000000000000,60.000000000000,60.000000000000
60.000000000000,60.000000000000,60.000000000000
60.000000000000,60.000000000000,60.000000000000
57.833673304609,60.000000000000,5.832297609920
60.000000000000,60.000000000000,0.000000000000
60.000000000000,60.000000000000,60.000000000000
8.789498591761,60.000000000000,17.041026275639
60.000000000000,60.000000000000,60.000000000000
60.000000000000,60.000000000000,60.000000000000
12.039816308210,25.968835126982,60.000000000000
60.000000000000,60.000000000000,60.000000000000
60.000000000000,60.000000000000,60.000000000000
60.000000000000,60.000000000000,60.000000000000
34.713922949271,29.719210131775,32.670232680693
0.000000000000,60.000000000000,60.000000000000
60.000000000000,60.000000000000,60.000000000000
60.000000000000,60.000000000000,60.000000000000
60.000000000000,60.000000000000,60.000000000000
4.099624711935,16.801646224156,41.303485303686
0.000000000000,60.000000000000,0.000000000000
41.614389872144,31.192917164691,18.741815604612
60.000000000000,60.000000000000,60.000000000000
24.191383172923,31.228683233381,39.095756493599
5.608676040534,60.000000000000,60.000000000000
60.000000000000,60.000000000000,60.000000000000
60.000000000000,60.000000000000,60.000000000000
60.000000000000,7.883929221520,60.000000000000
60.000000000000,60.000000000000,60.000000000000
38.895576430791,33.737078872263,1.747102597301
60.000000000000,60.000000000000,60.000000000000
53.118079962147,50.617642705255,17.613478639271
46.172691241362,60.000000000000,36.321173948811
50.133060479858,1.353043248773,14.852002351910
28.648810517820,17.660600172469,7.235662199330
50.529487383658,21.699848901206,12.737057202609
60.000000000000,60.000000000000,60.000000000000
55.858891660893,7.549512275116,60.000000000000
60.000000000000,60.000000000000,60.000000000000
38.492850185522,60.000000000000,0.000000000000
60.000000000000,60.000000000000,60.000000000000
60.000000000000,60.000000000000,60.000000000000
60.000000000000,60.000000000000,60.000000000000
60.000000000000,60.000000000000,60.000000000000
60.000000000000,27.173036786788,16.732468854233
60.000000000000,60.000000000000,60.000000000000
60.000000000000,60.000000000000,60.000000000000
44.905712378527,59.102102456922,44.336400740798
60.000000000000,60.000000000000,60.000000000000
60.000000000000,60.000000000000,60.000000000000
60.000000000000,60.000000000000,60.000000000000
60.000000000000,60.000000000000,60.000000000000
60.000000000000,60.000000000000,60.000000000000
52.971993409530,9.933276872859,32.475938558745
60.000000000000,60.000000000000,60.000000000000
41.920862004630,46.755323952050,30.376799294819
35.622322463358,26.700930903057,11.646369520920
60.000000000000,60.000000000000,60.000000000000
46.388856372743,28.720427195356,28.450326798576
0.000000000000,60.000000000000,60.000000000000
60.000000000000,60.000000000000,60.000000000000
45.419915221401,60.000000000000,38.621701102236
60.000000000000,60.000000000000,60.000000000000
60.000000000000,60.000000000000,60.000000000000
60.000000000000,60.000000000000,60.000000000000
60.000000000000,60.000000000000,60.000000000000
60.000000000000,60.000000000000,60.000000000000
6.982933925865,35.890033829023,53.359483134795
60.000000000000,60.000000000000,60.000000000000
60.000000000000,56.264348929001,60.000000000000
60.000000000000,60.000000000000,60.000000000000
60.000000000000,60.000000000000,60.000000000000
60.000000000000,60.000000000000,60.000000000000
60.000000000000,60.000000000000,60.000000000000
60.000000000000,60.000000000000,60.000000000000
60.000000000000,60.000000000000,60.000000000000
60.000000000000,0.000000000000,60.000000000000
58.033010905242,60.000000000000,49.188460710122
60.000000000000,60.000000000000,60.000000000000
60.000000000000,60.000000000000,60.000000000000
60.000000000000,60.000000000000,60.000000000000
10.021536445206,6.031474621813,45.052290090357
60.000000000000,60.000000000000,60.000000000000
27.718193608130,46.055723742154,24.564892555204
60.000000000000,60.000000000000,60.000000000000
41.176543533285,21.031179328509,57.517511793469
60.000000000000,60.000000000000,60.000000000000
60.000000000000,60.000000000000,60.000000000000
60.000000000000,60.000000000000,60.000000000000
60.000000000000,60.000000000000,60.000000000000
60.000000000000,60.000000000000,60.000000000000
60.000000000000,60.000000000000,60.000000000000
60.000000000000,60.000000000000,60.000000000000
34.931050442590,31.135394268932,51.960442245556
60.000000000000,60.000000000000,60.000000000000
60.000000000000,60.000000000000,60.000000000000
60.000000000000,60.000000000000,60.000000000000
50.981384151539,8.293516721199,3.926828304767
60.000000000000,60.000000000000,60.000000000000
46.591823577103,9.160620169877,9.831372553300
60.000000000000,60.000000000000,60.000000000000
60.000000000000,60.000000000000,60.000000000000
60.000000000000,60.000000000000,60.000000000000
0.000000000000,60.000000000000,60.000000000000
60.000000000000,60.000000000000,60.000000000000
52.328719192361,46.804167471565,9.797494263642
60.000000000000,60.000000000000,60.000000000000
26.871207574347,12.084545861642,13.641785432413
55.626239417087,32.646629345941,26.690570379499
53.233051841545,2.998444150359,29.259744652581
60.000000000000,0.000000000000,60.000000000000
7.066376048092,26.155190739726,26.451412775144
53.700769571874,21.051150439900,32.693487609589
49.760969247954,45.096333297057,36.851737533799
6.931620869051,44.948541294484,49.801152499568
60.000000000000,60.000000000000,60.000000000000
37.292359598924,47.119602138340,44.219822398804
60.000000000000,51.136070036812,52.453316854088
60.000000000000,0.000000000000,60.000000000000
5.755366202490,37.721721523141,26.865354071240
60.000000000000,0.000000000000,60.000000000000
57.607231817019,6.139188478173,13.865503256343
60.000000000000,0.000000000000,60.000000000000
60.000000000000,60.000000000000,60.000000000000
53.192380520323,39.267600762066,36.605998122351
58.152491433793,8.961653670245,17.100439028763
30.142111223498,28.977795539175,57.019656465029
54.713767995711,40.107943490657,42.144290531707
23.121244525291,60.000000000000,31.653072700001
60.000000000000,60.000000000000,60.000000000000
19.779625548846,15.757547802550,31.422154653414
60.000000000000,60.000000000000,60.000000000000
51.559699212950,24.516097191669,32.116450188908
24.656713525503,40.373875602466,37.782502822206
60.000000000000,60.000000000000,60.000000000000
57.715322833665,41.777133279455,34.325345920305
60.000000000000,0.000000000000,60.000000000000
60.000000000000,60.000000000000,60.000000000000
55.023150792443,23.554509476753,34.699394732188
44.865334875064,60.000000000000,49.372365792172
60.000000000000,0.000000000000,60.000000000000
51.553108941656,46.288855084095,19.814211277798
53.196911951761,17.455643341116,27.882654960654
60.000000000000,60.000000000000,60.000000000000
55.438199963093,60.000000000000,3.805146579576
54.249189535633,36.243910437198,8.695226188216
16.206052671905,16.775812187279,7.727842825743
60.000000000000,60.000000000000,60.000000000000
60.000000000000,0.000000000000,60.000000000000
36.402996067022,52.569957927463,41.210101339787
60.000000000000,60.000000000000,60.000000000000
53.729149089496,39.150400827618,25.682738169510
60.000000000000,0.000000000000,60.000000000000
31.051409689756,60.000000000000,14.822811800315
51.258921639916,31.334798266076,27.077349715058
57.384795593226,36.362252163444,30.643771838118
60.000000000000,0.000000000000,60.000000000000
60.000000000000,60.000000000000,60.000000000000
10.893719921884,36.405663768712,56.812554422556
47.483952615833,33.986766579952,25.379353913511
60.000000000000,60.000000000000,60.000000000000
60.000000000000,60.000000000000,60.000000000000
60.000000000000,60.000000000000,60.000000000000
60.000000000000,60.000000000000,60.000000000000
60.000000000000,0.000000000000,60.000000000000
60.000000000000,0.000000000000,60.000000000000
60.000000000000,60.000000000000,60.000000000000
27.484443196842,60.000000000000,53.528951319841
36.736312810506,60.000000000000,12.135868483530
60.000000000000,0.000000000000,60.000000000000
57.359082597696,30.000221080300,33.444813789720
28.630072790725,17.680120505014,5.882124969264
60.000000000000,2.204711987120,14.955685263289
54.932538174098,50.816209179989,11.960535991076
60.000000000000,0.000000000000,60.000000000000
53.303557917081,31.259241887321,54.490420036407
60.000000000000,0.000000000000,60.000000000000
58.159543626500,50.865922993690,60.000000000000
60.000000000000,60.000000000000,60.000000000000
60.000000000000,60.000000000000,60.000000000000
33.052448633279,55.031441879819,51.398922002301
52.978110565618,8.958863983778,34.971963533427
30.867608904702,8.657252343344,21.625162237434
60.000000000000,0.000000000000,60.000000000000
52.419481821403,22.783112074556,42.014004292230
53.589982348127,56.025988146745,18.885450253713
60.000000000000,60.000000000000,60.000000000000
60.000000000000,0.000000000000,60.000000000000
60.000000000000,60.000000000000,60.000000000000
60.000000000000,60.000000000000,60.000000000000
60.000000000000,0.000000000000,60.000000000000
60.000000000000,0.000000000000,60.000000000000
54.738483831501,37.817279766506,28.209815923159
31.267637225646,0.429675475236,13.943530039877
60.000000000000,60.000000000000,60.000000000000
54.054605304637,52.428356800905,58.426216133459
60.000000000000,15.100935743927,52.609787022533
55.616848973124,14.787074325476,21.104229365846
51.177979718308,30.610030202784,28.633464325098
18.259346314140,17.041382623051,32.880074981861
60.000000000000,60.000000000000,60.000000000000
60.000000000000,60.000000000000,60.000000000000
60.000000000000,60.000000000000,60.000000000000
0.000000000000,60.000000000000,47.116402735989
60.000000000000,60.000000000000,60.000000000000
55.289299411614,47.826044153267,29.745491497498
60.000000000000,6.638637722404,53.854801961789
53.917608223456,51.543398320539,51.520512124278
60.000000000000,60.000000000000,60.000000000000
60.000000000000,60.000000000000,0.000000000000
3.833004847276,8.033406384980,33.423973319070
59.062091819293,20.694431395911,12.003182292984
60.000000000000,60.000000000000,60.000000000000
60.000000000000,60.000000000000,60.000000000000
60.000000000000,60.000000000000,60.000000000000
0.000000000000,60.000000000000,60.000000000000
60.000000000000,60.000000000000,60.000000000000
53.225429470179,22.389379978639,44.488465990327
60.000000000000,60.000000000000,60.000000000000
12.257540742155,59.906861192865,26.927468803045
60.000000000000,60.000000000000,60.000000000000
57.354368635078,0.700995673735,49.234871075508
60.000000000000,60.000000000000,60.000000000000
53.571889556976,22.719038224288,15.175094561541
60.000000000000,60.000000000000,60.000000000000
16.210180163049,21.979472444714,46.061473584273
60.000000000000,60.000000000000,60.000000000000
60.000000000000,60.000000000000,60.000000000000
60.000000000000,50.970957278822,23.901325035510
60.000000000000,60.000000000000,60.000000000000
54.996737317747,30.410026441607,18.622038780032
6.886740805575,22.973974633587,44.950020833586
60.000000000000,60.000000000000,60.000000000000
34.342940488918,35.023372568333,31.519079050325
60.000000000000,60.000000000000,60.000000000000
52.834729076492,29.303705076501,28.341016189489
60.000000000000,60.000000000000,60.000000000000
56.518223842054,44.849864067162,24.036910509203
60.000000000000,60.000000000000,60.000000000000
58.612065996475,29.845608109285,12.353625827858
60.000000000000,60.000000000000,60.000000000000
39.973180932805,17.527821189904,30.413677268611
60.000000000000,60.000000000000,60.000000000000
60.000000000000,60.000000000000,60.000000000000
60.000000000000,60.000000000000,60.000000000000
60.000000000000,60.000000000000,60.000000000000
59.342198229795,20.165654130222,35.978848302861
60.000000000000,60.000000000000,60.000000000000
60.000000000000,60.000000000000,60.000000000000
60.000000000000,60.000000000000,60.000000000000
60.000000000000,60.000000000000,60.000000000000
55.923515065773,40.245871691351,1.319719634942
60.000000000000,60.000000000000,60.000000000000
57.731259119036,25.568923466961,16.907339059448
56.632676811173,19.330793779779,32.389162398028
59.957165547553,51.553748338344,23.405360451384
60.000000000000,60.000000000000,60.000000000000
60.000000000000,60.000000000000,60.000000000000
13.964653365155,39.190521691114,21.572335909383
47.909667897995,21.232892919242,60.000000000000
59.775308806194,38.119582471247,29.135440331158
60.000000000000,60.000000000000,0.000000000000
60.000000000000,60.000000000000,60.000000000000
60.000000000000,60.000000000000,60.000000000000
54.860136439788,44.281490517676,60.000000000000
60.000000000000,60.000000000000,60.000000000000
60.000000000000,60.000000000000,60.000000000000
60.000000000000,60.000000000000,60.000000000000
60.000000000000,60.000000000000,60.000000000000
60.000000000000,60.000000000000,60.000000000000
52.430361875892,60.000000000000,28.500022044032
54.259554371273,15.045841998689,48.016352010359
60.000000000000,60.000000000000,60.000000000000
59.398149123442,53.671001539446,44.615378091863
60.000000000000,60.000000000000,60.000000000000
60.000000000000,60.000000000000,60.000000000000
60.000000000000,60.000000000000,60.000000000000
56.444094808547,35.908055225942,0.541175168077
0.000000000000,60.000000000000,60.000000000000
60.000000000000,60.000000000000,60.000000000000
60.000000000000,60.000000000000,60.000000000000
60.000000000000,60.000000000000,60.000000000000
60.000000000000,0.000000000000,60.000000000000
3.548606811302,16.866611528688,30.119412446453
60.000000000000,60.000000000000,60.000000000000
57.161063929501,50.962345420098,54.567792940250
56.481029332035,22.106923833426,40.373638613789
60.000000000000,0.377770569688,47.374151916102
60.000000000000,60.000000000000,60.000000000000
60.000000000000,60.000000000000,60.000000000000
60.000000000000,60.000000000000,60.000000000000
60.000000000000,60.000000000000,60.000000000000
60.000000000000,60.000000000000,60.000000000000
51.458047124635,4.201373106301,57.435711736860
60.000000000000,60.000000000000,60.000000000000
36.399667113676,24.977917993890,34.339855223265
60.000000000000,60.000000000000,60.000000000000
60.000000000000,60.000000000000,0.000000000000
60.000000000000,60.000000000000,60.000000000000
60.000000000000,60.000000000000,60.000000000000
60.000000000000,60.000000000000,60.000000000000
0.000000000000,60.000000000000,60.000000000000
7.523193784034,60.000000000000,60.000000000000
60.000000000000,60.000000000000,60.000000000000
16.703664666982,13.777410822902,13.846301675668
60.000000000000,60.000000000000,60.000000000000
60.000000000000,60.000000000000,60.000000000000
60.000000000000,60.000000000000,60.000000000000
60.000000000000,60.000000000000,60.000000000000
60.000000000000,60.000000000000,60.000000000000
60.000000000000,60.000000000000,60.000000000000
0.000000000000,60.000000000000,60.000000000000
60.000000000000,60.000000000000,60.000000000000
47.753814880785,60.000000000000,6.081280436141
7.027610833114,23.242484462943,26.593986439798
60.000000000000,60.000000000000,60.000000000000
60.000000000000,60.000000000000,60.000000000000
41.426873495446,60.000000000000,60.000000000000
60.000000000000,60.000000000000,60.000000000000
38.840987547575,34.953513843621,29.372561428797
11.445194805146,51.284780010240,18.957189221645
58.032989594126,6.179096466764,17.897601769860
60.000000000000,60.000000000000,60.000000000000
54.397541631474,43.534979649766,17.166866281102
60.000000000000,60.000000000000,60.000000000000
60.000000000000,60.000000000000,60.000000000000
60.000000000000,60.000000000000,0.000000000000
46.881247435792,58.734856257430,58.186933533019
60.000000000000,60.000000000000,60.000000000000
40.627268235871,52.514313097528,50.731224177280
20.756044482251,60.000000000000,60.000000000000
52.765403281030,9.720714297380,13.316007934192
60.000000000000,60.000000000000,60.000000000000
53.819439640813,36.220634720760,33.355799468303
60.000000000000,60.000000000000,24.940348740388
60.000000000000,60.000000000000,60.000000000000
60.000000000000,60.000000000000,60.000000000000
25.217832194601,15.816332486953,23.524930308370
60.000000000000,60.000000000000,60.000000000000
44.551533359942,7.341319232023,10.248514743808
60.000000000000,60.000000000000,60.000000000000
60.000000000000,60.000000000000,60.000000000000
60.000000000000,60.000000000000,60.000000000000
31.430171129334,60.000000000000,60.000000000000
60.000000000000,60.000000000000,60.000000000000
60.000000000000,60.000000000000,60.000000000000
60.000000000000,60.000000000000,60.000000000000
57.237655545816,19.593328380552,22.294827861341
60.000000000000,60.000000000000,60.000000000000
50.395400577991,50.299489842800,26.217044308327
60.000000000000,60.000000000000,60.000000000000
60.000000000000,60.000000000000,60.000000000000
60.000000000000,60.000000000000,60.000000000000
58.449187781220,50.803189038291,13.824656846325
60.000000000000,60.000000000000,60.000000000000
36.291934051151,20.154528893193,21.494351358067
60.000000000000,60.000000000000,60.000000000000
60.000000000000,60.000000000000,60.000000000000
53.135906723054,29.888123096644,19.551590077282
60.000000000000,7.657416690097,16.553598429563
60.000000000000,60.000000000000,60.000000000000
60.000000000000,15.189867586535,60.000000000000
60.000000000000,60.000000000000,60.000000000000
60.000000000000,60.000000000000,60.000000000000
60.000000000000,60.000000000000,60.000000000000
60.000000000000,60.000000000000,60.000000000000
60.000000000000,60.000000000000,60.000000000000
60.000000000000,60.000000000000,60.000000000000
60.000000000000,60.000000000000,60.000000000000
60.000000000000,0.000000000000,60.000000000000
60.000000000000,60.000000000000,60.000000000000
60.000000000000,60.000000000000,60.000000000000
60.000000000000,60.000000000000,60.000000000000
60.000000000000,60.000000000000,60.000000000000
60.000000000000,60.000000000000,60.000000000000
60.000000000000,36.155717506391,60.000000000000
60.000000000000,60.000000000000,60.000000000000
52.997911195039,11.492923500190,60.000000000000
60.000000000000,60.000000000000,60.000000000000
60.000000000000,60.000000000000,0.000000000000
60.000000000000,60.000000000000,60.000000000000
30.494477832433,43.163648433483,46.578600843741
60.000000000000,60.000000000000,60.000000000000
52.505101356467,52.316923441165,41.757304171566
60.000000000000,60.000000000000,60.000000000000
55.790636446613,33.509022388802,17.924773898591
60.000000000000,60.000000000000,60.000000000000
60.000000000000,60.000000000000,60.000000000000
60.000000000000,60.000000000000,60.000000000000
60.000000000000,60.000000000000,60.000000000000
60.000000000000,0.000000000000,60.000000000000
60.000000000000,60.000000000000,60.000000000000
60.000000000000,60.000000000000,60.000000000000
54.731332215693,16.589645732121,57.769947397445
60.000000000000,60.000000000000,60.000000000000
60.000000000000,60.000000000000,60.000000000000
60.000000000000,60.000000000000,60.000000000000
35.321519963532,38.219326944416,54.930250640440
60.000000000000,60.000000000000,60.000000000000
60.000000000000,32.668288129829,6.822667721873
60.000000000000,60.000000000000,60.000000000000
60.000000000000,60.000000000000,60.000000000000
60.000000000000,34.649819655013,27.323979673051
60.000000000000,60.000000000000,60.000000000000
60.000000000000,60.000000000000,60.000000000000
