x,y,z
1.845730282129,15.838378329064,42.748994430051
47.082721906034,22.651275601990,57.546531908790
6.165285280259,21.820993245182,52.288440737175
6.929255929605,28.206783428902,27.942567983650
6.279370356440,15.620966783133,23.658005129560
60.000000000000,0.000000000000,60.000000000000
6.136299485298,4.958430929440,27.322433633875
60.000000000000,0.000000000000,60.000000000000
4.926277765592,57.524032338761,52.165648141529
60.000000000000,0.000000000000,60.000000000000
8.000804447530,26.198914507394,47.445690959776
16.698501606446,8.724158353904,31.126255483779
0.084809406092,11.149706470613,47.199686506057
2.094575523873,30.825639596492,38.661767154049
3.678725404037,15.828940880914,18.787927285426
59.316851841862,13.283161956781,27.608489263524
6.072113474854,12.512896807093,46.177481357486
3.112309210575,33.253041962075,38.658419091411
4.244184551840,41.486446057921,25.929951766569
3.837183733662,6.623113141945,6.893704423430
4.037419929560,37.971929470258,8.325003415973
49.291572855537,56.498944453798,38.464264782546
50.531510172263,42.828402592343,43.217577934236
60.000000000000,0.000000000000,60.000000000000
8.439457004919,34.551408582682,51.972938817917
2.927372181082,38.260868352370,34.227251941789
60.000000000000,0.000000000000,60.000000000000
60.000000000000,0.000000000000,60.000000000000
5.223474335302,53.529026376145,34.784342177684
60.000000000000,60.000000000000,60.000000000000
0.236287225886,46.125171493727,43.400068334495
23.840752265506,46.785116795863,34.721317776441
6.381473410762,4.123632715624,3.202210278039
6.802678518991,34.072624151365,22.419374223322
2.044684951616,5.316986975126,43.154973129505
47.722828120270,22.451376244668,11.023547885172
8.093458925640,1.281532910757,47.968389384127
13.366582665334,49.463593739629,6.583584457777
3.507037448742,12.365507028649,43.579252611471
33.113275140824,41.082939966692,25.337855016020
60.000000000000,0.000000000000,60.000000000000
0.371049443193,29.612087173314,35.600917599157
7.315893176772,5.459053816812,51.477599161108
39.427866982082,6.145991164833,14.236925356127
27.982883725073,49.114717952281,36.583059971101
4.549937341433,37.116416906932,39.074032404492
5.323339360358,27.785956485364,25.540104142653
5.321509405986,37.714719009668,31.870110749287
60.000000000000,0.000000000000,60.000000000000
6.068670248796,34.168846952724,39.853970812055
5.558230944272,39.293147141003,50.657015175520
5.441952063610,39.566881911814,26.420621475978
6.860311449865,9.565672148028,51.790845714065
60.000000000000,60.000000000000,60.000000000000
60.000000000000,0.000000000000,60.000000000000
60.000000000000,0.000000000000,60.000000000000
1.119801370990,28.629770497280,47.046678699648
4.929496896065,32.338509396550,29.629281269785
0.289297637421,20.006734502468,25.604191744440
4.004280067560,20.166932160985,33.096878936455
5.273636646660,16.258368456404,44.514108347800
8.629930811380,36.907990069480,20.871701977364
4.607257259057,22.915324616954,0.086884241850
6.452418998854,21.310214219975,20.192087750865
60.000000000000,60.000000000000,60.000000000000
5.481681366681,26.626672249853,27.721882116155
1.712722400775,18.472753326140,12.582624928042
60.000000000000,0.000000000000,60.000000000000
3.933804819683,48.162279043245,10.985242361046
37.894170990715,60.000000000000,27.808675704768
5.445116792615,14.381867733541,7.026980170028
41.141911145626,60.000000000000,35.269023338862
3.260961546268,33.385117834047,4.698658076293
1.253652668646,32.572786284497,35.974606922443
3.591605026550,49.459504928806,33.064870561010
6.840663412409,30.444936839622,25.427388600651
23.977594179721,14.160473854679,32.239124658694
7.695124441883,38.153767806537,27.594413810952
60.000000000000,0.000000000000,60.000000000000
60.000000000000,0.000000000000,60.000000000000
6.434901143339,36.776503528798,17.081727307509
57.094450937785,0.000000000000,60.000000000000
60.000000000000,60.000000000000,60.000000000000
0.621931673279,32.344419676710,23.402080142721
11.453359767064,23.548244901046,29.828318192905
9.112889365845,60.000000000000,34.089751021412
47.511446840259,60.000000000000,60.000000000000
8.703562607837,31.028566662992,37.446196512536
8.853777195554,56.822710238156,37.503399642688
60.000000000000,60.000000000000,15.634494576189
4.442799131591,46.048899929383,16.734257289089
10.781210707523,30.572970143415,27.439877778541
0.330772794464,41.179660671352,20.765129084563
17.959692260366,8.389759241761,9.191113172841
1.484232870148,27.520958180634,13.971884714023
60.000000000000,60.000000000000,60.000000000000
6.349286018610,25.716002522772,45.416268171251
4.626247157103,28.441597965213,33.298504661403
60.000000000000,60.000000000000,60.000000000000
7.813316627904,19.905312958973,23.682020785557
5.461166209524,45.939913547346,40.511937669690
60.000000000000,60.000000000000,60.000000000000
60.000000000000,60.000000000000,60.000000000000
60.000000000000,60.000000000000,60.000000000000
1.461816598621,60.000000000000,29.204335323365
60.000000000000,60.000000000000,60.000000000000
35.071942164852,26.506861072634,47.839532139103
60.000000000000,60.000000000000,60.000000000000
60.000000000000,0.000000000000,60.000000000000
60.000000000000,60.000000000000,60.000000000000
5.481300893823,60.000000000000,57.433171443342
60.000000000000,60.000000000000,60.000000000000
36.336020768630,6.679227787785,36.283384788148
60.000000000000,60.000000000000,60.000000000000
3.429453621773,42.330219661303,46.996199862390
60.000000000000,60.000000000000,60.000000000000
16.603293108826,13.935585627805,5.780781489954
60.000000000000,60.000000000000,60.000000000000
8.654415382205,18.973141927394,15.830142424331
60.000000000000,60.000000000000,60.000000000000
5.481828299049,41.113057468367,22.347952752268
60.000000000000,60.000000000000,60.000000000000
0.689223246883,2.567772985504,49.014173437808
0.306781438361,31.492604743642,28.856234991484
7.599373329675,56.421867896206,0.179864226814
36.366023595845,31.727690538530,9.607553696325
34.120654330829,32.520072772794,27.159486514315
60.000000000000,60.000000000000,60.000000000000
0.378755738978,53.859591759170,37.602652934521
60.000000000000,60.000000000000,60.000000000000
11.913149834790,31.780659852595,53.120253370389
60.000000000000,60.000000000000,60.000000000000
60.000000000000,60.000000000000,60.000000000000
60.000000000000,60.000000000000,60.000000000000
0.738838767883,8.764390165310,25.431785291803
60.000000000000,60.000000000000,60.000000000000
1.774833480525,35.228307143844,9.871215443158
60.000000000000,60.000000000000,60.000000000000
8.057880925603,18.967240924793,25.879962074096
60.000000000000,60.000000000000,60.000000000000
4.278090815124,4.840012495956,17.638136303250
53.476896748960,1.710150855549,29.580799695412
60.000000000000,60.000000000000,60.000000000000
1.342681670216,36.074863473740,36.771798267431
60.000000000000,60.000000000000,60.000000000000
16.945000928750,29.664804849379,60.000000000000
8.719271676233,28.321131106816,40.372836608865
60.000000000000,60.000000000000,60.000000000000
5.932797426560,5.215838754874,47.954120284929
1.234113912913,28.065743254842,26.112346685806
6.400927747406,35.629303876271,3.371362604765
60.000000000000,60.000000000000,60.000000000000
60.000000000000,31.346260988129,38.843183447817
1.642857207920,18.490565952171,38.234580069740
60.000000000000,60.000000000000,60.000000000000
60.000000000000,60.000000000000,60.000000000000
5.831562815289,46.466307339567,13.959263863030
60.000000000000,60.000000000000,60.000000000000
60.000000000000,60.000000000000,60.000000000000
3.601954574010,19.723294499079,30.555783547767
42.880731739063,21.150950095593,1.619657514144
3.147817945219,30.720313389221,13.625348049032
60.000000000000,60.000000000000,60.000000000000
60.000000000000,60.000000000000,60.000000000000
6.850568084401,21.414655192028,58.357396954839
1.805661146322,28.810963995980,35.497431399665
1.177360412657,35.920955632801,12.473859633458
60.000000000000,60.000000000000,60.000000000000
4.173517070457,53.970086247595,19.625919794432
60.000000000000,60.000000000000,60.000000000000
60.000000000000,60.000000000000,60.000000000000
60.000000000000,60.000000000000,60.000000000000
6.609788220057,52.689686439124,15.815757548985
60.000000000000,60.000000000000,60.000000000000
60.000000000000,60.000000000000,60.000000000000
60.000000000000,60.000000000000,60.000000000000
60.000000000000,60.000000000000,60.000000000000
4.669866228990,36.039305583676,26.693121426854
6.199091245211,20.870663916757,39.667651837611
14.847666186616,33.434058363183,60.000000000000
8.131390832792,19.275301845282,28.681009646097
49.248189388190,14.029368904396,7.686670298174
0.764796985538,25.548232789748,18.507675112928
60.000000000000,60.000000000000,60.000000000000
0.974581936385,44.218313846440,55.728111478356
60.000000000000,60.000000000000,60.000000000000
60.000000000000,60.000000000000,60.000000000000
60.000000000000,60.000000000000,60.000000000000
6.380555486851,15.029833069482,49.142800279102
60.000000000000,60.000000000000,60.000000000000
60.000000000000,60.000000000000,60.000000000000
60.000000000000,60.000000000000,60.000000000000
8.461126103455,1.147136046220,51.691952214935
60.000000000000,60.000000000000,60.000000000000
60.000000000000,52.016809273166,20.787880368888
10.196204029874,55.635852935377,6.055488474780
3.493444986278,51.934113331984,40.744605194153
6.941530442295,39.175315520235,22.322398342375
60.000000000000,60.000000000000,60.000000000000
60.000000000000,12.118635425659,60.000000000000
60.000000000000,60.000000000000,60.000000000000
21.336816722131,47.175954591174,44.404555086712
1.461963004503,13.894628709298,52.242242857765
60.000000000000,60.000000000000,60.000000000000
60.000000000000,60.000000000000,60.000000000000
60.000000000000,60.000000000000,60.000000000000
60.000000000000,34.552173218408,20.070736069199
60.000000000000,60.000000000000,60.000000000000
3.921824548676,29.997691728928,15.082465737713
4.120798699557,25.876805708893,32.327698645023
2.031428038883,9.694190842607,38.366207221093
60.000000000000,60.000000000000,60.000000000000
60.000000000000,60.000000000000,60.000000000000
10.810335382634,60.000000000000,48.330833404371
6.120575258688,28.933886096164,43.155275044427
45.903500308794,39.330960720087,41.622854010340
7.914884227217,4.867826560826,10.042910376926
60.000000000000,60.000000000000,60.000000000000
3.803904533215,51.398270656645,21.118703872472
60.000000000000,60.000000000000,60.000000000000
60.000000000000,60.000000000000,60.000000000000
54.117695926586,60.000000000000,21.528738987921
4.749412125382,22.793500933463,54.609071734015
60.000000000000,60.000000000000,60.000000000000
8.388068427787,45.723959854427,9.712993834524
60.000000000000,60.000000000000,60.000000000000
8.472152315254,42.993919928294,34.783099640693
51.245839349843,11.699273463165,15.553949176424
8.506630822254,53.779912437426,0.340238809056
14.213350450176,1.932090792263,28.170893106013
38.133082492096,58.554559556994,33.242470046987
60.000000000000,60.000000000000,60.000000000000
60.000000000000,60.000000000000,60.000000000000
4.056369570676,36.133321666545,27.812999801510
1.935190251352,2.946973438135,19.824155329996
60.000000000000,60.000000000000,60.000000000000
5.365673605375,36.780236708187,34.175827204910
2.502717686963,32.686210062460,27.566812051166
2.186242951067,6.182728915726,20.773376478960
5.542232428154,31.529631750327,38.743259409734
60.000000000000,60.000000000000,60.000000000000
60.000000000000,0.000000000000,60.000000000000
13.805474563571,7.243397701695,34.668989183639
60.000000000000,27.491565088629,19.256799468867
4.339277054546,28.004205660812,18.719438171607
60.000000000000,60.000000000000,60.000000000000
60.000000000000,60.000000000000,60.000000000000
60.000000000000,60.000000000000,60.000000000000
45.069860078460,20.459681942056,60.000000000000
60.000000000000,60.000000000000,60.000000000000
3.292119799296,41.782119433860,32.430681752243
60.000000000000,60.000000000000,60.000000000000
60.000000000000,60.000000000000,60.000000000000
30.083926865040,6.633984344558,14.006269852748
9.680387811805,34.010643360969,34.503645747973
60.000000000000,60.000000000000,60.000000000000
0.863251769610,7.511541092016,32.206496072285
60.000000000000,60.000000000000,60.000000000000
41.350120395021,6.781174578093,28.967459092702
60.000000000000,38.824578825149,60.000000000000
4.618315204845,46.522664467277,2.191801138709
60.000000000000,0.000000000000,60.000000000000
11.376470674302,18.646068006152,10.861061273747
60.000000000000,60.000000000000,60.000000000000
0.097565833931,1.301777644654,35.711059771851
53.310067681051,19.262189331061,29.678289708334
27.051144820525,22.422197887107,19.652645635073
60.000000000000,60.000000000000,60.000000000000
60.000000000000,60.000000000000,60.000000000000
8.331968636749,36.533690922828,23.859122156019
5.843565355086,19.469379227359,9.965232863718
60.000000000000,60.000000000000,60.000000000000
19.289077435515,8.963203998441,46.879487676614
60.000000000000,0.000000000000,60.000000000000
60.000000000000,60.000000000000,60.000000000000
60.000000000000,60.000000000000,60.000000000000
4.803705109819,31.510438253976,24.463879942556
60.000000000000,60.000000000000,60.000000000000
60.000000000000,60.000000000000,60.000000000000
5.317535433373,60.000000000000,60.000000000000
5.688274659737,7.278885567974,16.893271995100
60.000000000000,60.000000000000,60.000000000000
60.000000000000,60.000000000000,60.000000000000
60.000000000000,30.332293598646,14.292893881220
60.000000000000,60.000000000000,60.000000000000
4.468846250386,36.651746698772,25.526102722780
60.000000000000,60.000000000000,60.000000000000
2.350742934274,51.896826289425,0.000000000000
6.543311982620,33.266816472094,43.289831384649
60.000000000000,60.000000000000,60.000000000000
54.580559916827,10.196001084389,36.525791602730
60.000000000000,60.000000000000,60.000000000000
1.691524199373,4.114617954829,21.009548239284
60.000000000000,60.000000000000,60.000000000000
45.263654379723,34.464897084494,31.994478681439
60.000000000000,60.000000000000,60.000000000000
5.937971974618,26.601529391659,15.465663390440
1.629929304192,26.537590240659,34.587145972402
2.994237439414,60.000000000000,15.935016444771
60.000000000000,60.000000000000,60.000000000000
14.184415976696,55.267048268821,36.433965794571
9.791588229847,28.040762226772,36.253015719254
12.037656939506,2.558509724597,52.058995022528
8.670948222549,33.210374094970,24.519348593892
16.831248150964,43.664676718739,23.932103626474
0.177619220457,50.709521470203,32.472604895715
11.516999378235,46.585082600376,47.113433150172
60.000000000000,0.000000000000,60.000000000000
15.618611438145,34.777071078927,2.580965019600
10.315339923462,32.675490148182,27.409359367081
14.998729538534,7.933553945864,21.957279178603
10.169530577077,29.137525022202,38.795939348273
16.811388868016,22.378053231651,3.945125676299
60.000000000000,0.000000000000,60.000000000000
9.896064803408,45.881121614170,50.717504990295
10.893353002522,28.269850927584,33.558280555542
16.576286601202,21.843122465078,50.114094760696
37.915643902025,33.040795237048,1.726514781306
10.384708605814,18.013582703170,42.078813039600
11.825657324229,35.988549645567,19.845279811929
10.163016815737,43.097769949123,49.740171637955
60.000000000000,0.000000000000,1.627722512516
58.071413217659,39.439660555838,35.530602846532
11.723514510546,32.382866356495,22.606857443193
12.620811086718,4.842650373492,30.599991687252
10.317654238340,31.647999276968,30.187846993644
9.034391326858,12.439312208875,15.044524102478
9.916489775675,35.881845541200,38.296766974020
12.864900913129,10.934943359199,9.062914641612
11.484250479183,19.893389957684,22.982254707123
16.833991032940,25.372910786794,12.022044287544
16.512204300682,34.197189495179,35.749478267093
3.750284791676,54.445572582050,24.144733353999
16.577603157168,40.644345695309,28.329529270924
8.955268292431,5.763403096389,59.000703032901
44.336296409187,33.535504253991,60.000000000000
11.719018077783,26.816295069118,5.826342547617
14.023920252814,31.273471717992,26.312361300056
13.445808915928,24.454633830845,5.635747531095
12.827298869195,29.412509162477,39.750749070216
60.000000000000,0.000000000000,60.000000000000
8.688278502454,33.721776017781,21.829674273440
60.000000000000,0.000000000000,60.000000000000
18.785457398604,23.420408536101,24.250566888903
16.138366723648,49.946038490203,5.238421797345
60.000000000000,0.000000000000,60.000000000000
33.805232149151,2.067399258697,44.780941924018
13.159142105101,23.046558328828,24.237895780086
60.000000000000,0.000000000000,60.000000000000
17.927285557935,25.615119740478,28.874326653614
13.594921901035,49.433178261929,35.829851875940
15.520524100975,35.019113292529,30.102726947615
26.481165148516,38.871648953434,30.056197214857
5.030066913820,21.848330250230,22.672068492406
60.000000000000,0.000000000000,60.000000000000
17.935097526049,40.489078824751,16.679283756535
14.665030106985,40.073581649290,3.430510922354
56.337542386836,29.947390506491,30.273531484288
11.828920988029,10.451262603602,3.905631109996
60.000000000000,60.000000000000,60.000000000000
13.586932777743,4.898114895741,19.392219949322
60.000000000000,0.000000000000,60.000000000000
60.000000000000,60.000000000000,0.000000000000
60.000000000000,0.000000000000,60.000000000000
9.750425954559,22.725642234471,54.756112437766
60.000000000000,0.000000000000,60.000000000000
10.343659189774,18.186375422674,53.615539301373
60.000000000000,0.000000000000,60.000000000000
8.827880856412,39.997088677694,52.873682271869
9.757214493304,22.995531442252,39.264936051548
4.749841171571,45.964799991663,35.299013077696
60.000000000000,0.000000000000,60.000000000000
16.756181380860,5.276180827674,14.183475432361
60.000000000000,0.000000000000,60.000000000000
10.263064613367,29.741182620484,17.895033659008
60.000000000000,0.000000000000,60.000000000000
0.699027934574,11.781933678130,5.436130665735
7.953094494222,28.098933598787,32.590343165027
60.000000000000,0.000000000000,60.000000000000
60.000000000000,0.000000000000,60.000000000000
14.533495235259,44.541664563986,52.334113678585
60.000000000000,0.000000000000,60.000000000000
3.450661189070,60.000000000000,60.000000000000
17.064205804710,29.161602908966,29.533693713414
9.028061780910,32.248950461529,42.914014088940
16.078935062501,24.695959493553,41.199124053358
16.759340865914,27.709000185833,60.000000000000
13.825976341914,26.053215227457,22.329279360411
13.235769349915,29.889356450799,2.849774757430
9.593082993692,24.560385863209,6.861472715984
12.762701885976,60.000000000000,46.920920290135
15.768908611709,29.036053360939,32.982631764110
60.000000000000,2.556357292189,27.787632889676
60.000000000000,60.000000000000,60.000000000000
11.820362128676,30.521491147954,41.545871148500
19.075496113429,0.000000000000,29.624887709746
15.283440162351,36.989281685398,15.177169836390
49.871530541586,18.563265415882,7.979597818651
60.000000000000,0.000000000000,60.000000000000
14.959074521008,36.799859060133,22.744275660704
31.950513201985,6.057793441613,36.089901888056
15.698118003419,60.000000000000,37.404519209427
36.517707357373,0.000000000000,38.583207329934
40.227609047413,0.000000000000,49.394233186886
10.279737808219,30.695924914796,33.564792777628
60.000000000000,0.000000000000,60.000000000000
9.301880522084,45.032545511704,19.389719994708
60.000000000000,0.000000000000,60.000000000000
3.314760355353,60.000000000000,18.734057238512
60.000000000000,54.075977929730,2.498582619777
8.572587299829,49.200695611700,6.924511749452
60.000000000000,0.000000000000,60.000000000000
11.146318111603,1.734415911981,10.860844438255
10.581094577515,39.507990903918,20.438916384490
60.000000000000,60.000000000000,60.000000000000
60.000000000000,22.119214045726,31.201205303840
60.000000000000,60.000000000000,60.000000000000
60.000000000000,0.000000000000,60.000000000000
35.345099118496,44.893097970944,55.616820442402
60.000000000000,0.000000000000,60.000000000000
11.572014238804,33.401791232021,48.661187715121
60.000000000000,0.000000000000,60.000000000000
15.908117227264,2.413960687422,54.519731909528
27.283011425142,40.272666756607,30.158265646475
11.080845125453,27.782406601575,6.401593816571
11.439150422109,14.170340090881,35.767888908834
11.565036350047,18.278023936757,56.339347788781
60.000000000000,0.000000000000,60.000000000000
23.811059264769,51.468645687781,19.807352641703
60.000000000000,60.000000000000,60.000000000000
7.363456438044,44.468066243275,30.958775950321
60.000000000000,46.311371542329,49.642748643383
60.000000000000,0.000000000000,60.000000000000
60.000000000000,0.000000000000,60.000000000000
12.177308900808,21.928367655705,43.120345812085
60.000000000000,31.635390081551,35.311625952181
16.348956408115,54.308319921539,8.174613644919
60.000000000000,0.000000000000,60.000000000000
11.239742502607,9.197438410677,50.769798293545
60.000000000000,0.000000000000,60.000000000000
22.551751116923,35.379698455861,31.759301883894
15.986161909354,19.119520228766,51.167888912447
60.000000000000,0.000000000000,60.000000000000
12.274502366394,27.280693571424,23.997586130387
11.168451047321,51.507220706844,17.224036247163
19.900066682445,23.340039997767,26.776963247603
9.127364332370,29.139287609567,44.157873557807
60.000000000000,0.000000000000,60.000000000000
6.803733181660,53.281627775876,14.911409941611
60.000000000000,60.000000000000,60.000000000000
9.484399164107,8.969450435405,36.951767818261
60.000000000000,0.000000000000,60.000000000000
9.957761097449,60.000000000000,60.000000000000
10.329427668780,29.081006060483,21.681118952888
60.000000000000,0.000000000000,60.000000000000
60.000000000000,0.000000000000,60.000000000000
12.733078418824,9.013179453184,36.665917432167
60.000000000000,0.000000000000,60.000000000000
60.000000000000,2.570895542627,21.884676378638
10.678431587967,36.041546121374,28.987379934781
10.242129157543,53.128814425212,29.039200644249
11.492089174393,27.266579021008,22.337837391389
60.000000000000,43.289478549981,60.000000000000
60.000000000000,0.000000000000,60.000000000000
35.940951995595,31.854693524667,34.072748063992
60.000000000000,60.000000000000,60.000000000000
3.933315749068,29.218713099457,7.401678318061
60.000000000000,0.000000000000,60.000000000000
14.495374340978,55.707123717432,51.430969255563
60.000000000000,0.000000000000,60.000000000000
60.000000000000,0.000000000000,60.000000000000
60.000000000000,0.000000000000,60.000000000000
11.740624857044,56.038918009539,32.035470093328
60.000000000000,60.000000000000,60.000000000000
0.000000000000,0.000000000000,60.000000000000
60.000000000000,0.000000000000,60.000000000000
60.000000000000,60.000000000000,60.000000000000
13.840349739299,38.355463837471,25.366678596180
18.604765654104,22.719645628102,21.263328218401
11.891863332564,7.169412266822,34.243617531339
16.269602385742,14.656905185491,13.115983211551
35.868353769297,12.370777062779,2.885929516821
16.856809054655,31.537300632441,1.713243577923
60.000000000000,0.000000000000,60.000000000000
12.037720592468,16.186628402470,30.763307933121
60.000000000000,0.000000000000,60.000000000000
60.000000000000,0.000000000000,60.000000000000
60.000000000000,60.000000000000,60.000000000000
12.064428364264,43.631942093608,40.151619182900
60.000000000000,23.182148133292,22.311856103275
60.000000000000,0.000000000000,60.000000000000
60.000000000000,0.000000000000,60.000000000000
10.078393526906,57.531224387116,41.834578893582
60.000000000000,0.000000000000,60.000000000000
13.961908016176,54.227986907685,15.926593114384
13.978747686360,33.987604579544,30.942580982259
8.969324663593,59.580368697140,40.480695792752
3.629854680618,35.411867019803,31.920552540772
60.000000000000,0.000000000000,60.000000000000
60.000000000000,60.000000000000,60.000000000000
60.000000000000,0.000000000000,60.000000000000
43.051941267847,38.005622815331,21.052126210594
13.129283410200,34.594652507284,39.431494216816
60.000000000000,0.000000000000,60.000000000000
60.000000000000,0.000000000000,60.000000000000
60.000000000000,0.000000000000,60.000000000000
10.836228603298,34.170894217002,23.006197964200
60.000000000000,0.000000000000,60.000000000000
15.170697129692,36.163520211205,43.729028053078
30.900454513070,58.371490622176,36.627013430764
14.386636019001,37.656852666275,28.681739153998
0.000000000000,0.000000000000,60.000000000000
60.000000000000,0.000000000000,60.000000000000
60.000000000000,60.000000000000,60.000000000000
18.660610366597,42.913389835332,30.417296692203
60.000000000000,60.000000000000,60.000000000000
11.578713290419,34.292909487897,11.163234247724
60.000000000000,0.000000000000,60.000000000000
13.949288547109,20.339188297635,0.880583429978
60.000000000000,0.000000000000,60.000000000000
60.000000000000,0.000000000000,60.000000000000
60.000000000000,60.000000000000,60.000000000000
11.984916320238,50.940092033791,3.821998198690
60.000000000000,0.000000000000,60.000000000000
15.573660701494,29.559416914704,7.003460577994
60.000000000000,0.000000000000,60.000000000000
13.863248638117,47.142363554591,39.971548856861
16.406137542023,24.017499085235,32.486801102256
15.261799037110,19.538397651210,50.172312312368
20.364268258489,34.258022011730,58.669471451730
10.873344080842,36.284226650987,37.444675845716
60.000000000000,20.457526963782,31.160334877053
60.000000000000,0.000000000000,60.000000000000
11.699681943178,28.610971617988,19.793195390079
11.203909306447,44.069809545384,29.917014056589
60.000000000000,0.000000000000,60.000000000000
12.788649734110,28.147277189716,10.575420794889
60.000000000000,60.000000000000,60.000000000000
60.000000000000,60.000000000000,60.000000000000
14.995443351064,24.584391257467,39.486169763931
60.000000000000,0.000000000000,60.000000000000
13.475877855360,60.000000000000,32.161747807034
2.967749949847,28.867325170693,0.465431357547
11.262688604351,19.594888661096,27.818385592725
11.988200424337,3.181545976446,50.376686244072
60.000000000000,0.000000000000,60.000000000000
60.000000000000,0.000000000000,60.000000000000
60.000000000000,0.000000000000,60.000000000000
15.095844808955,28.108434947218,35.764516928542
9.258675773822,22.260356039512,37.529259893170
7.378316125912,4.444538868550,2.396952481844
60.000000000000,0.000000000000,60.000000000000
60.000000000000,0.000000000000,60.000000000000
60.000000000000,60.000000000000,60.000000000000
9.882914545688,49.979698859348,37.072121774325
60.000000000000,0.000000000000,60.000000000000
29.217789474859,38.527635408177,60.000000000000
0.000000000000,0.000000000000,60.000000000000
15.707601879655,26.982315400402,38.504597314565
60.000000000000,60.000000000000,60.000000000000
9.172292120161,47.661785443759,16.688494632383
60.000000000000,60.000000000000,42.556779019982
5.483196069511,40.420603887466,5.799996404164
60.000000000000,0.000000000000,60.000000000000
13.872098637582,47.909620447834,32.146299792436
24.602884449466,45.975753360681,46.338381409863
44.069033148683,36.616999695315,3.455859379496
60.000000000000,0.000000000000,60.000000000000
60.000000000000,60.000000000000,60.000000000000
11.788881463415,40.580477475636,35.105314789175
16.593315404154,47.537123594483,31.683804217215
60.000000000000,0.000000000000,60.000000000000
60.000000000000,60.000000000000,60.000000000000
60.000000000000,60.000000000000,60.000000000000
60.000000000000,0.000000000000,60.000000000000
60.000000000000,0.000000000000,60.000000000000
11.759633984606,30.196445884848,26.026086116661
60.000000000000,0.000000000000,60.000000000000
60.000000000000,0.000000000000,60.000000000000
60.000000000000,60.000000000000,60.000000000000
35.482940639112,24.841252211214,9.917297524146
60.000000000000,0.000000000000,60.000000000000
60.000000000000,44.392492129924,5.248976845708
3.971280257571,60.000000000000,48.603849742357
60.000000000000,0.000000000000,60.000000000000
17.446301800269,37.536066779029,24.440301337266
60.000000000000,0.000000000000,60.000000000000
24.459621447674,34.146690512771,36.138887263191
13.403218458148,13.666399518801,23.276721682903
60.000000000000,0.000000000000,60.000000000000
60.000000000000,60.000000000000,60.000000000000
60.000000000000,0.000000000000,60.000000000000
11.583869709125,4.967440152556,43.430918179293
60.000000000000,0.000000000000,0.000000000000
9.421807515186,30.289920354387,58.862718932080
60.000000000000,0.000000000000,60.000000000000
16.526917133237,39.305510074718,46.353908847954
13.875957786077,24.018590328937,20.269508472349
60.000000000000,60.000000000000,60.000000000000
60.000000000000,0.000000000000,60.000000000000
18.367049671969,5.580090844253,7.085349036071
60.000000000000,60.000000000000,60.000000000000
21.592210895943,40.979738800363,50.893808235059
12.760012549407,60.000000000000,60.000000000000
19.268567683959,11.729397312424,23.918508456261
60.000000000000,60.000000000000,60.000000000000
36.989871884572,32.367946403309,10.816712316465
23.276151173857,49.802600188284,13.913104561238
27.666370070682,6.726073863285,22.973598375737
60.000000000000,60.000000000000,60.000000000000
54.348488606060,1.561453805784,2.937123495348
19.424531840851,36.600703220307,38.767872468675
25.416442446644,39.206720258696,42.900187539648
21.487083687251,34.307462414264,39.240957202272
24.691975153212,15.740359688753,22.555251240867
21.618007719993,33.610612436367,31.147685950174
17.580877393375,30.955533291969,55.163189516744
23.096031854689,23.285159657910,21.246142798499
53.370680074183,49.440017864310,50.454247446646
27.148129511597,16.408611174815,28.837238083869
25.821543440647,48.287841147216,30.911256913032
12.068574451460,15.025223758765,43.767989046487
19.766755498489,11.405543340062,28.364398385670
0.000000000000,60.000000000000,60.000000000000
25.509539062616,34.753386553326,8.807578285258
19.692395227302,24.391328358414,27.300068079009
24.680949715623,20.017540010573,48.492456903541
19.463296995546,34.724696795665,26.947705097587
23.323049791699,24.127374964253,43.382645091986
60.000000000000,60.000000000000,60.000000000000
25.597153988986,4.857140800026,39.996690099242
19.025602371346,35.899325674110,19.869148007395
18.296655078363,54.906887818856,47.709038566088
2.879529564212,7.471503521657,24.224121652565
23.754695819962,7.040511924049,16.822362138015
60.000000000000,60.000000000000,60.000000000000
22.211075245643,43.797648186093,21.628408710682
60.000000000000,60.000000000000,60.000000000000
60.000000000000,13.900709235116,60.000000000000
47.686861901998,24.039807272489,49.130105434883
23.441921286451,22.598935088031,27.950299182247
60.000000000000,60.000000000000,60.000000000000
60.000000000000,60.000000000000,60.000000000000
17.893825513655,37.979749052703,30.993240505175
32.870898688021,52.962040444357,27.629766930553
0.000000000000,60.000000000000,60.000000000000
60.000000000000,60.000000000000,60.000000000000
22.033140570278,28.190113642015,36.118686612898
20.161804991979,52.054004516436,28.551252126375
18.935631008677,33.918123332803,36.874920221275
23.345045864755,38.765202968005,36.046103197240
5.349901383849,37.603181326879,56.396955567137
24.087188529699,48.950365704031,26.903647952610
20.590622259424,24.876859542362,13.505212159120
57.389776383594,38.438153092511,18.165228555653
11.622217668588,52.587903011068,49.949293896738
19.775358990724,51.397450132019,19.925641214449
60.000000000000,60.000000000000,60.000000000000
21.631259911532,2.534094849196,40.390562603080
19.257141006263,33.579313345605,22.780575386621
22.343943649142,55.749116164090,54.103822050377
60.000000000000,60.000000000000,60.000000000000
60.000000000000,60.000000000000,60.000000000000
60.000000000000,60.000000000000,60.000000000000
21.247026042184,7.809586097608,53.753297195719
60.000000000000,60.000000000000,60.000000000000
60.000000000000,4.456464931904,60.000000000000
60.000000000000,60.000000000000,54.724505231897
60.000000000000,7.228420368575,46.298233012794
21.223698502398,35.787024783697,35.007801485622
60.000000000000,60.000000000000,60.000000000000
60.000000000000,60.000000000000,60.000000000000
29.588942053191,9.907706112234,2.393041662750
60.000000000000,60.000000000000,60.000000000000
25.548991647812,9.950286954129,2.814745019837
60.000000000000,60.000000000000,60.000000000000
60.000000000000,48.963336120484,46.560829354005
43.518373441597,42.666652041864,39.584949197795
60.000000000000,60.000000000000,60.000000000000
60.000000000000,60.000000000000,60.000000000000
22.080737152466,10.954353871869,57.695506325757
60.000000000000,60.000000000000,60.000000000000
17.494146646061,51.636743942828,6.968676388579
24.280645321691,26.264152548504,37.252661167675
21.952152048722,49.060978555996,49.532717008882
32.231853673458,47.921247685106,15.074643331166
22.003609212183,48.331465061118,16.112396217721
21.364684735933,40.366865944805,27.276244997254
23.873062022486,15.991395355589,16.354107170891
60.000000000000,60.000000000000,60.000000000000
60.000000000000,60.000000000000,60.000000000000
25.103959104146,26.083769691304,23.903645343457
18.073022053010,51.817185194358,35.494324681086
60.000000000000,0.000000000000,56.995836836849
21.355642605517,34.240035754571,8.734677594022
60.000000000000,60.000000000000,60.000000000000
60.000000000000,60.000000000000,60.000000000000
34.648551308625,37.285645431759,23.365615365499
60.000000000000,0.000000000000,60.000000000000
47.107283228707,35.262047671050,9.170620526470
19.237310656855,46.610813838817,56.991310746690
1.685108561447,50.952391061488,37.077044387109
18.401257786984,4.671086180119,2.399681707880
50.749538802520,46.424188846543,28.097626863847
17.798611198932,49.902798267951,37.972780670791
60.000000000000,0.000000000000,60.000000000000
24.883435620248,38.706423268483,52.516453712405
0.000000000000,0.000000000000,60.000000000000
21.475166374535,12.602335525792,9.619781227884
20.567354423902,52.743174420228,12.685326835643
18.604474969665,24.292488012067,29.009025317441
60.000000000000,0.000000000000,60.000000000000
22.829937703580,16.413586616010,54.383597675227
37.840224223617,23.053398578113,14.491432763132
22.369704708688,48.862300256172,57.580097475745
60.000000000000,60.000000000000,60.000000000000
60.000000000000,0.000000000000,60.000000000000
60.000000000000,0.000000000000,60.000000000000
17.769660707242,29.847070335842,9.271714799911
0.000000000000,0.000000000000,60.000000000000
21.420913809405,32.796423929111,18.640591765698
60.000000000000,0.000000000000,60.000000000000
23.485098963171,2.063745575972,0.011694457881
19.224753660838,17.765451268829,44.042223086570
60.000000000000,60.000000000000,60.000000000000
14.085131486282,27.018166849977,34.845390985026
21.954557185512,35.754961878179,51.417913011438
31.782967898610,60.000000000000,37.794798450467
54.283229502431,3.894972327556,12.608481200070
60.000000000000,0.000000000000,60.000000000000
18.827058163701,31.232597599086,36.995663731190
13.411275195534,34.447370028205,51.434064397384
60.000000000000,60.000000000000,60.000000000000
60.000000000000,0.000000000000,60.000000000000
26.454915875169,36.784363988265,1.598365583350
19.872338913568,27.782441827212,31.498070833709
21.960750112515,13.912633991074,6.823838912254
60.000000000000,0.000000000000,60.000000000000
21.702297807405,9.956550569123,13.273376025791
60.000000000000,0.000000000000,60.000000000000
18.781132866870,54.282672492093,19.414804854775
20.497751219403,31.890594281834,36.264404347453
20.353603353349,60.000000000000,55.186578909122
5.982658551283,41.186591562948,20.063242553410
25.258422198216,8.621683742510,5.302141293596
18.960846028647,23.206338677734,33.023423973917
18.500843523813,31.999828830684,47.319336010474
60.000000000000,60.000000000000,60.000000000000
21.883154018955,32.733528775982,37.090719855578
60.000000000000,0.000000000000,60.000000000000
20.757128000954,42.547032912367,11.081719493718
26.316103593422,60.000000000000,38.223260228427
21.669091893727,0.801967274726,14.431436755735
18.437231239614,39.774321208483,25.756932884558
21.087147061150,60.000000000000,49.908037336762
0.000000000000,0.000000000000,60.000000000000
53.321150010271,48.758196521483,48.935680054490
60.000000000000,60.000000000000,60.000000000000
15.680008745313,58.967806099565,39.617025973081
23.389573283277,28.364026574715,24.822403720866
24.778018550430,4.448853384129,56.114557574238
60.000000000000,60.000000000000,60.000000000000
22.190912067568,27.127073318831,4.657160664659
60.000000000000,60.000000000000,60.000000000000
27.360804559579,38.977976429363,3.669510938880
60.000000000000,0.000000000000,60.000000000000
0.578216418861,15.720411375261,48.125647618246
60.000000000000,60.000000000000,60.000000000000
11.222960626758,22.510410695693,22.488390673348
17.693572227716,60.000000000000,28.395719270901
52.990488303326,60.000000000000,7.170139430638
60.000000000000,0.000000000000,60.000000000000
23.226305515264,6.965931496634,50.637524248266
60.000000000000,42.252031810226,33.213535900562
23.945039829278,60.000000000000,9.310550377202
60.000000000000,60.000000000000,60.000000000000
19.804881285579,20.201725696783,30.066489230645
24.416621607561,20.234221253028,24.744154586393
60.000000000000,10.839039893950,1.943600012880
60.000000000000,60.000000000000,26.381093253431
22.634906015579,41.710232676785,59.099726402576
60.000000000000,60.000000000000,60.000000000000
23.989910630761,36.488982224873,46.247537222334
60.000000000000,0.000000000000,60.000000000000
49.275762618650,40.929025607045,13.767193422537
60.000000000000,0.000000000000,60.000000000000
17.842048250842,60.000000000000,42.379125995118
60.000000000000,0.000000000000,60.000000000000
18.172124782867,11.859986701495,31.509972520594
60.000000000000,60.000000000000,60.000000000000
60.000000000000,60.000000000000,2.719812885005
60.000000000000,0.000000000000,60.000000000000
60.000000000000,60.000000000000,60.000000000000
20.418240668982,0.000000000000,32.661773081773
19.393799646221,57.237270922478,58.420963977108
43.872413738245,41.304847885288,15.715007092222
18.907540107385,10.655330909491,37.595864434821
60.000000000000,60.000000000000,60.000000000000
60.000000000000,0.000000000000,60.000000000000
60.000000000000,0.000000000000,60.000000000000
60.000000000000,0.000000000000,60.000000000000
60.000000000000,60.000000000000,60.000000000000
59.622842501675,35.559575776413,14.228056079042
60.000000000000,0.000000000000,60.000000000000
60.000000000000,60.000000000000,60.000000000000
60.000000000000,0.000000000000,60.000000000000
18.304660684297,50.167599074212,26.065115706850
60.000000000000,0.000000000000,60.000000000000
18.246054442188,42.363504664618,12.297287270796
18.231636074201,30.251572307945,25.404332838527
18.954746218618,21.268930252993,20.853277983105
60.000000000000,60.000000000000,60.000000000000
60.000000000000,60.000000000000,60.000000000000
60.000000000000,0.000000000000,60.000000000000
20.790089834653,40.837208479269,2.487878086473
60.000000000000,0.000000000000,60.000000000000
41.090667256698,3.344644547518,32.662998748672
60.000000000000,0.000000000000,60.000000000000
24.225733320766,49.302045420919,40.709851070765
60.000000000000,0.000000000000,60.000000000000
60.000000000000,0.000000000000,60.000000000000
60.000000000000,60.000000000000,60.000000000000
19.178183848572,19.378219660112,13.432988529605
0.000000000000,0.000000000000,60.000000000000
22.843249504180,13.494345383101,4.051538121692
60.000000000000,60.000000000000,60.000000000000
20.311246968035,51.900035697199,47.703530724405
21.395175460413,40.766486082902,20.589963361980
23.100217069601,45.869499490422,40.720754177885
60.000000000000,51.092032841787,2.378084921928
22.681137468563,31.936476115359,45.721818719855
33.112249519494,60.000000000000,0.000000000000
60.000000000000,0.000000000000,60.000000000000
60.000000000000,60.000000000000,20.769540232475
20.799988103072,25.626383205297,40.753456824794
60.000000000000,0.000000000000,60.000000000000
35.310112751735,34.359862414635,39.120629188236
60.000000000000,0.000000000000,60.000000000000
60.000000000000,0.000000000000,60.000000000000
24.734047400958,39.437250037615,39.492177267075
60.000000000000,0.000000000000,60.000000000000
20.718603941503,11.101891417604,11.316958476899
19.521689309818,54.549356194658,50.568587552193
20.985426155147,29.805914881530,24.431157571516
26.770105515963,35.010038760513,20.863668824907
48.059006012882,60.000000000000,36.760876400145
24.466111354804,60.000000000000,40.373751179727
25.323508046575,60.000000000000,26.517115652267
19.053014939227,23.130910295975,13.868983862610
24.174830863178,38.579201541789,32.366647691451
24.891912252214,52.516325818588,35.546850923988
60.000000000000,0.000000000000,60.000000000000
60.000000000000,60.000000000000,60.000000000000
60.000000000000,0.000000000000,60.000000000000
20.486977544379,5.612826289847,38.308276217943
60.000000000000,0.000000000000,60.000000000000
59.922106433004,33.133508306942,5.369398595652
60.000000000000,60.000000000000,60.000000000000
22.930455490013,37.424386032957,37.185259047501
60.000000000000,0.000000000000,60.000000000000
22.367366694413,48.058264700384,31.160082746566
33.529709674121,60.000000000000,60.000000000000
2.017340133274,60.000000000000,60.000000000000
60.000000000000,0.000000000000,60.000000000000
13.672975802063,60.000000000000,49.996180385244
47.995061198672,33.068417278191,0.669264427918
19.516599546104,0.396111444195,26.810291722734
60.000000000000,0.000000000000,60.000000000000
60.000000000000,60.000000000000,60.000000000000
60.000000000000,60.000000000000,60.000000000000
18.814872526909,9.660462011071,43.666363012891
60.000000000000,0.000000000000,60.000000000000
49.561681461986,60.000000000000,60.000000000000
0.000000000000,38.955207180119,30.195581475600
60.000000000000,0.000000000000,60.000000000000
60.000000000000,0.000000000000,60.000000000000
47.154654993276,50.405577876317,20.549839575650
58.486529696001,60.000000000000,26.646724523267
60.000000000000,0.000000000000,60.000000000000
60.000000000000,0.000000000000,60.000000000000
22.039354924689,17.415933915984,34.136821091421
0.000000000000,0.000000000000,60.000000000000
60.000000000000,60.000000000000,60.000000000000
39.579830811970,11.485114326108,34.209293338236
18.765397627110,60.000000000000,38.393754142131
60.000000000000,60.000000000000,60.000000000000
19.458869039614,60.000000000000,43.114571052427
22.819814589555,29.909770017800,31.101740192602
20.299235650900,50.204158245305,6.262324054837
0.000000000000,0.000000000000,60.000000000000
60.000000000000,0.000000000000,60.000000000000
60.000000000000,0.000000000000,60.000000000000
21.425117941419,5.816347706270,3.556450352258
19.662377735725,20.469739671435,60.000000000000
22.982516225450,11.142807603722,32.071641513272
60.000000000000,0.000000000000,60.000000000000
60.000000000000,60.000000000000,34.200997332124
57.795004485506,60.000000000000,60.000000000000
60.000000000000,0.000000000000,60.000000000000
60.000000000000,0.000000000000,60.000000000000
31.037879423879,15.772647370004,37.771891983499
55.344138473175,19.584244638107,55.287373205847
33.870045249266,20.414831722088,50.536680210139
49.248589034843,9.881817246992,60.000000000000
29.284486979813,40.084897082482,24.355666808994
60.000000000000,60.000000000000,60.000000000000
47.932577204997,18.075487461824,29.330064046652
4.751738160472,57.937733481554,15.585963122561
33.134050536528,31.398654027433,31.800538154238
60.000000000000,60.000000000000,60.000000000000
36.967838595634,26.949798698331,23.518554981817
60.000000000000,60.000000000000,60.000000000000
32.916572908734,52.737055264584,24.651818052402
29.926401366779,34.387154663200,30.417664978680
30.689558388708,43.716035123881,54.781622096821
27.054253322467,37.214182627071,26.718117928612
18.960558603937,52.732046705983,52.224179811113
13.966485205143,34.412283047637,55.406589246758
31.147114557233,31.593968432917,13.914586180658
60.000000000000,60.000000000000,60.000000000000
30.943007963733,53.329208395416,12.774676920551
60.000000000000,0.000000000000,60.000000000000
29.145297075892,18.901192200180,2.486741224234
26.585108756021,33.329814440570,29.336280497364
60.000000000000,60.000000000000,60.000000000000
30.026864032596,37.080129170960,25.404663581487
25.984962769393,43.495669843781,49.199713854429
60.000000000000,60.000000000000,60.000000000000
60.000000000000,60.000000000000,60.000000000000
1.445866969719,6.674341494489,22.053119610457
44.662623755046,7.675404177618,60.000000000000
29.685920441477,24.595375816247,23.508740205904
39.899985975359,48.746809875270,30.575860352286
23.433128820919,29.205731839858,39.566102978397
29.983471802158,8.664952500014,34.255408762861
60.000000000000,60.000000000000,60.000000000000
4.126646906765,43.635227048884,32.563209483018
60.000000000000,60.000000000000,60.000000000000
32.579262474145,47.953824118924,49.380733684146
32.574620201068,27.073217498660,37.004489577247
27.006124441681,41.993838171264,10.652723185563
24.548866191678,29.219193620260,31.846141039173
34.511923963542,20.213915318561,4.320951988406
60.000000000000,60.000000000000,60.000000000000
37.830423580968,38.550094686235,58.648922780952
60.000000000000,60.000000000000,60.000000000000
41.534288981879,39.258874062151,28.443462335315
60.000000000000,60.000000000000,60.000000000000
60.000000000000,60.000000000000,60.000000000000
29.398354156508,33.048004380914,35.214566220728
31.029228254548,9.423534766744,6.136567346939
60.000000000000,60.000000000000,60.000000000000
32.547167412387,38.725700809641,14.465253652987
42.653000331125,33.249218079856,22.648023229442
60.000000000000,60.000000000000,60.000000000000
60.000000000000,60.000000000000,60.000000000000
32.768573190981,2.732097661389,36.241639969132
15.648885549928,2.088885690995,19.756828050783
32.349120250043,53.618661425903,18.004120102129
29.480977719363,32.084936752558,37.846253769626
36.973275090171,54.955915964701,15.683267144168
60.000000000000,36.451426192302,23.005785990501
60.000000000000,60.000000000000,60.000000000000
60.000000000000,60.000000000000,60.000000000000
33.013476644806,52.833120478281,52.693004283285
60.000000000000,60.000000000000,60.000000000000
28.388369130420,17.909473153064,15.796520703286
31.747879745426,51.701595501114,27.792569463791
29.145464235233,18.449284424568,11.105829324641
60.000000000000,60.000000000000,60.000000000000
60.000000000000,0.000000000000,60.000000000000
60.000000000000,60.000000000000,60.000000000000
46.657395236553,30.533120561840,43.732807878268
60.000000000000,60.000000000000,60.000000000000
32.147224281145,50.374059016511,47.587459246312
60.000000000000,60.000000000000,60.000000000000
27.734377220389,23.272112600269,6.813874539469
30.022316618931,20.249206722331,24.227636138257
28.786144230042,23.130084098846,14.270219788751
60.000000000000,60.000000000000,46.866643608062
30.012405154754,37.199078729973,2.951313377968
35.071296935089,43.715896372470,25.917418397511
25.818993370154,30.896543243965,10.470773753441
32.695503131486,21.897655292168,26.071147845024
26.315884950961,6.673932983520,55.916663282433
32.988945332618,26.691190245395,39.677301342585
8.409731915352,6.025981743754,31.860382879435
22.050066673175,26.595378231909,25.749060070454
26.388870461619,2.262092164452,30.400964960259
60.000000000000,35.364628985876,27.836383903052
60.000000000000,60.000000000000,60.000000000000
32.999495838147,25.296563651377,35.094520523712
30.420399430397,57.221062827208,16.883044341364
24.099998258005,31.662015396995,29.213526425877
30.997101965757,37.293735156362,36.204787146921
60.000000000000,0.000000000000,60.000000000000
33.894873505214,0.041702119181,14.497174640283
60.000000000000,16.486736300013,26.963600102040
35.770533420794,60.000000000000,60.000000000000
60.000000000000,60.000000000000,60.000000000000
36.876389403123,17.050881180752,33.596965198943
60.000000000000,60.000000000000,60.000000000000
28.042242739943,44.169655954646,43.779726487550
31.052866603127,28.901868875140,32.453809894460
29.859670156206,4.331152060274,43.450397821243
60.000000000000,0.000000000000,60.000000000000
30.765555527745,29.870517353426,28.061468236476
21.471727159941,60.000000000000,0.829923667438
60.000000000000,60.000000000000,60.000000000000
60.000000000000,60.000000000000,60.000000000000
32.549225742770,26.079034805756,43.800718128890
55.940869982181,60.000000000000,48.350116852436
32.071268549092,34.544980946033,36.808255686861
60.000000000000,60.000000000000,60.000000000000
24.584337015009,16.176284154321,1.922378383870
60.000000000000,0.000000000000,60.000000000000
60.000000000000,0.000000000000,60.000000000000
9.065826796389,60.000000000000,59.009119525374
29.168125706553,27.237401349331,56.624309410894
60.000000000000,60.000000000000,60.000000000000
1.460936240822,20.810012428454,25.907733082241
16.458470865239,60.000000000000,51.581338577046
29.854823145060,2.027730120325,5.602354300451
60.000000000000,60.000000000000,60.000000000000
60.000000000000,0.000000000000,60.000000000000
14.293002163735,53.097802358765,31.767713658310
31.418268263212,54.456580192801,46.394332711729
60.000000000000,31.527963402018,59.444117524688
29.367282025399,47.057983895401,37.237236524312
60.000000000000,0.000000000000,60.000000000000
28.696760792860,32.121631335489,40.741501012989
60.000000000000,60.000000000000,60.000000000000
60.000000000000,0.000000000000,60.000000000000
60.000000000000,0.000000000000,60.000000000000
30.444442469996,50.793229390196,19.507694595115
60.000000000000,60.000000000000,60.000000000000
9.109103525493,14.721386967862,43.207445705496
60.000000000000,60.000000000000,60.000000000000
60.000000000000,60.000000000000,60.000000000000
37.269686834189,60.000000000000,47.815014123535
29.820568832173,20.092129226486,50.116400225594
30.393105604269,34.916614799948,23.927064261450
25.875964188355,14.415469584967,19.554590981368
60.000000000000,60.000000000000,60.000000000000
26.058835954385,30.166143253658,55.490131518416
27.234790092998,35.025558147198,24.058666374137
27.886315706911,34.028067128485,50.809794987254
60.000000000000,0.000000000000,60.000000000000
29.161940448193,14.476968201319,3.135644885540
0.000000000000,0.000000000000,60.000000000000
32.519745852980,15.320156231627,44.068461521082
33.354435353483,38.371883376009,60.000000000000
32.600395011275,16.314035921531,24.755469476997
28.926851809820,30.442766237700,28.657952494385
34.196474261605,53.916996735385,12.945964037124
60.000000000000,60.000000000000,60.000000000000
60.000000000000,60.000000000000,60.000000000000
30.580154383295,30.717402071703,34.397552809684
29.154651222411,52.437812922226,16.268013069612
30.807058433537,26.689546862648,24.928333289345
0.000000000000,0.000000000000,14.580981500379
60.000000000000,60.000000000000,60.000000000000
60.000000000000,60.000000000000,60.000000000000
60.000000000000,0.000000000000,60.000000000000
60.000000000000,60.000000000000,60.000000000000
60.000000000000,0.000000000000,60.000000000000
27.593784470124,23.383402764430,1.207637566392
60.000000000000,14.455187650157,16.748183668180
60.000000000000,60.000000000000,60.000000000000
18.708102707278,50.247228069001,34.594937768061
29.174007526395,8.662730208766,55.869245185840
60.000000000000,0.000000000000,60.000000000000
27.278622585674,14.204871236999,8.110111098468
27.447774669739,38.938137458219,24.991644627535
30.475324282433,39.188350901175,29.579757782517
60.000000000000,60.000000000000,60.000000000000
60.000000000000,60.000000000000,60.000000000000
60.000000000000,60.000000000000,60.000000000000
29.506138760845,14.070767366462,20.591475536163
60.000000000000,60.000000000000,60.000000000000
48.895104942350,7.359171321235,48.032433246943
60.000000000000,0.000000000000,60.000000000000
31.992844538958,43.334060657269,28.437918902502
60.000000000000,0.000000000000,60.000000000000
10.048279796420,18.591144253049,6.581286948714
60.000000000000,0.000000000000,60.000000000000
27.629221265632,54.014402829090,34.020244650852
60.000000000000,0.000000000000,60.000000000000
8.959164931073,60.000000000000,46.262057582391
60.000000000000,0.000000000000,60.000000000000
26.479543691254,18.038674909725,27.903202554390
60.000000000000,0.000000000000,60.000000000000
60.000000000000,60.000000000000,60.000000000000
30.582069387924,28.910965821375,21.992062246127
33.676959794636,45.719395524740,50.930311281364
54.054390476743,58.546564767429,56.127818560507
60.000000000000,60.000000000000,60.000000000000
60.000000000000,0.000000000000,60.000000000000
60.000000000000,60.000000000000,60.000000000000
60.000000000000,0.000000000000,60.000000000000
60.000000000000,0.000000000000,60.000000000000
60.000000000000,0.000000000000,60.000000000000
60.000000000000,60.000000000000,60.000000000000
60.000000000000,60.000000000000,60.000000000000
60.000000000000,0.000000000000,60.000000000000
60.000000000000,0.000000000000,60.000000000000
25.797781748112,4.731934750628,28.804413594261
60.000000000000,0.000000000000,60.000000000000
30.209987401467,48.802788017828,41.222663542390
33.937354949670,23.118608008495,21.703651383101
31.033232351027,4.936534168795,13.451802605622
60.000000000000,60.000000000000,60.000000000000
60.000000000000,0.000000000000,60.000000000000
60.000000000000,0.000000000000,60.000000000000
27.713180555017,10.344653312902,7.045436672955
60.000000000000,60.000000000000,4.686078172176
5.812525226724,59.424354566604,4.566125877723
60.000000000000,0.000000000000,60.000000000000
27.025701013962,19.603589762619,20.166900298673
60.000000000000,60.000000000000,60.000000000000
28.649283282750,60.000000000000,4.799694984828
60.000000000000,60.000000000000,60.000000000000
26.356661502867,47.745552715046,22.999395041371
60.000000000000,60.000000000000,60.000000000000
30.048934627297,57.326923107248,1.315743751047
28.192324261152,31.425436591738,22.238522479109
27.355979828726,56.294590637107,55.305437857674
60.000000000000,60.000000000000,60.000000000000
30.570256141523,12.325293327165,30.861512914310
27.630759405014,30.636538452650,32.667849296411
26.880037332045,28.276741483700,53.510869440625
41.505225745597,2.763598778699,51.380726666283
25.824609446909,60.000000000000,50.345758886804
34.080447515479,36.055945449095,25.281574875928
29.746974364986,6.429920649732,49.989220105000
60.000000000000,0.000000000000,60.000000000000
28.616847993962,13.005768569313,20.476123532024
60.000000000000,0.000000000000,60.000000000000
25.323764972265,0.000000000000,60.000000000000
24.759928801360,33.093591376784,38.385714542338
10.183128391731,60.000000000000,5.316215624886
34.065287771412,26.546554523542,27.504052554186
30.357277940200,20.219044323627,31.317724914403
60.000000000000,60.000000000000,60.000000000000
27.423290635234,9.083509052767,52.501748165754
60.000000000000,60.000000000000,60.000000000000
29.048794321965,26.085435560931,5.661103499716
60.000000000000,60.000000000000,60.000000000000
27.602243494148,39.449706074783,9.772330823895
32.950358136657,32.356935160324,27.473747910476
8.523870190889,23.370505490313,36.513234364750
0.000000000000,0.000000000000,60.000000000000
60.000000000000,60.000000000000,60.000000000000
60.000000000000,0.000000000000,60.000000000000
25.069793130496,13.873533412027,3.858534409624
60.000000000000,0.000000000000,60.000000000000
32.471983590364,42.350998239156,23.678171924941
60.000000000000,0.000000000000,60.000000000000
36.860476926006,59.360983578378,20.751921402348
60.000000000000,60.000000000000,60.000000000000
26.522149290784,51.700378792588,48.878529749362
33.879968079808,27.557055540385,23.143844073275
30.451033722320,13.208591868746,12.890553259726
7.416776915998,0.000000000000,60.000000000000
26.637238229197,22.601215739181,26.540574938672
27.396088518739,23.774915292033,36.761958010938
16.909882297815,20.335729213969,53.129894621526
60.000000000000,0.000000000000,60.000000000000
60.000000000000,52.353592698616,47.242173051368
60.000000000000,0.000000000000,60.000000000000
30.763137332017,45.280538864489,14.126978746260
17.463491892391,0.000000000000,60.000000000000
60.000000000000,50.423985118608,60.000000000000
33.475531693143,25.094071456080,37.486380155895
60.000000000000,60.000000000000,60.000000000000
60.000000000000,60.000000000000,60.000000000000
41.487200610346,59.354395995388,13.532056610306
51.906883096896,11.054301037019,60.000000000000
60.000000000000,0.000000000000,60.000000000000
29.235207846074,60.000000000000,34.455118143322
28.090501741475,15.970957482141,41.665258747054
60.000000000000,60.000000000000,60.000000000000
60.000000000000,0.000000000000,60.000000000000
60.000000000000,60.000000000000,60.000000000000
60.000000000000,8.429774061101,60.000000000000
60.000000000000,0.000000000000,60.000000000000
30.430285884367,13.142429768462,23.768631453531
30.507475493987,33.745461922567,27.066654135741
26.566310468249,27.867793572854,48.593791108404
60.000000000000,60.000000000000,19.066056004629
60.000000000000,0.000000000000,60.000000000000
60.000000000000,0.000000000000,60.000000000000
31.384681942966,6.700875328516,23.630329836784
60.000000000000,60.000000000000,22.429322417338
32.661009488892,51.595457028692,4.250091118880
60.000000000000,0.000000000000,60.000000000000
60.000000000000,16.095279096667,53.646781374158
60.000000000000,0.256759231364,33.979125551665
60.000000000000,0.000000000000,60.000000000000
60.000000000000,60.000000000000,60.000000000000
36.094435941610,23.645404155551,7.048311614027
21.366702891815,26.565436090745,39.745219781633
41.174694702877,15.446468557384,41.183004333715
60.000000000000,60.000000000000,60.000000000000
60.000000000000,60.000000000000,60.000000000000
35.078493449658,32.124000263091,34.994041395121
41.085981739638,55.507405923619,46.457108029312
36.636853875802,25.264272600500,32.893312910942
41.469802159605,26.854231107009,35.144363945040
36.756169245430,24.250945913811,47.129410008117
42.543030248381,15.170560326285,9.461617123864
60.000000000000,0.000000000000,60.000000000000
39.998240963182,6.564369500399,6.938587051205
46.404621895333,40.689430502173,24.867610211009
36.186848098420,15.842164442370,26.358703064353
60.000000000000,60.000000000000,60.000000000000
37.731643798172,48.785193949246,4.523630194317
43.088779838184,33.405689415682,23.658826025933
37.202118033448,8.344246335030,29.777746138256
41.061215883220,25.511428985866,23.268458883447
37.185737701290,58.842626406644,54.351571550756
35.490444922036,52.695526441633,32.692586525308
8.586660645921,31.865117478015,13.466330297521
60.000000000000,0.000000000000,60.000000000000
42.532203073322,35.535173122928,26.443729064405
60.000000000000,0.000000000000,60.000000000000
34.451678365991,58.867569092563,6.261878898652
15.320965482482,46.549051684533,21.097522122578
33.149050391508,55.495960727212,58.514630672581
60.000000000000,0.000000000000,60.000000000000
40.905305146038,23.600438835975,37.894298318641
9.565706249387,38.117926824030,3.577444518709
19.852214462749,41.481628624178,29.005316591926
36.766358293688,34.725384304320,25.283179636467
36.339610698374,9.737499224586,52.552194409814
42.515488275041,33.582256527620,31.294377228950
32.249090162836,19.178078864513,53.365816443450
40.169328075532,28.297714735886,36.769751704902
42.337838302180,59.747333749986,11.138204529967
30.277847878275,12.803370461654,20.389384964684
38.801886732536,19.342375344314,48.264331398177
60.000000000000,0.000000000000,60.000000000000
42.812198192888,44.842580542467,48.437026812663
60.000000000000,0.000000000000,60.000000000000
34.514057023645,5.405691878411,40.219517212506
60.000000000000,57.010836431394,55.325981434517
37.192093715682,13.067036464001,21.574083811031
37.019470732561,36.913079276581,19.503680628285
32.767856531663,10.586892124236,55.878165971044
8.794052998480,14.188986311502,27.086297958820
39.538337068412,19.500155017309,51.377685447926
60.000000000000,0.000000000000,60.000000000000
41.099857109679,28.402722119183,2.106917776156
8.043479326724,4.014375987991,30.733845335775
60.000000000000,0.000000000000,60.000000000000
36.890557408287,29.704261173802,41.085910718665
38.370409727477,14.231704551066,52.665841100185
60.000000000000,0.000000000000,60.000000000000
34.693341769043,45.235559342529,55.094216867673
42.088980985521,25.070489175963,32.841288125154
40.115124414573,37.266421763277,2.992658843638
39.390857483772,37.258609495956,34.732734450353
60.000000000000,0.000000000000,60.000000000000
60.000000000000,60.000000000000,60.000000000000
60.000000000000,60.000000000000,60.000000000000
43.882182012322,60.000000000000,38.831774423351
37.503706055004,17.718569267463,56.744038150252
53.643505573407,42.195672927623,40.727177101125
40.986626469523,9.947246777817,51.732156412268
60.000000000000,60.000000000000,60.000000000000
34.425491126199,45.762236233571,58.752963254703
60.000000000000,0.000000000000,60.000000000000
60.000000000000,0.000000000000,60.000000000000
60.000000000000,24.370273583357,54.799382685251
46.181220079707,31.093892960324,35.406518155625
31.534142672054,17.317843128723,19.100871059993
36.731856688348,55.920058539746,53.208661652996
32.274445880778,43.694842323775,6.290289352247
41.436173565855,38.131391310256,44.621109484170
34.463855838369,19.958283271646,20.904866162064
37.827845393989,3.491765818053,8.217757917063
4.760083798667,48.149457217049,23.288113994324
42.481499503734,44.149151416071,57.467272766642
40.680328423622,39.614005462915,31.282935715864
39.564525181540,23.020387021746,1.407379897734
38.255990862495,23.576950628758,29.682874960369
39.452609475311,30.520255738092,18.258406749622
43.272214756588,27.866667182331,38.942844574092
53.647860441887,30.802073238566,50.336653576884
60.000000000000,0.000000000000,60.000000000000
60.000000000000,0.000000000000,60.000000000000
42.557777082786,25.415361823486,24.594766858048
34.102572771488,2.033945492761,56.866068062957
37.827424476530,26.171730114995,35.496387294272
40.249301548987,41.580288133190,3.156644122764
0.000000000000,60.000000000000,60.000000000000
34.669005696844,11.543112355498,44.156207894200
52.637352625689,7.445818708672,20.688466538891
34.531289756082,18.448462370868,0.190687973263
60.000000000000,0.000000000000,60.000000000000
41.556893615404,47.182256973839,13.394575338937
60.000000000000,0.000000000000,60.000000000000
35.884789817765,27.111461471117,25.768943985961
60.000000000000,0.000000000000,60.000000000000
42.545011465385,18.407524083469,47.229183067104
60.000000000000,60.000000000000,60.000000000000
33.834606174541,22.089624148773,3.690244215390
60.000000000000,60.000000000000,60.000000000000
60.000000000000,0.000000000000,60.000000000000
60.000000000000,0.000000000000,60.000000000000
32.498924426641,22.275531138834,59.155507852968
60.000000000000,0.000000000000,60.000000000000
41.444296873129,50.419631797530,18.810361069156
60.000000000000,0.000000000000,60.000000000000
37.664247391432,46.941042450011,7.072763524882
43.008924869255,24.369101046605,37.007362521077
37.633827800924,28.957846100603,42.953664013005
59.830455915503,40.218440138531,57.252142637747
55.664632567121,60.000000000000,8.182682688175
27.479119837671,53.098363752129,16.465470227985
42.428378412849,32.196252333423,17.793137816265
34.823528632295,22.881764295802,22.852179337637
36.843740739078,1.844554310868,11.186523760683
60.000000000000,0.000000000000,60.000000000000
60.000000000000,0.000000000000,60.000000000000
51.386752324190,15.160421360516,60.000000000000
40.855898582797,13.009465475083,41.264395151775
60.000000000000,0.000000000000,60.000000000000
34.824717846970,12.609046424588,50.199668513307
60.000000000000,0.000000000000,60.000000000000
36.183522038123,51.267834897155,13.001468522571
60.000000000000,0.000000000000,60.000000000000
40.162703437536,11.412693464142,58.227549022655
60.000000000000,0.000000000000,60.000000000000
37.122297458464,4.940414431155,46.717245342772
60.000000000000,0.000000000000,0.460068895849
41.991219791706,52.818113735588,3.729302021159
3.645858623248,29.587868438444,42.508864875736
60.000000000000,0.000000000000,60.000000000000
60.000000000000,60.000000000000,60.000000000000
41.149001475445,45.126008935471,20.872818641510
38.716544656542,37.366241216723,31.189596541275
40.822776734259,13.796811524314,42.856114639665
60.000000000000,0.000000000000,60.000000000000
38.479193356218,49.836498071948,44.661153770115
60.000000000000,0.000000000000,60.000000000000
37.249388358568,36.094455512145,54.340743620661
60.000000000000,0.000000000000,60.000000000000
42.842385717862,52.873288825712,24.730748073547
33.405622105396,60.000000000000,23.793595490485
35.415404623991,48.548647825623,17.645087346206
38.955071157984,33.103345558533,24.068447048265
43.733376716447,31.473365253771,38.226322396319
40.624047953589,41.163963046223,28.565031566893
57.709814076307,55.299373368645,38.532492660289
19.396956655796,35.029023285495,30.414736972233
60.000000000000,0.000000000000,60.000000000000
36.564384177224,23.349934356233,26.555751621186
41.430492674557,58.050281961932,58.908307594038
39.281270974597,24.881188848145,24.882519680808
60.000000000000,0.000000000000,60.000000000000
60.000000000000,0.000000000000,60.000000000000
60.000000000000,0.000000000000,60.000000000000
60.000000000000,0.000000000000,60.000000000000
60.000000000000,60.000000000000,25.052085868011
32.896280353826,38.854624115287,36.683486892522
42.173053503657,0.489157732511,36.681572620073
39.045547537206,38.770468917747,38.449258869799
35.868982858420,53.459925009490,21.011529941368
38.950721980828,29.971050211337,28.896248917484
51.640652565447,57.436283170874,14.046185331840
60.000000000000,0.000000000000,60.000000000000
39.896263886257,21.207325666676,25.583609912729
36.725430677536,20.493950038795,37.493948285600
35.260165221713,24.805978584142,49.757713912110
60.000000000000,0.000000000000,60.000000000000
60.000000000000,0.000000000000,60.000000000000
60.000000000000,0.000000000000,60.000000000000
40.387815634187,11.570780445062,28.030348854164
60.000000000000,0.000000000000,60.000000000000
38.775828340671,1.463531186683,26.627772207742
13.478880947008,24.841072587345,4.863855293779
0.133878911295,34.169619430561,57.119530144975
60.000000000000,0.000000000000,60.000000000000
34.811387758408,50.356051808759,8.948540075622
0.000000000000,0.000000000000,60.000000000000
41.841924561398,21.526063846720,19.061191136264
60.000000000000,0.000000000000,60.000000000000
39.200877278505,8.003809604320,14.545904222417
60.000000000000,0.000000000000,60.000000000000
37.675775465980,20.965097486749,45.366437333591
60.000000000000,0.000000000000,60.000000000000
60.000000000000,60.000000000000,60.000000000000
41.130770599808,31.582165023343,32.250179933101
37.689532227114,2.700594700486,24.263817706156
60.000000000000,0.000000000000,60.000000000000
60.000000000000,0.000000000000,60.000000000000
60.000000000000,0.000000000000,60.000000000000
39.677137043446,14.988090373966,26.461900182816
60.000000000000,0.000000000000,60.000000000000
60.000000000000,0.000000000000,58.311279602163
0.000000000000,0.000000000000,26.184177426560
60.000000000000,0.000000000000,60.000000000000
60.000000000000,60.000000000000,60.000000000000
60.000000000000,0.000000000000,60.000000000000
37.972303677148,29.489113400879,27.684140544458
38.724058842893,20.831028266970,27.555588323391
60.000000000000,0.000000000000,60.000000000000
41.275434130332,54.770625772194,9.368315558517
40.234568360411,45.332431060721,43.806235123570
34.840784542982,47.975184586362,8.038186740171
60.000000000000,0.000000000000,60.000000000000
34.891286332302,25.169449504510,38.048969667677
60.000000000000,0.000000000000,60.000000000000
36.933943603658,22.629484324286,57.555376120474
60.000000000000,37.138432728402,2.338324760495
40.129793011408,1.860906595182,14.325475359611
60.000000000000,0.000000000000,60.000000000000
36.267280019647,47.097884644588,0.360794634450
60.000000000000,0.000000000000,60.000000000000
40.337185167037,27.641434805430,17.758709426622
60.000000000000,0.000000000000,0.000000000000
5.325075076386,25.250933032703,16.526245345761
60.000000000000,0.000000000000,60.000000000000
37.306133494471,41.343595983061,58.796811084360
42.440464916334,25.189995527047,28.266082631592
40.836450398158,0.794904583096,0.533521562346
9.922702784268,60.000000000000,3.967855552333
35.667750598326,52.074891687770,32.774425745038
3.764866162913,59.795358618773,11.636383218630
38.186718725726,26.157220127209,4.150955197162
46.733034835643,46.821231044427,53.017498076638
37.122733864860,8.260875854686,59.287269323958
35.814474420008,27.590001708946,39.478116110930
3.076150936472,52.012457716231,59.201383111056
60.000000000000,0.000000000000,60.000000000000
31.758669465240,2.888084321908,28.020717359455
60.000000000000,0.000000000000,60.000000000000
35.619095087842,22.780036883924,56.731747951051
25.840280757849,38.577777529284,16.701786790968
11.789790327049,27.775562282914,60.000000000000
36.556555263926,25.767087795840,23.663968753521
38.574512589192,37.546940947169,5.973566865550
60.000000000000,0.000000000000,60.000000000000
37.572588493752,43.621867341065,24.284839996439
60.000000000000,0.000000000000,60.000000000000
34.358753042296,37.965184848200,32.035216361145
60.000000000000,0.000000000000,60.000000000000
30.543138941686,39.479345960903,24.310790858989
4.195713762245,31.357649452854,60.000000000000
27.874080987285,3.060190387388,41.185062329891
42.758294654851,60.000000000000,20.390956259867
60.000000000000,60.000000000000,37.756989820923
34.000261405878,0.000000000000,50.081607701491
60.000000000000,60.000000000000,0.000000000000
60.000000000000,0.000000000000,60.000000000000
40.991511612555,52.702128553523,0.468434999802
60.000000000000,0.000000000000,60.000000000000
40.538387535616,55.107454226390,55.819544056802
60.000000000000,60.000000000000,60.000000000000
41.075888217838,49.156647693087,0.131895113043
28.579611335474,49.142033380241,0.688049248833
35.113482157267,35.055489111424,58.529399860135
60.000000000000,60.000000000000,25.319800326372
36.280931201451,8.016462248433,20.805027482260
36.421750937464,31.591567317065,21.029967004423
23.842424315494,3.572044212533,49.967925582846
60.000000000000,0.000000000000,60.000000000000
60.000000000000,0.000000000000,60.000000000000
60.000000000000,0.000000000000,60.000000000000
41.894073008134,13.838435388003,35.524882582904
12.801039722358,2.452979135357,60.000000000000
39.110186802213,60.000000000000,47.646056333178
60.000000000000,0.000000000000,60.000000000000
60.000000000000,0.000000000000,60.000000000000
36.296447068675,34.004853379939,22.894385742992
12.418276773650,31.575865874180,17.337207866603
5.592650343667,9.288237527210,35.978312848420
44.136024841690,57.028753875636,50.570644971549
23.953572147826,4.455146403250,26.359416961724
35.844102838956,18.839782065230,50.566371924014
60.000000000000,0.000000000000,60.000000000000
41.071931035292,54.617519827343,16.935190467444
60.000000000000,0.000000000000,60.000000000000
37.135391113275,60.000000000000,31.682253559991
60.000000000000,0.000000000000,60.000000000000
36.768419222630,56.785798036203,37.935903891042
60.000000000000,0.000000000000,60.000000000000
40.737811409899,3.302116352848,30.644085448333
60.000000000000,0.000000000000,60.000000000000
49.974456291306,9.952100611955,44.437631073943
60.000000000000,0.000000000000,60.000000000000
41.104979058844,7.494387617244,43.699505795119
41.970069521500,19.840574345172,60.000000000000
34.730791962281,31.152999250830,38.820308183853
60.000000000000,0.000000000000,60.000000000000
7.710652936949,45.604812892216,53.322740634393
41.317445465248,36.364627696738,21.898705473826
38.550727765939,60.000000000000,0.000000000000
60.000000000000,0.000000000000,0.000000000000
47.808359932720,35.931193322750,39.136285550763
60.000000000000,0.000000000000,60.000000000000
49.542065184783,39.416755661164,49.262248950548
43.772144875871,30.621233754686,33.566248835186
54.236074306517,35.747453761833,28.852591214525
60.000000000000,0.000000000000,60.000000000000
46.446388508763,39.336444499008,5.014663120134
60.000000000000,0.000000000000,60.000000000000
51.649921881321,2.734453897777,47.789616738189
47.267332575686,38.293283034687,36.335425383822
46.861993198573,57.237318216637,44.520971589926
47.952548573990,39.205858338994,38.688342248755
49.027272382258,21.749423191438,45.855197069528
48.756419292708,41.087112456475,33.774907846065
43.251277922299,45.384034829020,58.018733674396
58.270974075046,30.147505050761,36.802303879218
22.902619326293,55.849909823031,9.306007443720
60.000000000000,0.000000000000,60.000000000000
43.273144334482,45.163123182244,45.610081808635
45.768420401727,34.941181418725,29.773602979127
43.304634211522,4.003694530126,35.768506092958
12.802487220899,29.164889796018,44.731151609504
18.090126288554,14.916012362887,5.176598740122
60.000000000000,0.000000000000,60.000000000000
60.000000000000,0.000000000000,60.000000000000
47.356782861621,22.691897376306,39.086071281045
42.875176346981,14.516749157035,23.654128959292
47.385292702511,37.903982699177,25.049377280478
41.648783535302,4.972285559795,28.858438484504
60.000000000000,0.000000000000,60.000000000000
48.898680522128,2.914394190103,6.071083834814
53.477440914222,5.247729026881,55.978194297863
44.773712862144,40.897403859443,54.594981343294
44.475007891717,20.415119398078,30.489358021184
60.000000000000,0.000000000000,60.000000000000
33.753465304795,14.312374904081,60.000000000000
44.952009777123,34.997479937060,9.288134143974
50.445374434383,34.536451918013,32.210216573004
60.000000000000,0.000000000000,60.000000000000
45.437341836651,36.063784869540,38.101981045111
50.779452533543,57.933053803251,28.745901926067
38.884461739939,42.777296108926,17.594367735703
43.061717850819,9.434202927711,32.724500561576
3.296456347702,48.471611757272,28.834515233264
49.829170664637,10.555510996235,51.785577112954
60.000000000000,0.000000000000,60.000000000000
45.320384875442,55.815754178295,23.656468999616
60.000000000000,0.000000000000,60.000000000000
44.656826840178,14.172723049312,44.243563032512
43.066052410140,33.136476781984,32.790651275753
47.952517845298,30.305116257509,36.949800373612
48.527462203898,25.386608938652,37.446651630747
49.623966079728,18.136885431370,49.676199840759
51.660163813702,36.283215742690,38.791318481790
11.799934803705,52.744376103830,18.427612134287
56.395759316740,56.848597261239,56.633282533142
17.644315900098,42.630655321353,30.831067811531
44.380493986133,37.581243305685,60.000000000000
0.000000000000,60.000000000000,27.429510171880
60.000000000000,0.000000000000,60.000000000000
49.074486959512,28.327436567574,38.074893583993
60.000000000000,0.000000000000,60.000000000000
60.000000000000,48.561920939203,54.757423713292
60.000000000000,0.000000000000,60.000000000000
41.539204999564,23.293867921119,37.348485587250
48.938399022314,32.755046043235,25.704586088927
46.427727717710,17.552155292404,37.745973353543
60.000000000000,60.000000000000,60.000000000000
48.139565831931,0.369501659294,31.915538945459
49.593510116735,35.288682104640,24.530278772014
43.835822425792,8.534717464464,26.733393266229
33.149206619437,30.501005143517,9.662128197487
60.000000000000,60.000000000000,16.795449267615
24.689896360562,24.358191756691,3.950857872205
45.643573355738,10.732760066432,17.348519067580
47.594455968130,24.320221980318,20.699735894879
49.146251084640,32.467986462840,43.928145498158
44.268180237355,18.966553285393,1.680728748619
49.581786507246,9.754240696571,47.484860020281
49.981359914707,21.262981821061,29.846097489475
45.952057649894,24.859972883845,22.141577157067
60.000000000000,60.000000000000,60.000000000000
44.133636567269,43.474853003657,11.420868504706
45.714339417179,35.857109187749,21.304876990167
43.466123983791,41.572769050098,8.703033631039
35.505490741340,25.043958858014,46.066484255502
43.096992037064,51.076348898938,22.536737608303
49.001016956717,22.920803468882,22.826515203071
47.614978028323,34.365048393600,57.063255031207
60.000000000000,0.000000000000,60.000000000000
49.872575610878,0.000000000000,19.838929421668
29.623444268689,54.781800741106,23.467723195261
47.052869095004,7.548400494650,39.278170327116
46.613884775259,27.412929506282,22.397122090618
49.739013269169,45.269219841066,30.524783301782
0.726036674808,24.928579638178,3.623421824524
43.946165955709,22.962696580775,13.675992244803
46.063776003838,21.750344317448,25.970996624116
46.205832438777,58.699478700820,6.744283991257
46.618049253660,29.801688402783,28.823176213107
44.315106987968,17.330607796735,51.605646945636
60.000000000000,60.000000000000,60.000000000000
45.486441383552,8.191079837396,9.017667641257
60.000000000000,60.000000000000,60.000000000000
35.469423086486,60.000000000000,58.075568002369
60.000000000000,34.252353127085,24.429151501021
46.447692219269,11.916842436658,39.454523500396
60.000000000000,60.000000000000,60.000000000000
47.018990852387,28.313419269153,43.198235152726
60.000000000000,60.000000000000,60.000000000000
59.570592329366,52.543284423417,8.854799774072
60.000000000000,60.000000000000,60.000000000000
42.960302135105,6.634645815973,1.338304721388
60.000000000000,60.000000000000,60.000000000000
47.647321125131,18.355204202763,12.261544813528
47.597060164644,19.793358666643,31.282222107264
49.361445847516,33.122406331986,8.608887862483
60.000000000000,60.000000000000,60.000000000000
56.516409041266,17.274354218221,10.047201345583
60.000000000000,60.000000000000,60.000000000000
36.198682534294,12.456063646405,26.747620081837
43.134961352287,27.730398254725,29.473014958859
43.825789998700,1.665085771208,16.794855375835
60.000000000000,60.000000000000,60.000000000000
50.781090118901,4.677934850648,60.000000000000
47.794635278890,29.971060419757,25.457153010513
55.557690629055,22.391593343601,37.994747009584
60.000000000000,60.000000000000,60.000000000000
48.449240668663,37.184597926013,1.219210741843
60.000000000000,60.000000000000,60.000000000000
45.573103813913,11.922822473039,49.377503787408
60.000000000000,60.000000000000,60.000000000000
54.210243881188,27.267160721009,42.437131809539
60.000000000000,60.000000000000,60.000000000000
50.140649960094,14.121013018167,57.453676784599
60.000000000000,60.000000000000,60.000000000000
48.276586751314,11.674557720012,3.311908966936
60.000000000000,60.000000000000,60.000000000000
60.000000000000,4.776997099528,12.515786551530
60.000000000000,60.000000000000,60.000000000000
43.890413114955,10.103994022840,51.701800227474
49.689029196164,19.282967040692,39.027960095552
60.000000000000,60.000000000000,60.000000000000
60.000000000000,60.000000000000,60.000000000000
49.701367559997,8.491333863805,33.253820697866
60.000000000000,60.000000000000,60.000000000000
46.556550349545,38.173083987500,57.909741820277
60.000000000000,60.000000000000,60.000000000000
44.762128275296,42.199883400813,52.241895895741
45.867889667610,38.985556191268,29.120861874080
46.072866276013,20.796300308127,51.595931778516
60.000000000000,60.000000000000,60.000000000000
44.715206313062,45.054621631060,50.148796097756
45.470654972942,29.479554734330,37.141851812694
44.902768890323,2.177256480509,2.657852428859
45.112639572357,24.417494359694,27.345172543382
17.095838672596,51.616080975088,60.000000000000
47.667191580268,40.215987339686,19.517655628618
44.851674612024,2.895777282966,42.189129915900
44.868667124229,20.453538394077,23.141846843149
60.000000000000,39.176710109707,17.291251439018
60.000000000000,60.000000000000,60.000000000000
51.425158093995,35.185509944267,8.382380778796
60.000000000000,60.000000000000,60.000000000000
60.000000000000,60.000000000000,60.000000000000
44.777525958153,8.976338607230,35.081596281517
48.161738615332,37.562292914951,12.338596195744
0.000000000000,60.000000000000,60.000000000000
47.444040913197,53.896082418427,1.924085753718
43.738222497833,31.977145556870,28.880769007878
45.903804105396,38.256159810188,33.319590713256
60.000000000000,60.000000000000,60.000000000000
43.823494054831,28.667721533778,43.075609508304
60.000000000000,60.000000000000,60.000000000000
60.000000000000,60.000000000000,60.000000000000
60.000000000000,60.000000000000,60.000000000000
60.000000000000,60.000000000000,60.000000000000
60.000000000000,60.000000000000,60.000000000000
50.157537416745,6.151102227209,38.776089279686
60.000000000000,60.000000000000,60.000000000000
49.570361075441,56.275577902272,11.523560645681
60.000000000000,30.707085868073,40.697776243981
60.000000000000,60.000000000000,60.000000000000
60.000000000000,60.000000000000,60.000000000000
53.223778440907,23.743439823359,48.259207152941
60.000000000000,60.000000000000,60.000000000000
60.000000000000,60.000000000000,60.000000000000
60.000000000000,60.000000000000,60.000000000000
45.486526476616,36.328850235077,5.880622929007
60.000000000000,60.000000000000,60.000000000000
43.021184176406,4.146525784686,48.706985498180
60.000000000000,60.000000000000,60.000000000000
45.563756110232,49.419642728681,60.000000000000
60.000000000000,60.000000000000,60.000000000000
51.114659538562,5.413125776677,7.059123228707
60.000000000000,25.284655176226,40.299394200228
60.000000000000,60.000000000000,60.000000000000
51.374328115922,32.246636918776,33.833817824435
60.000000000000,60.000000000000,60.000000000000
51.714245031181,33.487287047994,20.185588210275
50.240337184955,53.975083322945,28.704734585109
47.574411131871,36.580987302826,28.228513146376
45.932018611434,59.433760817325,40.865286472579
60.000000000000,30.121479125642,13.618606150533
49.931556662694,47.910097239523,60.000000000000
40.355324851314,47.893245113977,38.074716847093
60.000000000000,60.000000000000,60.000000000000
60.000000000000,60.000000000000,60.000000000000
54.469571529132,25.598525336353,60.000000000000
48.790408273581,29.284410597993,33.837301737792
47.911325620707,31.003173676966,1.237309944228
60.000000000000,60.000000000000,60.000000000000
49.055011130219,41.292756472997,35.089921458101
60.000000000000,60.000000000000,60.000000000000
46.757236193144,37.762279772310,42.285760009191
42.079698771790,58.873771245341,47.249529666582
42.530758479132,31.312418306774,16.953498838210
60.000000000000,60.000000000000,60.000000000000
41.354081874599,29.434781103266,5.885567071270
33.197852776300,10.204152130442,6.170321808038
43.691092842465,44.158678236767,32.598921354231
51.164029406287,30.835757160634,60.000000000000
48.047197483905,42.159430616121,45.714076408829
60.000000000000,60.000000000000,60.000000000000
15.872312225550,49.304240968921,45.384775260743
51.235178545061,39.190848047938,34.156884092524
28.670813023554,5.492921009519,6.461990742972
50.415184268480,26.426676425580,25.723644622877
47.191430583878,3.690390798710,12.631773959447
48.066419375568,32.061398338521,32.084608759953
50.515104321768,21.752214114561,12.717306121709
60.000000000000,60.000000000000,60.000000000000
48.699787213858,6.213843614624,2.735598660535
37.906313596149,24.069209739403,15.108749661681
49.269042355440,25.407089299297,3.696385957465
60.000000000000,60.000000000000,60.000000000000
60.000000000000,60.000000000000,60.000000000000
8.541874563701,42.062312150344,60.000000000000
48.112819091298,27.014125836955,34.697574815682
45.258743861970,39.005208066309,38.942760865451
60.000000000000,60.000000000000,60.000000000000
50.744596963715,26.659183553529,21.584977032918
43.903727985058,59.021193629660,43.519233205126
60.000000000000,60.000000000000,60.000000000000
48.533565821961,16.656233731388,54.969474625493
60.000000000000,60.000000000000,60.000000000000
60.000000000000,60.000000000000,60.000000000000
60.000000000000,60.000000000000,60.000000000000
49.983875985749,29.120385927759,13.455341882177
60.000000000000,60.000000000000,60.000000000000
39.301575867362,7.275257264142,41.793292727233
51.832594261270,32.218042549645,25.521078480579
59.697147972726,29.396093662119,39.134247167386
46.141319589625,28.743223103012,26.836408654278
35.392006727452,16.354470521099,9.327202315930
60.000000000000,60.000000000000,60.000000000000
51.029102323598,3.968768600078,37.547595313853
60.000000000000,60.000000000000,60.000000000000
4.857839036709,43.695962399370,60.000000000000
47.702218676309,20.399320745150,16.150954255337
44.532770713962,51.989441403781,14.910165530861
60.000000000000,60.000000000000,60.000000000000
47.639735576423,57.434754036552,42.061884340698
10.461245167135,35.288408232452,38.922774350693
48.249046496193,56.278621758540,21.161090850938
55.059495542053,0.726966248987,49.181773445974
28.083825207644,55.974692120530,51.745252113365
60.000000000000,60.000000000000,60.000000000000
60.000000000000,60.000000000000,60.000000000000
60.000000000000,42.581371353044,55.267450254989
51.306082452882,52.028029284069,57.727608045643
60.000000000000,60.000000000000,60.000000000000
43.875422123245,40.235503734891,4.444589279218
60.000000000000,60.000000000000,60.000000000000
60.000000000000,60.000000000000,60.000000000000
46.761049158627,32.873065762447,33.100482477832
44.233593849792,26.940797570945,40.776051154269
60.000000000000,60.000000000000,60.000000000000
47.903187007272,47.889091988753,13.946897020071
3.162186108929,48.890299230502,57.568349933761
42.661765197333,21.196550883242,59.546938823382
60.000000000000,60.000000000000,60.000000000000
48.101322165000,37.337108218574,20.278763934938
60.000000000000,60.000000000000,60.000000000000
22.236402680546,60.000000000000,7.881894215636
60.000000000000,37.136956363972,60.000000000000
41.571773713184,8.584244393093,36.501820563883
60.000000000000,60.000000000000,60.000000000000
48.095217745263,40.375044895289,15.038387842440
60.000000000000,60.000000000000,11.754505230784
6.042028640932,17.312397612915,38.059010519219
60.000000000000,60.000000000000,60.000000000000
51.181695585771,8.468349290184,3.818944857808
49.133159347184,30.875155368884,29.413369717060
47.101652218431,10.041855799387,10.824290143110
60.000000000000,60.000000000000,60.000000000000
50.828541775260,29.370147027103,51.162267711228
42.870195568503,36.088285921506,27.045916429497
48.647296525388,60.000000000000,24.582310141690
60.000000000000,60.000000000000,60.000000000000
52.172496756157,46.700808558243,9.657626477799
47.220114754846,36.355662512171,26.157121680883
53.131901135468,18.863133033504,48.588260815921
55.207764510525,34.446026352651,28.864869480263
52.636798222940,1.034696103381,25.932797150289
60.000000000000,0.000000000000,60.000000000000
54.215167322962,20.788263750760,26.547564442615
54.201373982714,22.501318085859,36.125272131431
51.722224735582,47.345630396798,59.546441934248
57.063316412562,23.055081508394,38.800636866962
56.159727600302,41.647906894198,19.471474124918
58.361293763992,26.139320402125,41.133398571499
57.217234348392,35.045909718104,27.559967914419
60.000000000000,0.000000000000,60.000000000000
37.925799845197,27.974186846611,9.578775218324
60.000000000000,0.000000000000,60.000000000000
57.781404379925,6.467367430671,13.950802746491
60.000000000000,0.000000000000,60.000000000000
57.901886258450,21.937810602688,1.610313374764
52.484501058129,39.517616195911,36.834675175256
58.105342994138,9.139115217108,17.229761753770
23.433616665030,13.083406386246,21.082504856269
54.020823711687,40.004349579356,42.234168265620
51.393876961056,25.130830656125,20.111508189315
35.095512915384,4.596744739353,9.887685641069
45.021661297860,45.253263910486,54.606049837558
21.307929148669,52.972813615902,41.976711939331
56.178842543282,32.451382815496,31.373258309781
49.028408835986,27.078922836412,13.354455761219
52.960958625624,22.919098421410,25.467001431748
57.723851472890,41.878077964002,34.373419708465
60.000000000000,0.000000000000,60.000000000000
59.439822012421,37.903509326745,17.099860611698
54.825581570856,24.621251960274,36.038602378748
57.529016218989,12.452458375319,28.050254552411
60.000000000000,0.000000000000,60.000000000000
54.165991349771,50.057598474969,23.352335625493
59.638050573346,39.605117718156,29.975180240721
53.697996711892,24.211274610560,54.260090949220
58.730444206658,33.756890054724,26.078638823390
54.213073894076,36.224006676354,8.656105671697
9.505476183486,41.529063356372,0.767568175041
60.000000000000,18.658799772956,60.000000000000
60.000000000000,0.000000000000,60.000000000000
56.285536139531,15.972086740619,3.705679889056
4.519029413986,2.828666318914,29.243306758017
53.708971220175,38.218434051840,24.465649356633
60.000000000000,0.000000000000,60.000000000000
51.391016108831,4.935552064320,51.164956398961
54.765089582992,32.675546706295,30.838740467412
57.840965324472,39.134000138613,22.943916453487
60.000000000000,0.000000000000,60.000000000000
58.170580956060,7.849555239829,37.278763184297
44.113906600052,33.400804476987,1.227681506147
50.479036120627,26.700721731770,5.493968459323
55.605224875726,26.343827905303,32.215060978787
60.000000000000,60.000000000000,60.000000000000
54.842694167773,35.674667860861,24.033837902637
60.000000000000,27.640323480162,10.039457869019
60.000000000000,0.000000000000,60.000000000000
60.000000000000,0.000000000000,60.000000000000
59.881411858668,27.678905273109,18.640452519109
52.996664617343,9.815309553421,17.279846751284
58.814429186470,9.339023872388,20.287187225031
60.000000000000,0.000000000000,60.000000000000
57.249209071805,29.998005259249,33.790464291631
55.479065210254,17.311119240218,18.807884282829
58.966526846291,33.821810308224,22.136018738532
55.171336487461,50.838123949927,12.051880412359
60.000000000000,0.000000000000,60.000000000000
53.248854955056,31.273738082645,54.525041974860
60.000000000000,0.000000000000,60.000000000000
58.441051335033,45.490637802967,1.580921182988
60.000000000000,60.000000000000,60.000000000000
60.000000000000,60.000000000000,60.000000000000
58.578984380616,24.650538783346,41.440748460606
53.144506959545,9.225654016780,35.086958966517
50.693966170887,12.411472260361,49.799737732554
60.000000000000,0.000000000000,60.000000000000
53.478052809614,22.949173876324,40.464608675680
53.454142932772,56.037728879346,18.763613697904
3.051934844383,17.641219066551,56.581138526399
60.000000000000,0.000000000000,60.000000000000
41.422620506286,29.949043958663,39.767496920479
56.309378974179,59.107690110824,15.121053677718
60.000000000000,0.000000000000,60.000000000000
60.000000000000,0.000000000000,60.000000000000
55.265589525769,37.533854877412,27.821706776796
2.584530969929,6.614318201562,55.642995834609
59.918078590776,35.408229443631,32.107683787183
59.742917857746,54.070029276619,53.938916094358
47.311629201029,51.031721918077,23.049109016906
58.828071196193,13.091743503059,20.706754350249
51.948690987155,29.522116832091,27.624378989417
53.428799132960,50.924818722781,57.905241369359
60.000000000000,60.000000000000,60.000000000000
49.480235788984,20.080595586118,42.335552898245
55.427805812661,18.294441702567,39.505159417622
0.000000000000,60.000000000000,47.054926242663
51.677245766005,26.971738916718,29.045837900753
55.266140076477,47.844714041602,29.777462113733
48.790548617164,36.419415084763,21.309055310894
54.078039443383,50.854345435422,51.587614872349
54.078195423175,30.158554226559,13.859711623362
60.000000000000,60.000000000000,0.000000000000
28.211282852603,59.364080279993,15.202748472681
53.615000102864,5.331234470753,14.406383791888
60.000000000000,60.000000000000,60.000000000000
60.000000000000,60.000000000000,60.000000000000
60.000000000000,60.000000000000,60.000000000000
0.000000000000,60.000000000000,53.551195497415
60.000000000000,60.000000000000,60.000000000000
53.078646601742,22.718404484343,43.899469416596
60.000000000000,60.000000000000,60.000000000000
58.148185517551,49.521990136775,17.304981237456
60.000000000000,60.000000000000,60.000000000000
53.820246264655,12.586603143168,45.775234014652
60.000000000000,60.000000000000,60.000000000000
53.371022213688,22.103500438533,17.306561739549
47.668429466745,25.681167826772,23.511594253225
9.771308994894,12.592938654631,8.885909362729
60.000000000000,60.000000000000,60.000000000000
36.367836482078,58.858001777163,45.929189438989
54.745715686412,26.072828731527,15.834918126564
54.256227569133,6.349417731591,57.307969865780
54.760640276416,31.158072725161,21.127042700890
30.719499110757,54.265360132117,38.213583226386
60.000000000000,60.000000000000,60.000000000000
55.104721622109,1.592880017725,10.387619596232
60.000000000000,60.000000000000,60.000000000000
53.908694877816,31.152389330594,25.755706375572
60.000000000000,60.000000000000,60.000000000000
57.286701113068,43.782874512765,23.625823413909
60.000000000000,60.000000000000,60.000000000000
53.125750759040,27.177354132226,16.028575282030
60.000000000000,60.000000000000,60.000000000000
12.382252736208,25.896431137577,15.607337369779
60.000000000000,60.000000000000,60.000000000000
55.477347792196,6.664990037438,43.959669545396
60.000000000000,60.000000000000,60.000000000000
25.091186191722,32.498181587342,18.787756990821
57.321706621373,23.758434963453,26.450447055268
60.000000000000,60.000000000000,60.000000000000
29.574008396335,16.705205015433,44.131295024640
52.931493101316,27.902287276066,21.870103813360
60.000000000000,60.000000000000,60.000000000000
55.930639777485,40.254030496726,1.338337762086
60.000000000000,60.000000000000,60.000000000000
57.643941033002,25.571356042007,17.242309960854
56.110450545646,20.513482175252,33.240327782715
58.494253779635,53.444945558008,24.552649380523
60.000000000000,60.000000000000,60.000000000000
60.000000000000,60.000000000000,60.000000000000
53.751900929031,38.151228800361,20.854307380794
49.287975408668,45.861461527503,50.084275761462
53.838647046115,23.140614408680,33.240394645193
55.477402475538,1.892006398182,30.290258590761
60.000000000000,60.000000000000,60.000000000000
60.000000000000,60.000000000000,60.000000000000
52.244497202588,35.791310043648,21.015829391209
32.123813203590,49.446980869244,31.880089825275
60.000000000000,60.000000000000,60.000000000000
60.000000000000,60.000000000000,60.000000000000
60.000000000000,60.000000000000,60.000000000000
52.338694907331,50.527282372868,4.019818184741
52.755709904724,34.071336636643,27.803183148016
54.194081203884,14.804634422468,47.920362918391
60.000000000000,60.000000000000,60.000000000000
56.481974100122,14.174286008424,13.839515380420
60.000000000000,60.000000000000,60.000000000000
9.584618102062,54.802788387879,56.413201132488
55.462087209608,28.265639917669,10.095278799970
56.424601474842,35.849635689555,0.539070978488
0.000000000000,60.000000000000,60.000000000000
60.000000000000,60.000000000000,60.000000000000
60.000000000000,60.000000000000,60.000000000000
60.000000000000,60.000000000000,60.000000000000
57.829098310785,27.764830981053,28.344735050087
43.148029493081,8.507126555265,10.225015835816
60.000000000000,60.000000000000,60.000000000000
58.062053202383,51.784087990977,55.900114009435
56.315758493716,20.388540534767,37.926025655176
60.000000000000,11.617534235068,23.366805179539
7.800416833083,60.000000000000,60.000000000000
0.085611867730,14.408886170274,36.587618262965
60.000000000000,60.000000000000,60.000000000000
60.000000000000,60.000000000000,60.000000000000
60.000000000000,60.000000000000,60.000000000000
51.557688514499,4.242938261603,57.467748072661
60.000000000000,60.000000000000,60.000000000000
36.087018494898,53.020571050861,51.376933795711
60.000000000000,60.000000000000,60.000000000000
56.508224895892,44.858062048405,48.671969789104
60.000000000000,60.000000000000,60.000000000000
60.000000000000,60.000000000000,60.000000000000
56.767745250886,60.000000000000,45.348092673980
0.000000000000,60.000000000000,60.000000000000
50.857912888806,31.075285869262,25.438927113112
60.000000000000,60.000000000000,60.000000000000
57.626116483247,19.079214304481,29.157632304115
39.543774740965,2.434384833573,30.430834966408
55.992981660033,30.884480834598,19.806536427840
35.263189315028,0.578884028302,16.821095662425
59.459097687693,22.221449134017,29.219533780462
3.021762858010,35.794650742353,51.934897154239
60.000000000000,60.000000000000,60.000000000000
0.000000000000,60.000000000000,60.000000000000
60.000000000000,60.000000000000,60.000000000000
60.000000000000,9.284729964654,6.549324081006
53.613203196105,10.464503373948,16.731073164978
11.826837160508,3.404198020075,40.384420535404
60.000000000000,60.000000000000,60.000000000000
44.499533113099,7.182143733901,21.289103553059
46.700723210603,60.000000000000,27.133892364358
58.038195280570,52.088365162918,30.502957466558
48.954173714682,37.604667048563,22.917695305282
56.910645720774,2.435740066112,17.125230738957
60.000000000000,60.000000000000,60.000000000000
55.808208095885,44.037963458487,18.709298054456
44.297217955219,59.800575233929,25.330963824233
60.000000000000,60.000000000000,60.000000000000
57.131052026082,33.948362060423,25.264783868615
55.433193220373,12.076291064123,48.980345885442
60.000000000000,60.000000000000,60.000000000000
53.745753832723,11.524211224523,15.313595700983
57.967435367297,34.479021310960,44.399761467948
52.760725021141,9.674449430132,13.393589400695
54.905763709204,21.944832306730,34.273591752533
1.250146441732,34.263875034586,18.552089801997
54.616046057521,28.149249328852,27.125705158209
24.296012939988,32.563397106869,7.887069545749
60.000000000000,60.000000000000,60.000000000000
40.406751701460,55.712593561361,47.865653056712
59.811055797140,35.171604647723,24.301122999312
56.173812154060,8.635434818230,20.187254331753
60.000000000000,60.000000000000,60.000000000000
58.451382021458,45.911923647404,11.830171478390
53.571926648815,16.830582833110,30.934338376029
58.557201976196,32.802645488316,13.857029054021
56.813094081434,31.128298135008,38.411391487218
60.000000000000,60.000000000000,60.000000000000
55.077598162119,28.434106485938,37.584719284182
59.740553300908,19.992889598127,19.953680398365
60.000000000000,60.000000000000,60.000000000000
59.079515079988,50.390766299372,26.134805357059
60.000000000000,60.000000000000,60.000000000000
60.000000000000,60.000000000000,60.000000000000
60.000000000000,60.000000000000,60.000000000000
57.681366094395,51.024798781911,13.505044606450
60.000000000000,60.000000000000,60.000000000000
19.079808474637,20.858623899782,16.142276397961
60.000000000000,60.000000000000,60.000000000000
60.000000000000,60.000000000000,60.000000000000
53.581100049219,22.530626016444,22.867067386015
52.498430401954,10.217739326965,44.452920497971
60.000000000000,60.000000000000,60.000000000000
52.382163228418,15.271578557167,14.699973914577
60.000000000000,60.000000000000,60.000000000000
58.624047826620,53.767612976553,60.000000000000
42.904297770396,36.004043768339,8.859677193776
57.453189053714,51.304502487887,28.247222441695
60.000000000000,60.000000000000,60.000000000000
8.161261102319,33.688016110568,29.278432111238
60.000000000000,60.000000000000,60.000000000000
58.987957914900,43.313856855117,18.445390957824
43.401851178887,39.181859947945,3.402408553373
49.858776858199,12.729931205561,0.578495969384
60.000000000000,60.000000000000,60.000000000000
60.000000000000,60.000000000000,60.000000000000
57.111355824389,35.637936376229,30.204955997250
55.536497447087,11.234426145101,18.259628749057
60.000000000000,60.000000000000,60.000000000000
53.671938238194,39.667267110555,23.362269224549
60.000000000000,60.000000000000,60.000000000000
60.000000000000,2.326528755647,0.000000000000
60.000000000000,60.000000000000,60.000000000000
51.926727423425,24.517144931059,53.292125138321
60.000000000000,60.000000000000,60.000000000000
52.864761938201,41.876431941765,38.262188510973
57.155211756657,47.547162129934,60.000000000000
51.653416321284,24.735614748794,8.170169532696
60.000000000000,60.000000000000,60.000000000000
60.000000000000,60.000000000000,60.000000000000
60.000000000000,60.000000000000,60.000000000000
56.629169567190,51.702942442838,58.244858065464
54.643231949112,60.000000000000,25.819229811141
41.669180062503,60.000000000000,56.507409056981
60.000000000000,60.000000000000,10.200965168103
54.595453272090,17.038139389559,57.903421395890
60.000000000000,60.000000000000,60.000000000000
38.302014637405,13.322317246011,21.988165009391
60.000000000000,60.000000000000,60.000000000000
30.212084674542,3.130010841626,26.192081225902
60.000000000000,60.000000000000,60.000000000000
40.881882773499,60.000000000000,19.907747266538
60.000000000000,60.000000000000,60.000000000000
52.722255872492,41.998709443939,22.295013854908
55.294942928569,34.217349338192,32.678028925649
60.000000000000,34.656797795157,60.000000000000
60.000000000000,60.000000000000,60.000000000000
