x,y,z
14.559633034320,1.732133155543,11.417835088145
16.339026780140,46.157379426254,20.797138484911
5.064107647308,21.491593587160,52.833328566488
1.571428640776,12.505523034518,38.448819593427
6.286878353042,15.644693957550,23.640979855584
60.000000000000,0.000000000000,60.000000000000
5.405403308687,4.360569569605,26.143649279661
60.000000000000,0.000000000000,60.000000000000
5.015320549939,57.489061907718,52.366701943532
60.000000000000,0.000000000000,60.000000000000
8.168997414402,26.218252919021,47.589294019391
60.000000000000,0.000000000000,60.000000000000
60.000000000000,60.000000000000,60.000000000000
60.000000000000,60.000000000000,60.000000000000
3.688379183387,15.830863386025,18.773251573582
46.538645031418,19.715160282269,45.603677391742
1.930490742577,2.590906338445,47.575023871889
2.660304983338,33.638648872848,38.764592450327
4.091154425780,42.004052121277,25.499129533566
2.991298644971,58.865096336293,31.675941828171
18.174799616050,12.445628906945,41.636059166370
15.783957159935,21.480670145264,37.163095007285
60.000000000000,60.000000000000,60.000000000000
60.000000000000,0.000000000000,60.000000000000
8.446177442508,34.542483732081,52.001526703664
4.922563043648,38.491348442181,35.337369047248
60.000000000000,0.000000000000,60.000000000000
60.000000000000,0.000000000000,60.000000000000
39.418798651701,46.722898581320,23.693650414921
60.000000000000,60.000000000000,60.000000000000
0.210692946425,46.137557433783,43.398739782392
60.000000000000,60.000000000000,60.000000000000
6.366087648343,4.189384810074,3.218275516916
7.380347712158,34.425062051936,23.357314862452
20.847422907032,6.935292444810,58.183792348594
60.000000000000,60.000000000000,60.000000000000
35.913195585910,34.184435960695,44.598904327698
16.335614170992,16.063780417429,47.437930351019
3.605989341941,10.054692573985,42.784564718536
8.855055079609,25.604558962025,43.720994508206
60.000000000000,0.000000000000,60.000000000000
60.000000000000,29.534223084592,31.830129419162
7.329419450800,5.287627239072,51.524897724941
4.864656521609,60.000000000000,27.498260968356
11.392473982966,18.956274640069,48.000369616121
60.000000000000,60.000000000000,60.000000000000
5.599949760000,27.110773871844,25.663636243552
18.545073040682,60.000000000000,43.093295596582
60.000000000000,0.000000000000,60.000000000000
6.326888305034,34.333651890527,39.826220298474
2.613337545789,6.994764851986,38.407201847527
60.000000000000,60.000000000000,60.000000000000
60.000000000000,60.000000000000,60.000000000000
60.000000000000,60.000000000000,60.000000000000
60.000000000000,0.000000000000,60.000000000000
60.000000000000,0.000000000000,60.000000000000
60.000000000000,60.000000000000,60.000000000000
5.668999410665,33.463542105209,30.530425752949
0.432482547144,20.257619732922,25.512311441140
52.527592479725,60.000000000000,58.313089298734
60.000000000000,60.000000000000,60.000000000000
60.000000000000,60.000000000000,60.000000000000
2.194371892868,20.217061656925,3.801146689362
8.697851944819,15.541315634882,40.168040654711
60.000000000000,60.000000000000,60.000000000000
53.910962277454,20.083188556965,20.295366430175
1.735682270837,18.449863485247,12.611446113776
60.000000000000,0.000000000000,60.000000000000
2.630790672209,50.620256789134,11.656374043974
60.000000000000,60.000000000000,60.000000000000
5.496349633471,14.158127920548,6.854222619302
60.000000000000,60.000000000000,60.000000000000
3.262341969414,33.344715503205,4.714073366531
60.000000000000,44.077659741080,5.224345046533
60.000000000000,49.319535530312,33.957017306375
60.000000000000,60.000000000000,60.000000000000
60.000000000000,60.000000000000,60.000000000000
60.000000000000,60.000000000000,60.000000000000
60.000000000000,0.000000000000,60.000000000000
60.000000000000,0.000000000000,60.000000000000
4.609940200001,31.800348716441,49.690279257877
60.000000000000,0.000000000000,60.000000000000
60.000000000000,60.000000000000,60.000000000000
1.202123656491,32.510018199606,24.801891486645
60.000000000000,60.000000000000,60.000000000000
50.176186216821,60.000000000000,19.584853535192
60.000000000000,60.000000000000,60.000000000000
8.951975243241,30.858457778738,37.523281534766
27.751580036735,24.802861538298,0.190725259437
60.000000000000,60.000000000000,0.000000000000
15.224251980678,30.557457931322,19.380589946868
19.370548677390,36.986598263998,28.432376750630
1.905994909677,41.530618594973,57.528134318232
60.000000000000,60.000000000000,60.000000000000
11.331449982021,5.902091341780,48.210796315068
60.000000000000,60.000000000000,60.000000000000
6.819669895586,25.965993327287,45.167241827418
6.404863080916,51.415115146503,15.870299571951
60.000000000000,60.000000000000,60.000000000000
7.577994098370,19.562936344578,23.876371651435
5.483995422584,46.063863955755,40.363519457311
60.000000000000,60.000000000000,60.000000000000
60.000000000000,60.000000000000,60.000000000000
60.000000000000,60.000000000000,60.000000000000
60.000000000000,60.000000000000,60.000000000000
60.000000000000,60.000000000000,60.000000000000
60.000000000000,60.000000000000,60.000000000000
60.000000000000,60.000000000000,60.000000000000
60.000000000000,0.000000000000,60.000000000000
60.000000000000,60.000000000000,60.000000000000
60.000000000000,60.000000000000,60.000000000000
60.000000000000,60.000000000000,60.000000000000
37.786630681097,43.168864365027,26.858191864124
60.000000000000,60.000000000000,60.000000000000
3.457851663924,42.287269565406,46.933557703811
60.000000000000,60.000000000000,60.000000000000
60.000000000000,8.328637197011,17.515276968362
60.000000000000,60.000000000000,60.000000000000
30.817071363847,58.839167187714,39.390622445818
60.000000000000,60.000000000000,60.000000000000
60.000000000000,60.000000000000,60.000000000000
60.000000000000,60.000000000000,60.000000000000
60.000000000000,3.250225905925,50.201475951653
0.857126227031,43.566884733172,33.181741119541
48.220183108539,60.000000000000,15.836652069316
16.113315347793,8.190258767108,11.482530630820
60.000000000000,60.000000000000,60.000000000000
60.000000000000,60.000000000000,60.000000000000
43.803812850926,53.944128230465,28.488862619454
60.000000000000,60.000000000000,60.000000000000
23.081256723835,35.279085796074,50.457233263156
60.000000000000,60.000000000000,60.000000000000
60.000000000000,60.000000000000,60.000000000000
60.000000000000,60.000000000000,60.000000000000
0.818560107793,8.650577435137,26.271411383057
60.000000000000,60.000000000000,60.000000000000
3.226495968274,36.148147566840,10.611844096006
60.000000000000,60.000000000000,60.000000000000
60.000000000000,60.000000000000,60.000000000000
60.000000000000,60.000000000000,60.000000000000
29.964525987096,3.022956793079,17.605928862663
8.978265913251,17.510963065058,50.573017104241
60.000000000000,60.000000000000,60.000000000000
60.000000000000,60.000000000000,60.000000000000
60.000000000000,60.000000000000,60.000000000000
60.000000000000,0.000000000000,60.000000000000
8.994351880462,28.750761913350,40.467067628894
60.000000000000,60.000000000000,60.000000000000
4.492222750770,4.724660510074,46.329876358004
60.000000000000,48.988486408336,0.757547199440
6.156804231485,35.433805055967,3.483456093926
60.000000000000,60.000000000000,60.000000000000
60.000000000000,60.000000000000,60.000000000000
3.768402283515,15.032177128380,39.376099207009
60.000000000000,60.000000000000,60.000000000000
60.000000000000,60.000000000000,60.000000000000
60.000000000000,60.000000000000,60.000000000000
60.000000000000,60.000000000000,60.000000000000
60.000000000000,60.000000000000,60.000000000000
60.000000000000,60.000000000000,60.000000000000
20.581788461760,20.626609273477,6.722327092174
60.000000000000,28.835899713268,7.009450481219
60.000000000000,60.000000000000,60.000000000000
60.000000000000,60.000000000000,60.000000000000
60.000000000000,60.000000000000,60.000000000000
3.083541047422,28.516862311348,35.200067790446
42.885423497787,16.462494454452,25.325305484413
60.000000000000,60.000000000000,60.000000000000
3.977166063323,47.467617989436,19.711665699333
60.000000000000,60.000000000000,60.000000000000
60.000000000000,60.000000000000,60.000000000000
60.000000000000,60.000000000000,60.000000000000
4.711461964200,54.506413740238,19.025938905993
60.000000000000,60.000000000000,60.000000000000
60.000000000000,60.000000000000,60.000000000000
60.000000000000,60.000000000000,60.000000000000
60.000000000000,60.000000000000,60.000000000000
50.663810678745,60.000000000000,5.901853924332
6.186742221738,20.808352299897,39.774798235519
60.000000000000,60.000000000000,60.000000000000
9.313232932204,17.973828197033,25.629936194472
28.877896281837,17.874101960763,56.052950177083
0.760240112532,49.491387412067,4.865713973315
60.000000000000,60.000000000000,60.000000000000
4.718926517412,44.290855672065,60.000000000000
60.000000000000,60.000000000000,60.000000000000
60.000000000000,60.000000000000,60.000000000000
60.000000000000,60.000000000000,60.000000000000
7.500337257745,14.332704940128,49.996519768066
60.000000000000,60.000000000000,60.000000000000
60.000000000000,60.000000000000,60.000000000000
60.000000000000,60.000000000000,60.000000000000
8.484659230322,1.140585469104,51.687001408604
60.000000000000,60.000000000000,60.000000000000
60.000000000000,51.107777513426,26.737740269092
44.242113111167,4.092927991963,17.130644150762
60.000000000000,60.000000000000,60.000000000000
6.735479084348,60.000000000000,1.644273477887
60.000000000000,60.000000000000,60.000000000000
60.000000000000,60.000000000000,60.000000000000
60.000000000000,60.000000000000,60.000000000000
34.643378622630,47.055834334283,25.070665776583
1.970852508450,13.830409452634,50.470975723310
60.000000000000,60.000000000000,60.000000000000
60.000000000000,60.000000000000,60.000000000000
60.000000000000,60.000000000000,60.000000000000
60.000000000000,24.560397159304,19.417714220239
60.000000000000,60.000000000000,60.000000000000
3.960213675186,30.026820603127,15.096078479856
46.552131500266,54.999564486725,3.403810361533
47.998542189774,60.000000000000,26.518859983683
60.000000000000,60.000000000000,60.000000000000
60.000000000000,60.000000000000,60.000000000000
60.000000000000,60.000000000000,60.000000000000
6.021275866019,28.956107530493,43.070617143769
46.130752820055,60.000000000000,15.740351708651
7.977572734362,4.666769555543,10.142147723756
60.000000000000,60.000000000000,60.000000000000
3.788492945925,51.172470825786,22.302264358798
60.000000000000,60.000000000000,60.000000000000
60.000000000000,60.000000000000,60.000000000000
60.000000000000,60.000000000000,60.000000000000
4.618254486386,23.164658198440,55.009148078876
60.000000000000,60.000000000000,60.000000000000
7.639990387785,45.702175042990,10.700616050491
60.000000000000,60.000000000000,60.000000000000
8.517806398678,42.909088763602,34.695544430764
7.742278438475,20.576958772285,2.846929144091
4.896906409987,56.453851142046,0.473571825362
53.326870734068,27.093205243756,7.108505550071
26.124559108729,54.498052872595,60.000000000000
60.000000000000,60.000000000000,60.000000000000
60.000000000000,60.000000000000,60.000000000000
11.706733929484,31.694980833003,25.423564798689
2.188577029409,1.639565142903,19.294929553762
60.000000000000,60.000000000000,60.000000000000
60.000000000000,60.000000000000,60.000000000000
1.929525518145,33.932789041953,26.681527255623
2.615219647154,15.869395095922,17.531300532052
25.720850969204,15.794076208012,35.585771806904
60.000000000000,60.000000000000,60.000000000000
60.000000000000,0.000000000000,60.000000000000
18.769702504774,24.627341228639,27.307917302423
60.000000000000,60.000000000000,60.000000000000
10.371245992355,27.047756243780,18.002707433341
60.000000000000,60.000000000000,60.000000000000
60.000000000000,60.000000000000,60.000000000000
60.000000000000,60.000000000000,60.000000000000
45.069782670747,60.000000000000,2.899980205983
60.000000000000,60.000000000000,60.000000000000
3.071096062835,44.882423763371,32.828087584857
60.000000000000,60.000000000000,60.000000000000
60.000000000000,60.000000000000,60.000000000000
60.000000000000,60.000000000000,60.000000000000
10.076779368399,33.145465762945,60.000000000000
60.000000000000,60.000000000000,60.000000000000
0.997598110725,7.429823904199,33.576175257428
60.000000000000,60.000000000000,60.000000000000
60.000000000000,13.590413209135,26.243727224082
60.000000000000,60.000000000000,60.000000000000
5.008289514793,46.268362922209,3.609819687229
60.000000000000,0.000000000000,60.000000000000
60.000000000000,60.000000000000,60.000000000000
60.000000000000,60.000000000000,60.000000000000
27.082388383801,7.665401789318,40.551823329625
60.000000000000,60.000000000000,60.000000000000
46.340664930770,20.642047534398,19.596035262274
60.000000000000,60.000000000000,60.000000000000
60.000000000000,60.000000000000,60.000000000000
8.236050829215,46.892544210543,11.980956613138
60.000000000000,24.288951306351,26.729001191484
60.000000000000,60.000000000000,60.000000000000
55.620180263547,60.000000000000,59.428675876389
60.000000000000,0.000000000000,60.000000000000
60.000000000000,60.000000000000,60.000000000000
60.000000000000,60.000000000000,60.000000000000
4.819511545861,29.983633986382,26.817933940061
60.000000000000,60.000000000000,60.000000000000
60.000000000000,60.000000000000,60.000000000000
60.000000000000,60.000000000000,60.000000000000
6.702821233131,7.305347799100,18.433111914360
60.000000000000,60.000000000000,60.000000000000
60.000000000000,60.000000000000,60.000000000000
60.000000000000,54.263827502438,0.725672050895
60.000000000000,60.000000000000,60.000000000000
49.043911453701,60.000000000000,60.000000000000
60.000000000000,60.000000000000,60.000000000000
60.000000000000,60.000000000000,0.000000000000
6.349016312127,30.323247428896,4.310096619764
60.000000000000,60.000000000000,60.000000000000
60.000000000000,60.000000000000,60.000000000000
60.000000000000,60.000000000000,60.000000000000
60.000000000000,60.000000000000,60.000000000000
60.000000000000,60.000000000000,60.000000000000
32.197442720787,49.538019196405,48.123095776768
60.000000000000,60.000000000000,60.000000000000
5.956776920621,27.085128929181,15.117721383966
0.689946413261,26.418400994182,34.476838006338
60.000000000000,0.000000000000,4.377511520378
60.000000000000,60.000000000000,60.000000000000
35.123866524361,47.117191408271,57.387689010130
40.890993213465,2.092503069318,38.176222225033
14.389237918870,3.355909998558,52.641091609850
60.000000000000,60.000000000000,60.000000000000
60.000000000000,60.000000000000,60.000000000000
60.000000000000,0.000000000000,60.000000000000
9.871882169468,45.386333450349,46.957621072963
60.000000000000,0.000000000000,60.000000000000
15.667471529810,34.848058620693,2.603510487517
9.948920162072,33.472457480843,27.270785727762
14.661107961436,7.716578293255,26.913587559442
10.047424826330,29.218582198375,38.455206054804
4.391388876259,22.916035295752,1.981626481519
60.000000000000,0.000000000000,60.000000000000
9.846029563283,46.049870382138,50.760524001449
20.959007906982,60.000000000000,16.665349471331
17.104654896784,21.875664785607,49.864592859736
53.611098329841,25.081419657940,23.419226038780
10.345528309031,17.984893150961,42.056784819669
12.028242559194,35.784564589821,19.675726049382
10.221735042091,42.978656449493,49.619020456462
60.000000000000,0.000000000000,60.000000000000
59.056636504321,60.000000000000,26.407785988849
12.220441101011,60.000000000000,22.482664292460
11.447188753585,6.218580807269,12.648616736718
10.110554272628,31.981001534131,30.268210169688
5.533334566373,60.000000000000,38.093929937964
8.787814962880,60.000000000000,40.263833661275
13.093553224698,14.703024704128,5.495410037249
60.000000000000,60.000000000000,60.000000000000
16.217208687494,24.792519850646,12.488113759272
16.558548825871,34.835464182441,34.768462311374
55.781790296611,13.074733424207,15.233461986389
16.844404764703,41.845743221354,28.512080241234
9.032776972578,5.650292083745,58.798279207595
60.000000000000,60.000000000000,60.000000000000
12.451567400584,26.479738845452,5.824181103430
6.458413584690,44.076360173317,21.396085683796
8.724747915079,24.010490947525,53.627510617953
13.249848732266,29.930037860885,40.109428330076
60.000000000000,0.000000000000,60.000000000000
8.504844970532,31.717681310475,21.813602768422
60.000000000000,0.000000000000,60.000000000000
6.765585083176,4.321315505545,3.207578043434
60.000000000000,60.000000000000,60.000000000000
60.000000000000,0.000000000000,60.000000000000
15.011210710563,36.538692923729,43.988231358161
25.440217383366,2.556154583410,10.760721309315
60.000000000000,0.000000000000,60.000000000000
15.672186011695,7.588789499508,41.182452370096
60.000000000000,60.000000000000,60.000000000000
60.000000000000,24.525916370045,19.988883065414
5.377219308128,23.251396103311,23.428442329235
6.309659233610,26.537030513021,20.470417454384
60.000000000000,0.000000000000,60.000000000000
60.000000000000,60.000000000000,60.000000000000
13.425274338750,11.222129780837,3.720278725761
31.756752582449,40.283566212703,51.328614062877
17.987382709077,5.137765627841,10.404555961080
60.000000000000,60.000000000000,60.000000000000
12.367259987430,4.825690373414,19.389451287912
60.000000000000,0.000000000000,60.000000000000
60.000000000000,60.000000000000,0.000000000000
60.000000000000,0.000000000000,60.000000000000
60.000000000000,60.000000000000,60.000000000000
60.000000000000,0.000000000000,60.000000000000
9.945300218681,18.054425382435,53.575267246159
60.000000000000,0.000000000000,60.000000000000
6.913428803467,41.220013037924,54.298231126570
42.365135355614,50.456989524100,15.089322304246
19.703264341903,52.404603996653,35.323129961233
60.000000000000,0.000000000000,60.000000000000
16.755566655987,5.287033137903,14.184204764503
60.000000000000,0.000000000000,60.000000000000
10.132229386433,29.846009378237,17.761659015184
60.000000000000,0.000000000000,60.000000000000
28.544863996522,33.342673968850,25.089106069129
60.000000000000,60.000000000000,39.029340141892
60.000000000000,0.000000000000,60.000000000000
60.000000000000,0.000000000000,60.000000000000
16.723207454956,43.635958136369,51.384298815685
60.000000000000,0.000000000000,60.000000000000
60.000000000000,60.000000000000,60.000000000000
17.348696219512,29.092823164882,29.694949089198
29.733848563323,6.717726970718,33.388317732234
27.790161852129,16.277988346189,25.802591110399
60.000000000000,60.000000000000,60.000000000000
13.070168042051,26.691380091649,22.297195078324
59.398276750982,42.980812619484,26.154431586274
21.972884139093,24.497584184296,26.186170020543
46.647184070354,35.210468129685,11.723129579009
23.446969309806,37.612535944603,57.804996076540
60.000000000000,60.000000000000,60.000000000000
60.000000000000,60.000000000000,60.000000000000
11.812221515883,30.654078069522,41.936271541095
60.000000000000,0.000000000000,60.000000000000
15.308763657535,36.981073786708,15.049188406934
30.497811008557,20.665976421072,20.695206487203
60.000000000000,0.000000000000,60.000000000000
24.922821045068,35.583187808099,19.396553966420
57.110503228252,14.587072082593,49.009083679269
60.000000000000,60.000000000000,60.000000000000
60.000000000000,0.000000000000,60.000000000000
60.000000000000,0.000000000000,60.000000000000
60.000000000000,60.000000000000,60.000000000000
60.000000000000,0.000000000000,60.000000000000
60.000000000000,60.000000000000,60.000000000000
60.000000000000,0.000000000000,60.000000000000
27.549486358687,60.000000000000,18.152828888115
60.000000000000,60.000000000000,0.000000000000
1.483445229076,10.840132178761,42.723712322399
60.000000000000,0.000000000000,60.000000000000
10.425773609364,2.951495691644,9.228753605804
60.000000000000,41.368161462310,2.326286488236
60.000000000000,60.000000000000,60.000000000000
60.000000000000,60.000000000000,60.000000000000
60.000000000000,60.000000000000,60.000000000000
60.000000000000,0.000000000000,60.000000000000
60.000000000000,60.000000000000,60.000000000000
60.000000000000,0.000000000000,60.000000000000
10.379954685412,33.053486457466,48.600193438336
60.000000000000,0.000000000000,60.000000000000
15.929260310769,2.471115565041,54.534456433653
60.000000000000,60.000000000000,60.000000000000
24.745184487298,50.953488503346,56.902611918619
8.466827242839,1.944964841884,53.153764571349
7.949197994969,21.065675011691,55.813106134232
60.000000000000,0.000000000000,60.000000000000
32.601161060455,2.399119940714,21.352593222009
60.000000000000,60.000000000000,60.000000000000
60.000000000000,60.000000000000,60.000000000000
60.000000000000,60.000000000000,60.000000000000
60.000000000000,0.000000000000,60.000000000000
60.000000000000,0.000000000000,60.000000000000
12.178853115501,21.889957287592,43.175112052516
60.000000000000,60.000000000000,60.000000000000
16.366681547094,54.327545171428,8.176804707508
60.000000000000,0.000000000000,60.000000000000
12.439746751606,12.270171467291,51.515992976738
60.000000000000,0.000000000000,60.000000000000
11.769161951369,6.583047847837,22.594930568843
51.206160606861,8.398052930218,32.336145021013
60.000000000000,0.000000000000,60.000000000000
34.455067405838,27.660286476958,24.570289267889
60.000000000000,60.000000000000,60.000000000000
41.499122563327,60.000000000000,34.527883903454
8.948221295211,28.541945737513,44.524650426256
60.000000000000,0.000000000000,60.000000000000
0.217384410576,57.765370597932,18.275827073494
60.000000000000,60.000000000000,60.000000000000
6.486848272550,13.392091580932,38.759161075242
60.000000000000,0.000000000000,60.000000000000
60.000000000000,60.000000000000,60.000000000000
18.138885387605,39.828132513478,44.363579679815
60.000000000000,0.000000000000,60.000000000000
60.000000000000,0.000000000000,60.000000000000
60.000000000000,60.000000000000,60.000000000000
60.000000000000,0.000000000000,60.000000000000
60.000000000000,60.000000000000,60.000000000000
13.070277219092,60.000000000000,3.920449715557
10.767785152599,53.272964954241,28.738727714943
12.185394811436,27.894500864705,43.523182923263
60.000000000000,60.000000000000,60.000000000000
60.000000000000,0.000000000000,60.000000000000
8.598179342326,43.435229572487,42.723779243123
60.000000000000,60.000000000000,60.000000000000
31.763163602034,28.245402846912,30.263572459370
60.000000000000,0.000000000000,60.000000000000
14.432646164857,55.771607070068,51.352001166880
60.000000000000,0.000000000000,60.000000000000
60.000000000000,0.000000000000,60.000000000000
60.000000000000,0.000000000000,60.000000000000
12.653514432787,52.100716893397,31.480503065368
60.000000000000,60.000000000000,60.000000000000
0.000000000000,0.000000000000,60.000000000000
60.000000000000,0.000000000000,60.000000000000
60.000000000000,60.000000000000,60.000000000000
10.079147258677,32.484480325461,56.130917668694
60.000000000000,60.000000000000,60.000000000000
23.494190112508,51.905668595940,33.804970844668
60.000000000000,60.000000000000,60.000000000000
60.000000000000,60.000000000000,60.000000000000
16.833986641074,31.621723893470,1.514324639337
60.000000000000,0.000000000000,60.000000000000
13.309372715391,60.000000000000,30.809764050548
60.000000000000,0.000000000000,60.000000000000
60.000000000000,0.000000000000,60.000000000000
60.000000000000,60.000000000000,60.000000000000
12.131012615407,43.645202518961,40.133008788584
60.000000000000,51.901404773044,57.968405084442
60.000000000000,0.000000000000,60.000000000000
60.000000000000,0.000000000000,60.000000000000
8.139848835813,56.638604867336,42.653096595184
60.000000000000,0.000000000000,60.000000000000
47.370743352058,28.879584814772,11.541512446047
4.780667806504,28.282031382808,11.016208712151
35.184450526588,54.925419484850,50.308005950723
9.234796882055,30.693672197124,30.496367304668
60.000000000000,0.000000000000,60.000000000000
60.000000000000,60.000000000000,0.000000000000
60.000000000000,0.000000000000,60.000000000000
46.304792391880,51.980280393554,12.553763325007
15.066449270796,31.358064676985,38.764248087712
60.000000000000,0.000000000000,60.000000000000
60.000000000000,0.000000000000,60.000000000000
60.000000000000,0.000000000000,60.000000000000
60.000000000000,60.000000000000,60.000000000000
60.000000000000,0.000000000000,60.000000000000
19.815742361446,1.248476632748,37.920065738986
60.000000000000,60.000000000000,60.000000000000
13.600336846841,37.309530040479,30.659088973162
0.000000000000,0.000000000000,60.000000000000
60.000000000000,0.000000000000,60.000000000000
60.000000000000,60.000000000000,60.000000000000
34.024514111698,43.993137064740,26.473491085724
60.000000000000,60.000000000000,60.000000000000
11.519470654868,34.339472107592,11.224987320685
60.000000000000,0.000000000000,60.000000000000
60.000000000000,60.000000000000,60.000000000000
60.000000000000,0.000000000000,60.000000000000
60.000000000000,0.000000000000,60.000000000000
60.000000000000,60.000000000000,60.000000000000
11.916849650051,50.934013932743,3.732933057140
60.000000000000,0.000000000000,60.000000000000
15.528550033598,29.579727245210,7.073599466085
60.000000000000,0.000000000000,60.000000000000
6.322114614209,41.353106012124,22.475410905910
38.475573096011,26.014314898969,47.594649801235
14.642739126383,19.575355410303,49.691008030300
46.208120237632,34.328221136416,52.050282488827
60.000000000000,37.874056256414,38.295861170973
60.000000000000,22.523221351004,47.663839022818
60.000000000000,0.000000000000,60.000000000000
12.211596621884,28.372150378344,18.936652207150
11.404633604071,44.148417656155,29.832023583064
60.000000000000,0.000000000000,60.000000000000
60.000000000000,60.000000000000,60.000000000000
60.000000000000,60.000000000000,60.000000000000
60.000000000000,60.000000000000,60.000000000000
33.333681919475,51.728130594029,38.829568298210
60.000000000000,0.000000000000,60.000000000000
60.000000000000,60.000000000000,60.000000000000
50.281419311374,3.584399706019,33.943101064010
60.000000000000,60.000000000000,60.000000000000
3.767217040292,10.744955466387,50.791941480057
60.000000000000,0.000000000000,60.000000000000
60.000000000000,0.000000000000,60.000000000000
60.000000000000,0.000000000000,60.000000000000
60.000000000000,60.000000000000,60.000000000000
60.000000000000,60.000000000000,60.000000000000
38.581905671306,28.499083346649,45.462317031105
60.000000000000,0.000000000000,60.000000000000
60.000000000000,0.000000000000,60.000000000000
60.000000000000,60.000000000000,60.000000000000
9.638583874806,50.173024703181,37.412276796726
60.000000000000,0.000000000000,60.000000000000
29.215203062837,60.000000000000,2.330208139291
0.000000000000,0.000000000000,60.000000000000
52.441991450728,1.759053760284,24.501463035289
60.000000000000,60.000000000000,60.000000000000
29.963957874111,22.274155177093,1.943464352476
60.000000000000,60.000000000000,60.000000000000
60.000000000000,60.000000000000,60.000000000000
60.000000000000,0.000000000000,60.000000000000
13.622008963054,47.783120736543,32.265745371296
9.637265930793,60.000000000000,23.167868573359
60.000000000000,60.000000000000,60.000000000000
60.000000000000,0.000000000000,60.000000000000
60.000000000000,60.000000000000,60.000000000000
24.257074271082,41.276851021436,46.677874688558
16.307080119126,60.000000000000,32.165205366929
60.000000000000,0.000000000000,60.000000000000
60.000000000000,60.000000000000,60.000000000000
60.000000000000,60.000000000000,60.000000000000
60.000000000000,0.000000000000,60.000000000000
60.000000000000,0.000000000000,60.000000000000
14.038515026118,60.000000000000,17.428526812120
60.000000000000,0.000000000000,60.000000000000
60.000000000000,0.000000000000,60.000000000000
60.000000000000,60.000000000000,60.000000000000
25.242593850119,56.463671143884,10.563380818288
60.000000000000,0.000000000000,60.000000000000
60.000000000000,60.000000000000,60.000000000000
60.000000000000,60.000000000000,60.000000000000
60.000000000000,0.000000000000,60.000000000000
60.000000000000,37.661422316387,23.066806421085
60.000000000000,0.000000000000,60.000000000000
43.331303408339,54.821477367058,60.000000000000
13.169313860226,13.869319990587,23.139563921391
60.000000000000,0.000000000000,60.000000000000
60.000000000000,60.000000000000,60.000000000000
60.000000000000,0.000000000000,60.000000000000
23.703029910157,60.000000000000,43.448060993097
60.000000000000,0.000000000000,0.000000000000
2.050487033633,31.759383530512,5.328049049344
60.000000000000,0.000000000000,60.000000000000
16.393541134830,39.375116926969,46.098426015413
18.965850571838,50.764733630193,33.180540486050
60.000000000000,60.000000000000,60.000000000000
60.000000000000,0.000000000000,60.000000000000
14.770951898359,6.428582326595,1.536110754826
60.000000000000,60.000000000000,60.000000000000
20.267323523003,40.259206061270,47.894929177336
0.000000000000,60.000000000000,1.827270830310
30.425664073084,12.151747096513,19.741843872500
60.000000000000,60.000000000000,60.000000000000
44.180301432240,27.346021707288,51.481983717871
23.276126667963,29.437943751558,16.990194154107
29.341892275062,17.674479161005,49.915566706766
60.000000000000,60.000000000000,60.000000000000
47.387006081677,31.279027256874,12.187322106804
19.014000507285,37.041442058818,38.179212041143
14.291194873513,51.301271705774,0.795628558214
47.217933771528,55.885124656756,4.143982236659
28.508558097202,15.575530698928,31.166144630595
21.598298339908,14.283022898565,13.988868450925
17.616161530500,30.902867185371,55.176923544002
24.538739879116,23.706945138819,16.783936779724
60.000000000000,60.000000000000,60.000000000000
60.000000000000,60.000000000000,60.000000000000
60.000000000000,60.000000000000,60.000000000000
27.283966563770,27.028008813696,60.000000000000
19.774489755124,60.000000000000,28.251197286085
0.000000000000,60.000000000000,60.000000000000
10.381391023333,34.484310989329,8.183708335111
44.770494382295,12.497507128961,47.822015137819
60.000000000000,60.000000000000,60.000000000000
15.850723670493,32.043314889207,32.077223396813
21.322927200823,25.878637536675,46.750504787824
60.000000000000,60.000000000000,60.000000000000
53.453694360551,16.940503053737,13.385812582689
25.591381460641,36.060818182953,22.791316638230
18.276964666356,54.915558491781,47.560116815442
3.397792504475,16.180333535355,23.330604817169
23.638858007515,7.078135421624,17.176785600751
60.000000000000,60.000000000000,60.000000000000
22.207362732662,43.905888760089,21.629233531544
60.000000000000,60.000000000000,60.000000000000
60.000000000000,60.000000000000,60.000000000000
9.723725953309,11.371013820078,53.590388578392
26.205026690572,51.090189359153,20.002470419372
60.000000000000,60.000000000000,60.000000000000
60.000000000000,60.000000000000,60.000000000000
10.434710799380,43.708014023205,25.388883963835
44.361243347688,50.883067986583,37.341172654816
0.000000000000,60.000000000000,60.000000000000
60.000000000000,60.000000000000,60.000000000000
22.619383118826,29.898586669702,35.326089703723
11.202007951236,45.397273460766,39.983786202931
17.641701772636,40.537704876882,31.786867444313
37.950662550021,33.820703897643,16.251864984108
60.000000000000,60.000000000000,60.000000000000
5.460094099987,58.952062503628,59.774358570767
28.087119282530,7.515064823694,17.071954771756
60.000000000000,60.000000000000,60.000000000000
60.000000000000,60.000000000000,60.000000000000
19.798269484150,51.279366224104,20.028168946167
60.000000000000,60.000000000000,60.000000000000
60.000000000000,60.000000000000,60.000000000000
18.335051510680,17.806800987901,22.668763408115
22.359236324504,55.758958541173,54.122756446403
60.000000000000,60.000000000000,60.000000000000
60.000000000000,60.000000000000,60.000000000000
60.000000000000,60.000000000000,60.000000000000
23.026555025889,18.083019139387,47.118309827479
60.000000000000,60.000000000000,60.000000000000
60.000000000000,60.000000000000,60.000000000000
60.000000000000,60.000000000000,60.000000000000
60.000000000000,16.555373951166,36.661709359381
20.844009074903,36.068860328325,35.023310495489
60.000000000000,60.000000000000,60.000000000000
60.000000000000,60.000000000000,60.000000000000
0.000000000000,60.000000000000,60.000000000000
60.000000000000,60.000000000000,60.000000000000
60.000000000000,60.000000000000,60.000000000000
60.000000000000,60.000000000000,60.000000000000
60.000000000000,60.000000000000,60.000000000000
47.944560172346,24.219511645608,50.491543203268
60.000000000000,60.000000000000,60.000000000000
60.000000000000,60.000000000000,60.000000000000
21.984461461749,10.920276902563,57.703160121176
60.000000000000,60.000000000000,60.000000000000
16.456247200473,4.406420685748,6.970341381724
24.299707596359,26.948157791929,36.477106945535
60.000000000000,60.000000000000,45.819163583012
51.269552322960,10.939004765963,19.735730938434
21.926671367862,48.125946583308,14.683469905376
21.377113538772,40.778237196291,27.213904520057
24.407371986094,15.084855212773,15.216806103096
60.000000000000,60.000000000000,60.000000000000
60.000000000000,60.000000000000,60.000000000000
12.229489582575,43.924727784433,34.981867813588
17.583525510006,51.989221240398,60.000000000000
60.000000000000,0.000000000000,60.000000000000
60.000000000000,60.000000000000,60.000000000000
60.000000000000,60.000000000000,60.000000000000
60.000000000000,60.000000000000,60.000000000000
21.692615903249,60.000000000000,43.420689514772
60.000000000000,0.000000000000,60.000000000000
26.793209075487,39.303332363727,52.461893131504
19.238127051393,46.390427342341,56.852937517671
44.231098024119,52.028283535883,38.175182019063
17.218392109324,8.631589195051,4.041919713209
60.000000000000,60.000000000000,60.000000000000
16.718361780054,60.000000000000,38.042228489186
60.000000000000,0.000000000000,60.000000000000
24.221723292016,39.794560637760,53.143327686220
0.000000000000,0.000000000000,60.000000000000
17.285027047352,11.300531559100,3.708317571915
32.306154395914,54.554176715708,60.000000000000
60.000000000000,60.000000000000,60.000000000000
60.000000000000,0.000000000000,60.000000000000
24.157548650592,15.149750222480,54.861048612700
17.949060904655,12.171013634413,42.723241618855
18.608538628904,2.036724294481,58.088490094358
60.000000000000,60.000000000000,60.000000000000
60.000000000000,0.000000000000,60.000000000000
60.000000000000,0.000000000000,60.000000000000
5.318507060984,37.492821616554,60.000000000000
0.000000000000,0.000000000000,60.000000000000
19.490285608344,31.295756200386,20.612728467901
60.000000000000,0.000000000000,60.000000000000
24.154551049236,1.881657011491,0.027445624505
48.093086418079,17.798904457219,51.790040871260
60.000000000000,60.000000000000,60.000000000000
11.013686511144,30.641586441528,35.476752652194
20.928632353724,35.242238409793,51.590639490004
60.000000000000,60.000000000000,60.000000000000
60.000000000000,41.258100502317,54.075838367969
60.000000000000,0.000000000000,60.000000000000
60.000000000000,15.240647226588,3.597150424873
43.358582231984,54.756083776615,47.408563372771
60.000000000000,60.000000000000,60.000000000000
60.000000000000,0.000000000000,60.000000000000
29.398481054822,38.790410860986,5.297063043791
11.437034916477,5.272991780173,27.393770622595
48.487532740304,15.518501799196,47.243541596402
60.000000000000,0.000000000000,60.000000000000
21.694311625292,9.882929088637,13.301888217676
60.000000000000,0.000000000000,60.000000000000
20.875144566555,53.901754378133,20.110411867910
8.592093090503,33.930977365836,32.121868410870
28.368990862069,60.000000000000,41.894864892485
16.401430010206,39.635010704357,60.000000000000
26.043561327458,1.899216577195,4.292275618725
18.004457284201,19.610181790645,31.871177229399
21.509574999573,40.577494974829,33.472463195972
60.000000000000,60.000000000000,60.000000000000
21.380160458846,33.867004056859,37.193626874087
60.000000000000,0.000000000000,60.000000000000
22.467403948989,35.185649268725,15.235691508657
48.959695859750,60.000000000000,35.400142921301
60.000000000000,60.000000000000,60.000000000000
15.959958084879,38.388380360299,25.325747422514
20.261443716461,60.000000000000,49.642409147911
0.000000000000,0.000000000000,60.000000000000
60.000000000000,60.000000000000,60.000000000000
60.000000000000,60.000000000000,60.000000000000
18.114632408250,38.088494265460,34.472319239991
18.478014406524,50.531276286723,60.000000000000
24.806770286306,4.449510565167,56.065718840645
60.000000000000,60.000000000000,60.000000000000
60.000000000000,60.000000000000,60.000000000000
60.000000000000,60.000000000000,60.000000000000
42.378570080471,13.658557770595,2.374769549375
60.000000000000,0.000000000000,60.000000000000
38.831291620473,13.505454944497,32.782533027319
60.000000000000,60.000000000000,60.000000000000
23.003723974844,5.645359686843,53.122889942407
60.000000000000,60.000000000000,60.000000000000
23.963154320046,60.000000000000,29.090716276777
60.000000000000,0.000000000000,60.000000000000
23.176727749739,6.931672018897,50.627587367606
60.000000000000,60.000000000000,60.000000000000
29.319400014583,60.000000000000,33.344843910036
60.000000000000,60.000000000000,60.000000000000
45.650803051064,35.161973324164,17.216240185052
23.538142600491,20.269402172699,23.681080315015
60.000000000000,49.879629433091,45.485854320794
60.000000000000,60.000000000000,60.000000000000
20.394330362408,42.674856648049,59.422440318441
60.000000000000,60.000000000000,60.000000000000
7.768938629481,26.910415689683,60.000000000000
60.000000000000,0.000000000000,60.000000000000
32.159838106889,3.909033463036,6.587842642548
60.000000000000,0.000000000000,60.000000000000
60.000000000000,60.000000000000,60.000000000000
60.000000000000,0.000000000000,60.000000000000
4.986596200184,33.895552287716,26.722835281127
60.000000000000,60.000000000000,60.000000000000
60.000000000000,60.000000000000,60.000000000000
60.000000000000,0.000000000000,60.000000000000
60.000000000000,60.000000000000,60.000000000000
28.035991783744,0.000000000000,22.175541189772
19.378468896825,57.211807440824,58.383561491807
43.874125876608,24.126028625890,41.071951446889
19.587135162502,6.782010813376,40.222350883435
60.000000000000,60.000000000000,60.000000000000
60.000000000000,0.000000000000,60.000000000000
60.000000000000,0.000000000000,60.000000000000
60.000000000000,0.000000000000,60.000000000000
60.000000000000,60.000000000000,60.000000000000
42.951043669038,52.947471922517,57.503789019793
60.000000000000,0.000000000000,60.000000000000
60.000000000000,60.000000000000,60.000000000000
60.000000000000,0.000000000000,60.000000000000
18.218649714907,50.230416505404,26.109545853978
60.000000000000,0.000000000000,60.000000000000
60.000000000000,60.000000000000,57.139086798876
18.402090024837,30.740532354356,24.497106455958
18.898724223340,21.271360328211,20.690950273517
60.000000000000,60.000000000000,60.000000000000
60.000000000000,60.000000000000,60.000000000000
60.000000000000,0.000000000000,60.000000000000
48.460421660445,37.085318238164,46.435793390888
60.000000000000,0.000000000000,60.000000000000
52.308990303444,39.133653431697,29.286423117702
60.000000000000,0.000000000000,60.000000000000
24.211789571158,49.384164704537,40.700498456512
60.000000000000,0.000000000000,60.000000000000
60.000000000000,0.000000000000,60.000000000000
60.000000000000,60.000000000000,60.000000000000
19.122344856046,19.401865280375,13.429322063842
0.000000000000,0.000000000000,60.000000000000
22.649576904517,13.514232764568,3.299130295381
60.000000000000,60.000000000000,60.000000000000
20.286625985219,51.848616502207,47.699437432281
22.917806781893,42.247446730316,20.637643755134
23.030285262449,45.852393451828,40.716758686722
60.000000000000,60.000000000000,1.127921174193
12.453945975585,31.172901803619,58.304980643966
33.112160563548,60.000000000000,0.000000000000
60.000000000000,0.000000000000,60.000000000000
60.000000000000,60.000000000000,60.000000000000
21.062022948058,26.025428006610,41.491147839941
60.000000000000,0.000000000000,60.000000000000
60.000000000000,60.000000000000,60.000000000000
60.000000000000,0.000000000000,60.000000000000
60.000000000000,0.000000000000,60.000000000000
24.674917208161,40.215450115742,39.917552248492
60.000000000000,0.000000000000,60.000000000000
60.000000000000,60.000000000000,60.000000000000
11.825833533992,45.543702004221,60.000000000000
60.000000000000,60.000000000000,60.000000000000
28.290750630090,34.513314441224,20.514817198127
60.000000000000,60.000000000000,60.000000000000
60.000000000000,60.000000000000,60.000000000000
41.232438441815,60.000000000000,20.902736293677
60.000000000000,60.000000000000,15.384711705535
23.265151613598,46.785945583624,17.543618478973
18.709847613355,38.740249620210,35.618667285361
60.000000000000,0.000000000000,60.000000000000
60.000000000000,60.000000000000,60.000000000000
60.000000000000,0.000000000000,60.000000000000
20.678113639440,5.314095928430,38.298016367915
60.000000000000,0.000000000000,60.000000000000
17.448829696872,47.980938338416,39.065678490723
60.000000000000,60.000000000000,60.000000000000
4.583394249295,22.054826293823,31.905670034500
60.000000000000,0.000000000000,60.000000000000
21.840882715713,48.125595014025,31.284072489457
60.000000000000,60.000000000000,60.000000000000
60.000000000000,60.000000000000,60.000000000000
60.000000000000,0.000000000000,60.000000000000
13.382928653051,60.000000000000,60.000000000000
60.000000000000,60.000000000000,60.000000000000
60.000000000000,60.000000000000,60.000000000000
60.000000000000,0.000000000000,60.000000000000
60.000000000000,60.000000000000,60.000000000000
60.000000000000,60.000000000000,60.000000000000
60.000000000000,60.000000000000,60.000000000000
60.000000000000,0.000000000000,60.000000000000
60.000000000000,60.000000000000,60.000000000000
0.000000000000,60.000000000000,60.000000000000
60.000000000000,0.000000000000,60.000000000000
60.000000000000,0.000000000000,60.000000000000
60.000000000000,50.194185768051,60.000000000000
60.000000000000,60.000000000000,60.000000000000
60.000000000000,0.000000000000,60.000000000000
60.000000000000,0.000000000000,60.000000000000
25.088511823803,23.061647909855,37.858520669724
0.000000000000,0.000000000000,60.000000000000
60.000000000000,60.000000000000,60.000000000000
0.000000000000,60.000000000000,2.157458291085
60.000000000000,60.000000000000,60.000000000000
60.000000000000,60.000000000000,60.000000000000
60.000000000000,60.000000000000,43.605411005992
22.649059150115,24.459540206617,30.682495937260
22.250987806346,51.092809998894,5.822497001110
0.000000000000,0.000000000000,60.000000000000
60.000000000000,0.000000000000,60.000000000000
60.000000000000,0.000000000000,60.000000000000
44.086454169442,47.907065221413,9.000052686826
60.000000000000,60.000000000000,60.000000000000
22.096764423103,15.421019857255,34.283275601439
60.000000000000,0.000000000000,60.000000000000
31.595886410019,60.000000000000,34.188952888043
0.000000000000,60.000000000000,60.000000000000
60.000000000000,0.000000000000,60.000000000000
60.000000000000,0.000000000000,60.000000000000
30.368586088478,16.037720355295,37.229799797833
60.000000000000,60.000000000000,60.000000000000
33.816172990534,20.108885895362,50.930713371256
32.773560823845,8.673369706722,6.665843840376
28.145457209862,38.239409430316,23.108644499057
60.000000000000,60.000000000000,60.000000000000
36.302290583958,7.568520959677,55.121661569451
60.000000000000,60.000000000000,60.000000000000
60.000000000000,60.000000000000,60.000000000000
60.000000000000,60.000000000000,60.000000000000
50.297516443488,18.390848296447,8.431165571958
60.000000000000,60.000000000000,60.000000000000
32.948840772183,52.712112029806,24.576916416709
30.822154532331,34.694776549210,30.654433802136
30.044156270754,43.110737368583,54.976507325097
27.616103044311,37.352805851606,27.361006483583
26.924639167773,8.801655887725,37.899199040064
60.000000000000,60.000000000000,60.000000000000
19.383987412601,38.284431988891,11.591410672346
60.000000000000,60.000000000000,60.000000000000
31.970913455946,50.630297376456,10.779001233357
60.000000000000,0.000000000000,60.000000000000
29.937024594398,18.979399932421,3.369083977356
60.000000000000,60.000000000000,60.000000000000
60.000000000000,60.000000000000,60.000000000000
31.187501037420,37.008836249652,26.560701888324
26.126329366711,43.636397673616,48.774353535741
60.000000000000,60.000000000000,60.000000000000
60.000000000000,60.000000000000,60.000000000000
27.057256184412,38.570283156191,10.099887037940
60.000000000000,60.000000000000,60.000000000000
29.596998006940,25.679337960820,22.623008258885
51.408008373554,46.180502503849,56.211453025564
21.048102956986,27.568063123878,40.300425365422
20.757877406046,6.342582633314,9.033292709910
60.000000000000,60.000000000000,60.000000000000
60.000000000000,10.360515963613,5.198464457437
60.000000000000,60.000000000000,60.000000000000
33.124717383653,60.000000000000,45.609072981339
36.530916065765,33.183672340883,35.776442825614
28.317628695313,48.967061883064,27.681981497637
13.335246697095,59.024762488150,22.126209684080
47.498675523955,35.751107903203,20.284536070924
60.000000000000,60.000000000000,60.000000000000
58.521863119111,2.864926613708,2.557263144062
60.000000000000,60.000000000000,60.000000000000
20.136505435027,39.768013685906,39.062701798027
60.000000000000,60.000000000000,60.000000000000
60.000000000000,60.000000000000,60.000000000000
28.700758015785,32.747638994670,34.880278757423
31.090047846054,9.375096818705,6.105958026553
60.000000000000,60.000000000000,60.000000000000
32.532494973728,38.714642837350,14.375061481042
44.394632093857,36.675915600870,9.926790305573
60.000000000000,60.000000000000,60.000000000000
60.000000000000,60.000000000000,60.000000000000
38.716672950666,15.020463964703,33.914374907301
57.737691052213,43.157164651243,29.129702797326
31.321382754017,53.664895767089,18.030642887264
19.304423469562,20.397426466244,19.923929593117
43.730117466167,55.787967121636,1.174708361716
60.000000000000,60.000000000000,60.000000000000
60.000000000000,60.000000000000,60.000000000000
60.000000000000,60.000000000000,60.000000000000
32.968274000502,52.894759336800,52.702409049404
60.000000000000,60.000000000000,60.000000000000
36.107824355124,12.649412567617,13.733054114431
24.264703485492,52.632384948557,48.567131431315
38.617598593656,30.121752287846,57.442084057793
60.000000000000,60.000000000000,60.000000000000
60.000000000000,0.000000000000,60.000000000000
60.000000000000,60.000000000000,60.000000000000
60.000000000000,60.000000000000,60.000000000000
60.000000000000,60.000000000000,60.000000000000
30.817810840207,46.190035220163,47.539035900756
60.000000000000,60.000000000000,60.000000000000
20.962179500226,27.602046345080,11.812123492870
29.327050754647,20.052393715843,24.644539592130
15.604230033421,27.441167937209,48.620704539167
60.000000000000,60.000000000000,60.000000000000
1.461055014421,21.227406261350,36.138096446274
35.082489593508,1.588290895242,25.835821648308
26.050955386314,33.800835572737,13.378795866025
33.817025534025,21.418246798805,26.740453598770
60.000000000000,60.000000000000,60.000000000000
30.894952874702,26.978680300256,42.417274488250
51.478680883037,30.859027538602,28.324327914091
9.907361624057,26.632161337336,4.872217993965
25.019111418492,1.910832718554,31.214131885410
60.000000000000,60.000000000000,60.000000000000
60.000000000000,60.000000000000,60.000000000000
31.805161552472,26.043351721649,37.294179469491
30.193226796208,57.399654662333,16.988709949584
60.000000000000,60.000000000000,60.000000000000
30.179999239237,36.803626812100,36.379752026127
60.000000000000,0.000000000000,60.000000000000
32.825475979646,46.970459354673,14.415697287465
36.465343087920,53.618347695020,27.022603561812
60.000000000000,60.000000000000,60.000000000000
60.000000000000,60.000000000000,60.000000000000
47.643056191932,17.321054984420,30.978173870219
60.000000000000,60.000000000000,60.000000000000
28.455798388450,44.299031903481,43.930731796624
60.000000000000,60.000000000000,60.000000000000
29.731290354656,4.511290709889,44.457339067599
60.000000000000,0.000000000000,60.000000000000
32.356028580455,29.762548533127,28.245222013460
60.000000000000,60.000000000000,60.000000000000
60.000000000000,60.000000000000,60.000000000000
60.000000000000,60.000000000000,60.000000000000
31.435488175313,26.072674865113,43.800646402745
60.000000000000,60.000000000000,60.000000000000
27.995799158778,50.044386092343,50.511583895504
60.000000000000,60.000000000000,60.000000000000
60.000000000000,60.000000000000,12.766137943050
60.000000000000,0.000000000000,60.000000000000
60.000000000000,0.000000000000,60.000000000000
60.000000000000,60.000000000000,60.000000000000
28.834072984158,15.555984520852,56.671200452281
60.000000000000,60.000000000000,60.000000000000
14.406069260225,57.497668389998,54.796584725256
60.000000000000,60.000000000000,60.000000000000
28.017978333103,5.491497844285,6.945843508013
60.000000000000,60.000000000000,60.000000000000
60.000000000000,0.000000000000,60.000000000000
60.000000000000,60.000000000000,60.000000000000
31.418895903730,54.502949312910,46.394513489781
42.806129907137,49.527596722832,59.841705640696
37.869291706114,51.176018281620,39.774464823778
60.000000000000,0.000000000000,60.000000000000
29.930746753925,32.634099579528,42.045445088735
60.000000000000,60.000000000000,60.000000000000
60.000000000000,0.000000000000,60.000000000000
60.000000000000,0.000000000000,60.000000000000
33.313297692366,52.725610824025,19.112150299560
60.000000000000,60.000000000000,60.000000000000
50.635203943452,48.481667272734,21.533688264730
60.000000000000,60.000000000000,60.000000000000
60.000000000000,60.000000000000,60.000000000000
60.000000000000,60.000000000000,60.000000000000
29.815300847887,20.063449165712,50.136927632155
30.625399061790,34.641625377674,23.676533222837
25.864075095246,14.492119772540,19.548967762391
60.000000000000,60.000000000000,60.000000000000
25.819446972948,30.351767672185,56.559029481776
26.640064535223,34.192882813212,23.702223697437
60.000000000000,60.000000000000,60.000000000000
60.000000000000,0.000000000000,60.000000000000
29.780150586847,14.361993067149,2.882411479861
0.000000000000,0.000000000000,60.000000000000
32.577895882325,15.311345806972,44.134123794668
60.000000000000,43.799245715498,60.000000000000
36.787693013078,26.768349560879,12.375959143017
29.027076894718,31.273618110104,28.335642693681
11.176194231397,53.894043982576,53.047687140453
60.000000000000,60.000000000000,60.000000000000
60.000000000000,60.000000000000,60.000000000000
28.690548385918,25.278732735008,34.350742397282
39.188060538918,49.593911418776,15.161171711346
60.000000000000,60.000000000000,22.456125470292
0.000000000000,0.000000000000,14.580943546085
60.000000000000,60.000000000000,60.000000000000
60.000000000000,60.000000000000,60.000000000000
60.000000000000,0.000000000000,60.000000000000
60.000000000000,60.000000000000,60.000000000000
60.000000000000,0.000000000000,60.000000000000
60.000000000000,60.000000000000,60.000000000000
60.000000000000,60.000000000000,60.000000000000
60.000000000000,60.000000000000,60.000000000000
0.158352053644,15.514750871841,42.698857355535
2.769899581425,14.798520871437,38.003884604437
60.000000000000,0.000000000000,60.000000000000
15.915046465802,6.301067400825,51.100843246734
60.000000000000,60.000000000000,60.000000000000
31.102914680584,39.219787874815,29.463744949791
60.000000000000,60.000000000000,60.000000000000
60.000000000000,60.000000000000,60.000000000000
60.000000000000,60.000000000000,60.000000000000
31.315126063899,14.887890165581,26.238554541339
60.000000000000,60.000000000000,60.000000000000
60.000000000000,60.000000000000,60.000000000000
60.000000000000,0.000000000000,60.000000000000
32.087294490335,44.306696529545,28.705255537325
60.000000000000,0.000000000000,60.000000000000
10.071144825025,60.000000000000,60.000000000000
60.000000000000,0.000000000000,60.000000000000
28.524756744218,54.473061641837,60.000000000000
60.000000000000,0.000000000000,60.000000000000
50.964489032727,60.000000000000,26.024533471069
60.000000000000,0.000000000000,60.000000000000
25.811854804906,17.994074515944,11.711212216032
60.000000000000,0.000000000000,60.000000000000
60.000000000000,60.000000000000,60.000000000000
30.715561724047,28.759199144529,21.723907068690
3.584988330347,29.176745548542,47.657763991335
15.815568749450,7.938342114907,30.984852716816
60.000000000000,60.000000000000,60.000000000000
60.000000000000,0.000000000000,60.000000000000
60.000000000000,60.000000000000,60.000000000000
60.000000000000,0.000000000000,60.000000000000
60.000000000000,0.000000000000,60.000000000000
60.000000000000,0.000000000000,60.000000000000
60.000000000000,60.000000000000,60.000000000000
60.000000000000,60.000000000000,60.000000000000
60.000000000000,0.000000000000,60.000000000000
60.000000000000,0.000000000000,60.000000000000
25.273698528219,3.032662010418,28.557355130786
60.000000000000,0.000000000000,60.000000000000
60.000000000000,60.000000000000,60.000000000000
33.926019131300,23.088209653434,21.514362840893
30.519339060912,5.385644557563,12.403040855994
60.000000000000,60.000000000000,60.000000000000
60.000000000000,0.000000000000,60.000000000000
60.000000000000,0.000000000000,60.000000000000
28.211979226449,9.944893763101,5.694302132537
60.000000000000,60.000000000000,60.000000000000
8.262986876614,26.275056377605,48.278008250971
60.000000000000,0.000000000000,60.000000000000
29.168501855278,22.911601889046,19.312547185288
60.000000000000,60.000000000000,60.000000000000
5.819053324737,60.000000000000,25.963154798872
60.000000000000,60.000000000000,60.000000000000
26.283841847677,47.765857763708,23.028426968222
60.000000000000,60.000000000000,60.000000000000
30.193600151386,57.253426928751,1.008032764663
60.000000000000,60.000000000000,60.000000000000
37.896345575836,54.617216680278,53.512431038112
60.000000000000,60.000000000000,60.000000000000
30.551215450211,12.329989263082,30.789091176173
26.667637687883,47.457471533775,32.052398830416
26.973828342432,28.015289741854,53.211172664275
23.256129644516,12.785300375388,60.000000000000
25.843915519231,60.000000000000,19.384035742246
60.000000000000,1.480205100238,37.388320821603
60.000000000000,60.000000000000,60.000000000000
60.000000000000,0.000000000000,60.000000000000
60.000000000000,60.000000000000,60.000000000000
60.000000000000,0.000000000000,60.000000000000
60.000000000000,0.000000000000,60.000000000000
23.956125609746,33.371402634651,37.912219676553
60.000000000000,60.000000000000,60.000000000000
60.000000000000,60.000000000000,60.000000000000
16.124803025643,38.930199325859,44.608443336581
60.000000000000,60.000000000000,60.000000000000
27.193870543030,8.993800924195,52.573759390434
60.000000000000,60.000000000000,60.000000000000
60.000000000000,60.000000000000,60.000000000000
60.000000000000,60.000000000000,60.000000000000
11.940287245166,34.680107736197,4.333485289317
32.648724492861,31.306437455262,27.512043486692
60.000000000000,60.000000000000,60.000000000000
0.000000000000,0.000000000000,60.000000000000
60.000000000000,60.000000000000,60.000000000000
60.000000000000,0.000000000000,60.000000000000
9.545893590667,13.699359036040,54.367332967447
60.000000000000,0.000000000000,60.000000000000
60.000000000000,60.000000000000,60.000000000000
60.000000000000,0.000000000000,60.000000000000
31.951886562091,23.678466822511,57.239224942547
60.000000000000,60.000000000000,60.000000000000
25.364346103083,54.487359626064,51.977215865620
0.000000000000,60.000000000000,57.767881624063
60.000000000000,60.000000000000,60.000000000000
5.846492021801,0.000000000000,60.000000000000
60.000000000000,60.000000000000,60.000000000000
60.000000000000,60.000000000000,49.984619842664
4.085814099633,60.000000000000,29.157778131551
60.000000000000,0.000000000000,60.000000000000
60.000000000000,60.000000000000,60.000000000000
60.000000000000,0.000000000000,60.000000000000
60.000000000000,60.000000000000,14.136921091766
15.893377202320,0.000000000000,60.000000000000
60.000000000000,60.000000000000,60.000000000000
60.000000000000,24.422793195173,4.399423453641
60.000000000000,60.000000000000,60.000000000000
60.000000000000,60.000000000000,60.000000000000
49.765468476048,15.838050936135,13.532903434109
60.000000000000,60.000000000000,60.000000000000
60.000000000000,0.000000000000,60.000000000000
45.954372494316,60.000000000000,11.297249153779
28.082564780727,15.964253959481,41.644757092597
60.000000000000,60.000000000000,60.000000000000
60.000000000000,0.000000000000,60.000000000000
60.000000000000,60.000000000000,60.000000000000
60.000000000000,60.000000000000,60.000000000000
60.000000000000,0.000000000000,60.000000000000
60.000000000000,13.109381703139,60.000000000000
29.629225825345,33.891235550496,27.130626629086
26.671534890817,28.667723144420,48.122214208720
60.000000000000,60.000000000000,60.000000000000
60.000000000000,0.000000000000,60.000000000000
60.000000000000,0.000000000000,60.000000000000
56.790333689210,47.290327308091,44.254145161719
60.000000000000,60.000000000000,60.000000000000
31.243763525275,52.624978139268,3.679571600175
60.000000000000,0.000000000000,60.000000000000
60.000000000000,60.000000000000,60.000000000000
60.000000000000,60.000000000000,60.000000000000
60.000000000000,0.000000000000,60.000000000000
60.000000000000,60.000000000000,60.000000000000
17.987493750064,28.948354745752,30.909110322071
15.316307702470,7.461184223709,44.371087951658
47.461589253444,7.952590883858,60.000000000000
60.000000000000,60.000000000000,60.000000000000
60.000000000000,60.000000000000,60.000000000000
60.000000000000,60.000000000000,60.000000000000
31.010942334376,58.266814770472,47.517366269637
42.595610177468,21.033818227885,34.890278575448
43.323319980931,27.183427674293,35.866998719929
35.136683930338,13.757532572926,54.825533403241
35.528229927930,21.168008020827,60.000000000000
60.000000000000,0.000000000000,60.000000000000
37.386763515696,4.634526307297,11.513836231907
40.620348851110,55.651638485179,34.259810585931
60.000000000000,60.000000000000,60.000000000000
60.000000000000,60.000000000000,60.000000000000
37.662658404744,48.810431911548,4.428133885617
42.594203414443,32.740312797893,22.514987678756
37.219025120330,8.331136390047,29.761467840687
42.404479963401,21.685276430398,23.866918994158
36.885500223992,58.972783634444,54.131009670967
60.000000000000,9.938634907196,8.090057933882
24.688031962970,5.537401573664,17.148414783619
60.000000000000,0.000000000000,60.000000000000
42.471479210204,36.089590536369,27.200961175884
60.000000000000,0.000000000000,60.000000000000
34.438798498666,58.712026075477,6.281245907631
37.310260080466,9.334037446878,46.584195532912
31.128191065229,59.719100943593,56.735486874773
60.000000000000,0.000000000000,60.000000000000
40.006847755899,11.385669064393,38.588901207929
49.045191211267,36.486203694695,1.658974337055
42.623866170854,53.144530957981,35.641137902096
33.581232020832,31.673956019888,27.471648851907
36.402077779427,9.890685939742,52.595413901981
42.508891714045,33.246088661694,31.547068095751
60.000000000000,60.000000000000,60.000000000000
39.229710440452,28.212273704170,36.913874597117
30.553180670937,37.197292590180,39.098556630295
30.692519152788,24.247481550194,1.896309967859
38.855353546491,19.274096217700,48.175121873591
60.000000000000,0.000000000000,60.000000000000
3.848719902516,2.162267168940,34.917856358353
60.000000000000,0.000000000000,60.000000000000
29.122162726128,60.000000000000,45.233751121666
60.000000000000,60.000000000000,60.000000000000
37.223480901045,11.456530901342,19.962406147655
35.641316421754,15.150392069531,18.797159339164
60.000000000000,60.000000000000,60.000000000000
60.000000000000,60.000000000000,60.000000000000
60.000000000000,60.000000000000,60.000000000000
60.000000000000,0.000000000000,60.000000000000
60.000000000000,60.000000000000,40.267431097724
44.615433650946,8.613201666176,39.528056786581
60.000000000000,0.000000000000,60.000000000000
17.380288529649,21.943701669260,42.543498867176
38.119141543607,14.644470487968,52.983701775362
60.000000000000,0.000000000000,60.000000000000
40.091231860956,56.437100173365,44.542225746599
60.000000000000,60.000000000000,60.000000000000
60.000000000000,60.000000000000,60.000000000000
60.000000000000,60.000000000000,60.000000000000
60.000000000000,0.000000000000,60.000000000000
60.000000000000,60.000000000000,60.000000000000
60.000000000000,60.000000000000,60.000000000000
45.382070989196,60.000000000000,15.357072630577
38.035586973510,18.490564871358,56.566856740452
27.900618747534,44.619552124640,32.809048993957
40.948666124298,9.938419353160,51.763324777322
60.000000000000,60.000000000000,60.000000000000
34.362506309016,60.000000000000,58.438986359012
60.000000000000,0.000000000000,60.000000000000
60.000000000000,0.000000000000,60.000000000000
60.000000000000,35.290014067072,44.099976009139
16.380944953123,44.715712142858,26.135991487894
57.246297119391,26.720127035025,29.741496619421
36.723032502219,55.878897122208,53.149782555924
48.122232859478,47.553072063678,41.170996135286
41.554199056694,38.034194996407,44.660131103907
60.000000000000,60.000000000000,60.000000000000
37.433555101694,1.801901256178,7.560503173407
5.995316955789,25.308893993127,24.620611873481
42.160862005160,55.840862307603,5.933665288695
14.732847620704,53.065277818061,17.393792007163
38.843711958294,22.046649851364,0.569201079927
38.371978676410,22.450107525687,30.538803252722
40.015261794997,30.777282111372,16.115220181160
43.502464132849,26.593406600617,40.258973725124
26.931235380260,16.902852679876,39.746739093116
60.000000000000,0.000000000000,60.000000000000
60.000000000000,0.000000000000,60.000000000000
43.103331361236,25.700243839531,24.896545439562
33.718639843291,1.869379646174,55.815880557309
11.105401872440,24.412325599200,36.506546780590
40.891690914646,41.404561743123,2.820417865359
0.000000000000,60.000000000000,60.000000000000
34.615260575260,11.571730189919,44.171191675753
45.117591532698,35.879078256967,2.604346106341
60.000000000000,60.000000000000,60.000000000000
60.000000000000,0.000000000000,60.000000000000
41.602931990517,47.137337722842,13.443682490852
60.000000000000,0.000000000000,60.000000000000
35.043168645095,28.031627503416,25.423225668286
60.000000000000,0.000000000000,60.000000000000
44.306577580017,18.639506460601,48.569446440129
60.000000000000,60.000000000000,60.000000000000
30.702118014789,23.741098983310,5.515415234304
60.000000000000,60.000000000000,60.000000000000
60.000000000000,0.000000000000,60.000000000000
60.000000000000,0.000000000000,60.000000000000
2.757131804542,8.630171259974,53.584778421744
60.000000000000,0.000000000000,60.000000000000
41.492258588587,50.488302124920,18.761057031536
60.000000000000,0.000000000000,60.000000000000
52.295646224358,47.689371679403,8.602401067025
43.418595027585,60.000000000000,37.373096227421
60.000000000000,60.000000000000,60.000000000000
15.605947950115,44.633046810253,20.120249063433
45.329430225908,3.615764782014,30.758414335974
60.000000000000,60.000000000000,60.000000000000
42.206642152737,32.416281957968,18.372516705275
6.494828783264,12.755901928492,25.181447400163
39.882900433670,1.935935618683,11.322601781158
60.000000000000,0.000000000000,60.000000000000
60.000000000000,0.000000000000,60.000000000000
60.000000000000,60.000000000000,60.000000000000
40.805129179212,12.566945450417,40.201797247385
60.000000000000,0.000000000000,60.000000000000
48.466535687507,1.223497478177,55.262589331260
60.000000000000,0.000000000000,60.000000000000
35.783938574429,51.059323231352,11.417716141796
60.000000000000,0.000000000000,60.000000000000
29.911679874832,60.000000000000,54.496770496306
60.000000000000,0.000000000000,60.000000000000
35.365859324437,9.674324805391,56.281133296694
60.000000000000,0.000000000000,60.000000000000
37.855568296699,52.344035345928,3.078704780173
27.992195133341,22.578767828940,26.122580555004
60.000000000000,0.000000000000,60.000000000000
60.000000000000,60.000000000000,60.000000000000
41.008759138209,45.576240853209,20.996655068377
38.119853598341,36.554912479645,30.617026544097
41.828193098332,12.786186999245,42.790861333235
60.000000000000,0.000000000000,60.000000000000
38.888965535613,50.354880523126,45.022509146542
60.000000000000,0.000000000000,60.000000000000
6.736676065048,36.383524566645,45.467149112408
60.000000000000,0.000000000000,60.000000000000
1.398058859476,26.001913898250,20.008320086847
21.066094271613,60.000000000000,16.541622302704
35.324730811397,48.579264919959,17.736841595089
60.000000000000,60.000000000000,60.000000000000
60.000000000000,60.000000000000,60.000000000000
60.000000000000,13.798017114410,60.000000000000
38.688530803339,48.606547852633,48.542586365952
5.891588200809,19.684649847357,57.766468558540
60.000000000000,0.000000000000,60.000000000000
22.985860589306,7.783191987206,32.057439111537
12.181762746934,36.675277352585,38.341546236378
39.442852012856,60.000000000000,24.201764912836
60.000000000000,0.000000000000,60.000000000000
60.000000000000,0.000000000000,60.000000000000
60.000000000000,0.000000000000,60.000000000000
60.000000000000,0.000000000000,60.000000000000
60.000000000000,60.000000000000,60.000000000000
39.405146062917,60.000000000000,20.794996839103
41.661306513424,0.515200743716,35.987808705914
37.122560223433,39.744375199725,35.988855031696
47.208985331795,55.957193930906,48.906740703833
38.964283732803,30.059672917625,29.217831596486
41.672590842578,29.892236971573,54.943573435934
60.000000000000,0.000000000000,60.000000000000
40.032085524652,20.984185591235,25.533159148189
60.000000000000,60.000000000000,60.000000000000
17.986337562970,26.479022090272,56.331568218590
60.000000000000,0.000000000000,60.000000000000
60.000000000000,0.000000000000,60.000000000000
60.000000000000,0.000000000000,60.000000000000
41.138317123284,37.179624098286,12.404216298018
60.000000000000,0.000000000000,60.000000000000
34.895576710755,1.900791278236,11.973555512952
60.000000000000,60.000000000000,60.000000000000
60.000000000000,34.175154627529,22.288651197079
60.000000000000,0.000000000000,60.000000000000
60.000000000000,60.000000000000,60.000000000000
0.000000000000,0.000000000000,60.000000000000
41.799721032081,21.458169354099,19.051403116622
60.000000000000,0.000000000000,60.000000000000
56.948280706545,37.210194480466,40.185756542241
60.000000000000,0.000000000000,60.000000000000
43.197563876029,23.908219969709,45.252140202780
60.000000000000,0.000000000000,60.000000000000
60.000000000000,60.000000000000,60.000000000000
41.353096183113,31.811096267943,32.101246514581
32.211762555155,30.563333744641,29.150932586292
60.000000000000,0.000000000000,60.000000000000
60.000000000000,0.000000000000,60.000000000000
60.000000000000,0.000000000000,60.000000000000
38.855315119351,36.713793529988,11.974214690300
60.000000000000,0.000000000000,60.000000000000
60.000000000000,0.000000000000,60.000000000000
0.000000000000,0.000000000000,22.680438996425
60.000000000000,0.000000000000,60.000000000000
60.000000000000,60.000000000000,60.000000000000
60.000000000000,0.000000000000,60.000000000000
33.013156862205,60.000000000000,26.344550754416
31.933076276230,21.167348101081,19.397984669469
60.000000000000,0.000000000000,60.000000000000
39.590965050816,54.793868496539,12.037891602592
7.584639150097,43.987637631496,45.729430413722
60.000000000000,60.000000000000,35.439754779282
60.000000000000,0.000000000000,60.000000000000
0.000000000000,60.000000000000,60.000000000000
60.000000000000,0.000000000000,60.000000000000
36.559903584458,19.661244198999,57.920645763866
60.000000000000,60.000000000000,60.000000000000
40.095678511656,1.808109073315,14.263275185480
60.000000000000,0.000000000000,60.000000000000
36.285744039120,47.039825517266,0.345869009751
60.000000000000,0.000000000000,60.000000000000
60.000000000000,60.000000000000,60.000000000000
60.000000000000,0.000000000000,0.000000000000
39.424704679148,37.690508845430,9.408878882276
60.000000000000,0.000000000000,60.000000000000
37.401023387786,41.476432757807,58.620277099438
60.000000000000,17.169188554289,11.975391326607
40.822846308611,0.737927906627,0.512955594134
60.000000000000,60.000000000000,60.000000000000
4.117047045038,47.817340419874,55.040270633803
60.000000000000,6.085153898585,52.865822112644
37.745709106483,27.219477227339,4.954612465662
17.368688987818,54.710388427510,17.426311404834
0.160292042070,18.388487846477,26.920381907382
60.000000000000,60.000000000000,60.000000000000
60.000000000000,60.000000000000,60.000000000000
60.000000000000,0.000000000000,60.000000000000
31.285463038677,51.955370192639,48.614322015233
60.000000000000,0.000000000000,60.000000000000
60.000000000000,60.000000000000,60.000000000000
35.642256552967,45.163972811945,22.683645073461
0.000000000000,60.000000000000,60.000000000000
37.655880749780,2.777411121134,22.873431248345
38.499737277440,37.530962511490,6.166967809563
60.000000000000,0.000000000000,60.000000000000
37.175166965550,44.283582281110,24.785995777287
60.000000000000,0.000000000000,60.000000000000
60.000000000000,60.000000000000,60.000000000000
60.000000000000,0.000000000000,60.000000000000
28.645895658552,7.671257933635,13.628984108275
4.197300634330,60.000000000000,60.000000000000
59.625217540225,60.000000000000,47.343912198961
43.862827474117,60.000000000000,19.889335875940
60.000000000000,60.000000000000,60.000000000000
31.629588524807,0.000000000000,7.297481836900
60.000000000000,60.000000000000,0.000000000000
60.000000000000,0.000000000000,60.000000000000
60.000000000000,60.000000000000,60.000000000000
60.000000000000,0.000000000000,60.000000000000
60.000000000000,60.000000000000,60.000000000000
60.000000000000,60.000000000000,60.000000000000
60.000000000000,60.000000000000,60.000000000000
29.155449745501,23.615373591346,23.747446899584
35.885330185027,34.375492673067,58.597911405867
60.000000000000,60.000000000000,60.000000000000
52.358885205722,60.000000000000,18.358164771844
60.000000000000,60.000000000000,60.000000000000
13.425789856304,22.814804893619,43.372526491572
60.000000000000,0.000000000000,60.000000000000
60.000000000000,0.000000000000,60.000000000000
60.000000000000,0.000000000000,60.000000000000
12.948012980422,60.000000000000,60.000000000000
60.000000000000,60.000000000000,60.000000000000
60.000000000000,0.000000000000,60.000000000000
60.000000000000,0.000000000000,60.000000000000
60.000000000000,0.000000000000,60.000000000000
60.000000000000,60.000000000000,60.000000000000
10.801092537798,47.566309016492,48.102534934921
60.000000000000,60.000000000000,60.000000000000
50.915106031548,60.000000000000,2.919340351456
36.814100069788,60.000000000000,14.387151735844
35.748130873293,18.782429442639,50.579531717629
60.000000000000,0.000000000000,60.000000000000
60.000000000000,60.000000000000,60.000000000000
60.000000000000,0.000000000000,60.000000000000
60.000000000000,60.000000000000,18.899634165113
60.000000000000,0.000000000000,60.000000000000
60.000000000000,60.000000000000,60.000000000000
60.000000000000,0.000000000000,60.000000000000
39.920032261268,3.006396929791,29.258361497350
60.000000000000,0.000000000000,60.000000000000
48.820069934395,60.000000000000,46.061265923408
60.000000000000,0.000000000000,60.000000000000
40.937022225715,7.355258961963,43.667144429764
60.000000000000,60.000000000000,60.000000000000
33.125877550368,31.755435311597,39.300083407701
60.000000000000,0.000000000000,60.000000000000
60.000000000000,60.000000000000,60.000000000000
60.000000000000,60.000000000000,60.000000000000
10.395244223175,60.000000000000,0.000000000000
60.000000000000,0.000000000000,0.000000000000
34.792305503523,17.325987308047,55.508369482341
60.000000000000,0.000000000000,60.000000000000
21.546846150525,5.292283430265,32.599292096350
45.649417068240,31.889963617059,31.885066676203
2.044191061841,59.631362860811,5.312160783272
60.000000000000,0.000000000000,60.000000000000
43.478694547002,42.343138172121,3.276571909628
60.000000000000,0.000000000000,60.000000000000
53.047445193558,1.572554755764,50.117983793841
41.596327207111,34.122700343934,31.420778082955
10.025446540935,56.045506156145,27.285631876826
48.158246484289,39.947413655800,38.037373978125
49.702057550153,21.623362379394,45.384448638142
46.437889286590,50.422402693038,34.676039406712
43.216736356794,45.234102501641,57.856150865270
60.000000000000,60.000000000000,60.000000000000
4.902582015709,58.190703275333,6.873229040947
60.000000000000,0.000000000000,60.000000000000
60.000000000000,60.000000000000,60.000000000000
46.102529796094,34.970948581759,29.919571020944
16.604075043896,39.344251735509,21.541744901597
17.734822373286,33.073780690231,18.889756153454
60.000000000000,60.000000000000,60.000000000000
60.000000000000,0.000000000000,60.000000000000
60.000000000000,0.000000000000,60.000000000000
60.000000000000,60.000000000000,46.883892796808
60.000000000000,60.000000000000,60.000000000000
46.973535847999,38.696861317561,25.048225187030
36.631340496885,6.542332896403,31.676021421048
60.000000000000,0.000000000000,60.000000000000
46.071614529499,4.230132271815,7.790069273310
53.813826629131,18.246249462444,35.017264669719
60.000000000000,60.000000000000,60.000000000000
8.806246953779,27.738802461935,43.734350355684
60.000000000000,0.000000000000,60.000000000000
60.000000000000,60.000000000000,60.000000000000
44.890657415409,35.088638670417,9.354378467980
51.008606637365,35.727908147496,29.831800095117
60.000000000000,0.000000000000,60.000000000000
27.136929315819,4.201716165186,4.292556550539
27.714634750625,6.316751537700,43.766729070338
60.000000000000,60.000000000000,34.733245837001
29.077761572052,49.163022637345,26.507709465549
60.000000000000,60.000000000000,60.000000000000
48.584173216464,10.523000377695,51.769774484416
60.000000000000,0.000000000000,60.000000000000
45.283312720148,55.852311968620,23.681607639132
60.000000000000,0.000000000000,60.000000000000
44.672770996510,14.171102219172,44.274828847080
27.969148545888,24.839538269871,26.337870484762
47.930362945664,31.267863717246,37.357325478001
60.000000000000,60.000000000000,60.000000000000
49.388759567880,18.245919821304,49.625314654762
52.988894631207,36.198081512034,39.633566383105
60.000000000000,60.000000000000,60.000000000000
40.796710382910,60.000000000000,23.284048891454
5.027461178773,47.709951377285,51.458856441030
60.000000000000,60.000000000000,60.000000000000
0.000000000000,60.000000000000,60.000000000000
60.000000000000,0.000000000000,60.000000000000
60.000000000000,60.000000000000,60.000000000000
60.000000000000,0.000000000000,60.000000000000
60.000000000000,0.000000000000,60.000000000000
60.000000000000,0.000000000000,60.000000000000
60.000000000000,60.000000000000,60.000000000000
28.512287240719,52.880000658278,41.444291301336
48.328625420003,15.496290085475,36.283303657535
60.000000000000,60.000000000000,60.000000000000
48.140925451589,0.340069784915,31.930013314241
60.000000000000,60.000000000000,60.000000000000
14.807408632587,12.801648980421,26.088323688015
22.122451525856,60.000000000000,27.712519426646
60.000000000000,60.000000000000,60.000000000000
16.924343518585,60.000000000000,18.820067866427
48.776768742174,60.000000000000,0.000000000000
45.771886411520,26.696070700832,23.374217752278
49.119805230437,32.333330516485,43.671653701995
16.179739827855,1.508801678098,26.185590293789
48.323733048953,11.144637500579,48.666637047995
51.259667794354,21.105339394228,29.575595941901
56.917546219081,47.511713945924,41.468052711528
60.000000000000,60.000000000000,60.000000000000
43.263278537036,43.741586561787,8.451323648317
45.395111543542,35.875509941452,21.277633823497
43.507532012087,41.454944511759,8.633494900301
19.463986605209,28.289279125664,58.902897255160
42.818192062774,51.136633958526,21.977495220350
46.822028793662,21.582381912375,20.759375024442
47.111818834539,34.732051782939,56.864843591539
60.000000000000,0.000000000000,60.000000000000
49.958958467460,0.000000000000,19.463107582715
21.850110189192,1.284816750514,39.728068173423
46.995746497448,7.538591293157,39.313065734455
45.181707784412,26.966501720632,23.635476603049
49.853816708670,45.252292672982,30.570169400248
60.000000000000,24.967679996200,9.598543004036
43.859537054790,22.900658462169,13.547922314476
33.111279031195,17.156030785746,34.273507525972
46.128134730591,58.680921913458,6.407519289985
60.000000000000,60.000000000000,60.000000000000
44.509473921211,17.120951255726,51.625497916312
60.000000000000,60.000000000000,60.000000000000
45.222468367833,8.019542460286,9.249961413848
60.000000000000,60.000000000000,60.000000000000
35.263993440168,18.342151216260,11.855578696178
60.000000000000,60.000000000000,60.000000000000
2.789581510288,43.694778189874,52.309137708289
60.000000000000,60.000000000000,60.000000000000
60.000000000000,60.000000000000,60.000000000000
60.000000000000,60.000000000000,60.000000000000
60.000000000000,60.000000000000,60.000000000000
60.000000000000,60.000000000000,60.000000000000
43.124121068324,7.114622636160,1.333711287925
60.000000000000,60.000000000000,60.000000000000
5.643933816032,35.016811909756,28.053847689697
24.972252217079,18.453692450668,20.167692813205
48.917827525579,33.262416677927,5.552726960058
60.000000000000,60.000000000000,60.000000000000
30.749471745608,43.821647119153,37.449445213900
60.000000000000,60.000000000000,60.000000000000
22.334252198780,47.946475852788,1.197889453385
60.000000000000,60.000000000000,60.000000000000
43.836764437000,1.634155230196,16.864580371360
60.000000000000,60.000000000000,60.000000000000
60.000000000000,60.000000000000,60.000000000000
57.986613153510,8.295024191035,6.837253386835
60.000000000000,60.000000000000,60.000000000000
60.000000000000,60.000000000000,60.000000000000
48.428546046823,37.157371719298,1.234429440287
60.000000000000,60.000000000000,60.000000000000
45.755861101973,12.062653422906,49.346411311054
60.000000000000,60.000000000000,60.000000000000
58.270778625758,26.836574900611,60.000000000000
60.000000000000,60.000000000000,60.000000000000
50.179709771923,14.077190138075,57.497327342742
60.000000000000,60.000000000000,60.000000000000
48.904091379279,10.982357245619,4.438766999606
60.000000000000,60.000000000000,60.000000000000
60.000000000000,60.000000000000,60.000000000000
60.000000000000,60.000000000000,60.000000000000
43.834253900604,9.912878712099,51.680010845799
41.336909309251,7.368158842565,12.910919181749
60.000000000000,60.000000000000,60.000000000000
60.000000000000,60.000000000000,60.000000000000
49.605958475380,8.816523336836,33.169044587308
60.000000000000,60.000000000000,60.000000000000
46.543630066499,38.186310210316,57.965731346206
60.000000000000,60.000000000000,60.000000000000
35.820988357490,42.210609236360,54.657303956810
46.531153285979,39.410546089568,28.798622176887
45.312992644611,20.030025726177,52.070755628628
60.000000000000,60.000000000000,60.000000000000
9.800802073162,45.130624903836,50.063725543371
60.000000000000,60.000000000000,60.000000000000
46.728527611806,1.615019387213,1.957998203434
24.070030339987,33.979692540092,30.602890159810
60.000000000000,60.000000000000,60.000000000000
55.168273350020,41.489429205993,21.057175943909
39.336987353316,0.244714521843,34.396287774860
43.651543069225,20.318795364388,22.544891589036
60.000000000000,60.000000000000,60.000000000000
60.000000000000,60.000000000000,60.000000000000
60.000000000000,60.000000000000,60.000000000000
60.000000000000,60.000000000000,60.000000000000
60.000000000000,60.000000000000,60.000000000000
60.000000000000,60.000000000000,60.000000000000
45.310243512418,37.371546672816,15.964103934113
0.000000000000,60.000000000000,60.000000000000
24.524441484278,38.031915962374,15.307071969178
44.496893409589,30.474294263992,26.434892364810
60.000000000000,60.000000000000,60.000000000000
60.000000000000,60.000000000000,60.000000000000
43.720443270418,28.776208315138,43.112819664055
60.000000000000,60.000000000000,60.000000000000
60.000000000000,60.000000000000,60.000000000000
60.000000000000,60.000000000000,60.000000000000
60.000000000000,60.000000000000,60.000000000000
60.000000000000,60.000000000000,60.000000000000
49.038132860765,0.148440092138,36.651967796628
60.000000000000,60.000000000000,60.000000000000
49.625462480433,56.324796741308,11.524785686724
8.453605984497,4.760921414857,43.718599240193
60.000000000000,60.000000000000,60.000000000000
60.000000000000,60.000000000000,60.000000000000
4.535044232846,58.607518822903,37.809971096892
60.000000000000,60.000000000000,60.000000000000
60.000000000000,60.000000000000,60.000000000000
60.000000000000,60.000000000000,60.000000000000
38.219289329905,44.079571875973,2.488834492268
60.000000000000,60.000000000000,60.000000000000
33.023191115810,19.038523862223,38.922590105183
60.000000000000,60.000000000000,60.000000000000
60.000000000000,60.000000000000,60.000000000000
60.000000000000,60.000000000000,60.000000000000
60.000000000000,60.000000000000,60.000000000000
60.000000000000,60.000000000000,60.000000000000
60.000000000000,60.000000000000,60.000000000000
60.000000000000,60.000000000000,60.000000000000
60.000000000000,60.000000000000,60.000000000000
56.373870579511,60.000000000000,9.464743708425
60.000000000000,60.000000000000,0.000000000000
60.000000000000,60.000000000000,60.000000000000
60.000000000000,60.000000000000,60.000000000000
60.000000000000,60.000000000000,60.000000000000
60.000000000000,60.000000000000,60.000000000000
32.639958508322,36.439710774313,4.366218898221
60.000000000000,60.000000000000,60.000000000000
60.000000000000,60.000000000000,60.000000000000
12.455426348696,60.000000000000,60.000000000000
49.464527669146,30.076676069509,32.643170817196
60.000000000000,60.000000000000,60.000000000000
60.000000000000,60.000000000000,60.000000000000
60.000000000000,49.672957609789,36.081239408603
60.000000000000,60.000000000000,60.000000000000
14.555403607161,38.402777511070,41.288466467725
0.000000000000,13.951401800907,0.000000000000
41.780652755910,31.317863801189,18.284422334245
60.000000000000,60.000000000000,60.000000000000
28.472622010174,0.656397838135,0.690021632179
47.190490941950,60.000000000000,46.541111595442
60.000000000000,49.922513378108,35.854073187388
60.000000000000,60.000000000000,60.000000000000
60.000000000000,50.152097556175,5.195232176337
60.000000000000,60.000000000000,60.000000000000
16.294958458298,26.350785807552,20.856333740516
32.823049243238,60.000000000000,4.051298044390
32.577092042620,36.260028744573,1.595348613027
13.949214842805,28.271071140778,27.763839621801
49.386934739131,1.921386872165,14.299288346818
57.162324886178,11.851654198566,17.141204511163
50.507447962800,21.741051104676,12.724719241567
60.000000000000,60.000000000000,60.000000000000
53.173900844221,7.216119934304,19.697293124728
60.000000000000,60.000000000000,60.000000000000
12.221404265993,60.000000000000,0.000000000000
60.000000000000,60.000000000000,60.000000000000
60.000000000000,60.000000000000,60.000000000000
60.000000000000,60.000000000000,60.000000000000
60.000000000000,60.000000000000,60.000000000000
7.679787711081,14.456853669687,60.000000000000
60.000000000000,60.000000000000,60.000000000000
51.725062946867,26.071355012531,21.771831583712
44.580208778863,59.085105903514,44.067120860465
60.000000000000,60.000000000000,60.000000000000
48.530870453527,16.677411991318,54.956056901365
60.000000000000,60.000000000000,60.000000000000
60.000000000000,60.000000000000,60.000000000000
60.000000000000,60.000000000000,60.000000000000
52.111503418110,27.004997461706,11.233160328959
60.000000000000,60.000000000000,60.000000000000
39.890720551657,58.217095041870,23.614044402248
34.446542118870,26.753362853250,36.161423079463
60.000000000000,60.000000000000,60.000000000000
46.348182798816,28.732055004403,28.042398034932
0.000000000000,60.000000000000,60.000000000000
60.000000000000,60.000000000000,60.000000000000
51.728744542781,3.715908810458,37.621073857487
60.000000000000,60.000000000000,60.000000000000
60.000000000000,60.000000000000,60.000000000000
60.000000000000,60.000000000000,60.000000000000
60.000000000000,23.948531214875,56.929354694314
60.000000000000,60.000000000000,60.000000000000
24.597062151972,4.243913442460,42.637661737265
60.000000000000,60.000000000000,60.000000000000
48.258080788613,56.269027165113,21.115711069705
60.000000000000,60.000000000000,60.000000000000
60.000000000000,60.000000000000,60.000000000000
60.000000000000,60.000000000000,60.000000000000
60.000000000000,60.000000000000,60.000000000000
60.000000000000,60.000000000000,29.039188496817
60.000000000000,49.573807232609,7.705353758318
60.000000000000,0.000000000000,60.000000000000
32.109138373690,60.000000000000,0.876431008898
60.000000000000,60.000000000000,60.000000000000
60.000000000000,60.000000000000,60.000000000000
60.000000000000,60.000000000000,60.000000000000
7.932302717597,47.467484062906,48.376764303325
60.000000000000,60.000000000000,60.000000000000
38.094701378550,46.502136957157,19.202628511766
60.000000000000,60.000000000000,60.000000000000
41.538848174744,21.057801087642,58.038211193829
60.000000000000,60.000000000000,60.000000000000
60.000000000000,60.000000000000,60.000000000000
60.000000000000,60.000000000000,60.000000000000
60.000000000000,60.000000000000,60.000000000000
60.000000000000,60.000000000000,60.000000000000
60.000000000000,60.000000000000,60.000000000000
60.000000000000,60.000000000000,60.000000000000
12.996344909111,26.593699294361,50.669948785143
60.000000000000,60.000000000000,60.000000000000
60.000000000000,60.000000000000,60.000000000000
60.000000000000,60.000000000000,60.000000000000
51.032899987238,8.342630237834,3.908187228943
60.000000000000,60.000000000000,60.000000000000
46.660900937901,9.339466852128,10.043039035567
60.000000000000,60.000000000000,60.000000000000
60.000000000000,60.000000000000,60.000000000000
18.869675038999,60.000000000000,21.287404552493
0.000000000000,60.000000000000,60.000000000000
60.000000000000,60.000000000000,60.000000000000
52.294136311002,46.768973853375,9.749566663240
60.000000000000,60.000000000000,60.000000000000
33.458701518122,9.798191005350,10.785969333051
55.494115942051,33.381501708904,27.144749228670
53.051648512174,2.041953315393,28.270982653822
60.000000000000,0.000000000000,60.000000000000
54.105362490643,20.657254441598,27.138384574980
53.873979181046,21.413981400559,33.665325697727
50.257232507898,51.998167591650,42.526041825333
58.841223998946,39.687279097060,46.178955854197
57.259916734898,42.576111533474,18.575534454640
52.635016028564,31.975095772636,44.696451682432
58.411603566334,36.249726452126,28.780269903511
60.000000000000,0.000000000000,60.000000000000
7.549484645995,36.138775835113,16.371665125691
60.000000000000,0.000000000000,60.000000000000
57.654426324946,6.222588451449,13.888318716379
60.000000000000,0.000000000000,60.000000000000
60.000000000000,60.000000000000,60.000000000000
53.014156830043,39.338483290475,36.676211238592
58.149936841041,9.014732726855,17.129356444924
28.505671834183,48.754550489425,14.973922004991
54.538950497405,40.103013501854,42.157052143511
51.263083232681,60.000000000000,19.810196579018
60.000000000000,60.000000000000,60.000000000000
26.721747263710,43.242425056073,10.120275098543
14.136183422512,39.459808897894,48.138518763269
52.700396294326,26.515709025214,31.915277555800
31.192304196548,37.035891152960,31.193230716717
60.000000000000,60.000000000000,60.000000000000
57.719823434634,41.807194919313,34.328548554934
60.000000000000,0.000000000000,60.000000000000
60.000000000000,60.000000000000,60.000000000000
54.979061679379,23.781654436377,35.012204992662
56.447479471251,60.000000000000,46.624164238386
60.000000000000,0.000000000000,60.000000000000
52.201879033376,47.236712969977,20.707306590301
55.012519469249,41.928352073198,50.047016272446
54.163920280065,60.000000000000,53.653390503191
4.145498084837,51.268932074663,37.327216987611
54.253005960266,36.225255031254,8.680542765327
7.801026528181,25.973457811289,37.291076607437
60.000000000000,60.000000000000,60.000000000000
60.000000000000,0.000000000000,60.000000000000
14.980323940324,37.561035186438,7.473506897269
60.000000000000,60.000000000000,60.000000000000
53.656577255167,39.111956062426,25.438732022053
60.000000000000,0.000000000000,60.000000000000
0.293330064519,43.116717821067,39.390251658201
54.197321132238,32.726349475400,29.898477699364
58.051737769420,37.640362800235,27.048868231029
60.000000000000,0.000000000000,60.000000000000
60.000000000000,60.000000000000,60.000000000000
18.827422062804,53.625223138436,31.678752897917
48.339592432654,31.823265858407,20.527735304661
60.000000000000,60.000000000000,60.000000000000
60.000000000000,60.000000000000,60.000000000000
60.000000000000,60.000000000000,60.000000000000
60.000000000000,60.000000000000,60.000000000000
60.000000000000,0.000000000000,60.000000000000
60.000000000000,0.000000000000,60.000000000000
60.000000000000,60.000000000000,60.000000000000
45.201385142840,60.000000000000,39.182953022996
55.836848037057,60.000000000000,52.280381875844
60.000000000000,0.000000000000,60.000000000000
57.328237993607,30.000508851766,33.535082485275
36.350862370446,17.571706907605,9.596722184134
60.000000000000,56.479318340198,11.177188530128
54.997106104258,50.817895849416,11.983853656899
60.000000000000,0.000000000000,60.000000000000
53.282058726911,31.265448852767,54.494526765361
60.000000000000,0.000000000000,60.000000000000
58.272232048541,49.520492614804,60.000000000000
60.000000000000,60.000000000000,60.000000000000
60.000000000000,60.000000000000,60.000000000000
39.411622155554,47.409515816906,58.224547043548
53.314332742404,9.182868259546,35.034020075905
35.783892028433,3.377247501966,33.771204317377
60.000000000000,0.000000000000,60.000000000000
52.683430513133,22.829233130253,41.641473462753
53.550377054900,56.036074111925,18.851206778688
60.000000000000,60.000000000000,60.000000000000
60.000000000000,0.000000000000,60.000000000000
60.000000000000,60.000000000000,60.000000000000
60.000000000000,60.000000000000,60.000000000000
60.000000000000,0.000000000000,60.000000000000
60.000000000000,0.000000000000,60.000000000000
54.878864593543,37.740828771685,28.101934721493
54.258713356946,31.400979206140,27.167398630181
60.000000000000,60.000000000000,60.000000000000
55.476284545570,52.799570081285,59.659392551362
26.107295734358,38.777256088495,45.233645998647
56.421677809292,14.358319700062,21.006024612644
51.424485331498,30.319681267304,28.302069716968
60.000000000000,30.025885863260,19.893754607932
60.000000000000,60.000000000000,60.000000000000
60.000000000000,60.000000000000,60.000000000000
60.000000000000,60.000000000000,60.000000000000
0.000000000000,60.000000000000,47.054953031558
60.000000000000,60.000000000000,7.525155384028
55.279502422092,47.836083529033,29.759464494578
60.000000000000,49.423350309533,13.624139520144
53.956488488750,51.377915799689,51.537123914863
60.000000000000,60.000000000000,60.000000000000
60.000000000000,60.000000000000,0.000000000000
16.046770467861,28.819862244781,30.105444063002
58.051805316026,14.653479134762,12.921747283961
60.000000000000,60.000000000000,60.000000000000
60.000000000000,60.000000000000,60.000000000000
60.000000000000,60.000000000000,60.000000000000
0.000000000000,60.000000000000,60.000000000000
60.000000000000,60.000000000000,60.000000000000
53.190095280807,22.469074905715,44.322648344970
60.000000000000,60.000000000000,60.000000000000
11.810033508333,43.691617139011,29.843279527768
60.000000000000,60.000000000000,60.000000000000
57.565405174292,7.766139494838,47.506000781339
60.000000000000,60.000000000000,60.000000000000
53.520986721070,22.569365321590,15.703434147623
60.000000000000,60.000000000000,60.000000000000
34.156432897221,47.153313623530,36.767027762673
60.000000000000,60.000000000000,60.000000000000
60.000000000000,60.000000000000,60.000000000000
60.000000000000,29.444647534700,23.905506467384
60.000000000000,60.000000000000,60.000000000000
54.937390789675,30.598764298416,19.247182522295
16.439119771691,0.085058115910,42.953310913847
60.000000000000,60.000000000000,60.000000000000
28.459604844223,24.074924652538,31.926159036525
60.000000000000,60.000000000000,60.000000000000
53.543162922001,29.869844131838,27.532514076157
60.000000000000,60.000000000000,60.000000000000
56.735910172961,44.516651972880,23.932421252171
60.000000000000,60.000000000000,60.000000000000
56.567536207389,28.877803506424,13.703168700414
60.000000000000,60.000000000000,60.000000000000
3.155733375708,49.705088862446,57.041128721607
60.000000000000,60.000000000000,60.000000000000
60.000000000000,60.000000000000,60.000000000000
60.000000000000,60.000000000000,60.000000000000
60.000000000000,60.000000000000,60.000000000000
58.960282116527,21.425408923989,32.144925899809
60.000000000000,60.000000000000,60.000000000000
60.000000000000,60.000000000000,60.000000000000
60.000000000000,60.000000000000,60.000000000000
60.000000000000,60.000000000000,60.000000000000
55.925314866326,40.250508455049,1.325587667441
60.000000000000,60.000000000000,60.000000000000
57.683941401368,25.583129100172,17.039571007541
56.283563766856,19.772033575592,32.595590881073
59.517450075351,52.000325036450,23.964956538157
60.000000000000,60.000000000000,60.000000000000
60.000000000000,60.000000000000,60.000000000000
23.659634786035,38.929357624724,21.390178013166
49.309026616402,55.951441690857,6.426322449301
50.686327797576,22.199344849650,33.948307318994
16.317911362790,60.000000000000,11.978493974946
60.000000000000,60.000000000000,60.000000000000
60.000000000000,60.000000000000,60.000000000000
37.892849759892,2.569196557798,21.587462115275
60.000000000000,60.000000000000,60.000000000000
60.000000000000,60.000000000000,60.000000000000
60.000000000000,60.000000000000,60.000000000000
60.000000000000,60.000000000000,60.000000000000
60.000000000000,60.000000000000,60.000000000000
52.782247139783,60.000000000000,28.324984806778
54.238041680634,14.975387906542,47.997175510955
60.000000000000,60.000000000000,60.000000000000
57.258171503697,45.741585142087,59.083405043338
60.000000000000,60.000000000000,60.000000000000
60.000000000000,60.000000000000,60.000000000000
60.000000000000,60.000000000000,60.000000000000
56.440075858691,35.893473036376,0.541420836113
0.000000000000,60.000000000000,60.000000000000
60.000000000000,60.000000000000,60.000000000000
60.000000000000,60.000000000000,60.000000000000
60.000000000000,60.000000000000,60.000000000000
60.000000000000,0.000000000000,52.352808494312
13.462903694076,14.784682514858,35.181960216841
60.000000000000,60.000000000000,60.000000000000
58.180744200189,51.531386613916,55.524018875073
59.044643560215,20.499433635512,39.587202579382
60.000000000000,26.483180513001,4.423110695975
60.000000000000,60.000000000000,60.000000000000
60.000000000000,60.000000000000,26.207639624051
60.000000000000,60.000000000000,60.000000000000
60.000000000000,60.000000000000,60.000000000000
60.000000000000,60.000000000000,60.000000000000
51.491061505321,4.210968116417,57.462327521028
60.000000000000,60.000000000000,60.000000000000
36.310317277563,31.963008391595,34.864853892735
60.000000000000,60.000000000000,60.000000000000
60.000000000000,60.000000000000,0.000000000000
60.000000000000,60.000000000000,60.000000000000
60.000000000000,60.000000000000,60.000000000000
60.000000000000,60.000000000000,60.000000000000
0.000000000000,60.000000000000,60.000000000000
7.539751948424,14.377106003600,5.731863268151
60.000000000000,60.000000000000,60.000000000000
40.079312433733,15.400651004957,40.372058273821
60.000000000000,60.000000000000,60.000000000000
60.000000000000,30.068554452839,60.000000000000
60.000000000000,21.133774595617,7.353119772456
24.704923632481,22.037989006798,11.860876473092
60.000000000000,60.000000000000,57.867422245574
60.000000000000,60.000000000000,60.000000000000
0.000000000000,60.000000000000,60.000000000000
60.000000000000,60.000000000000,60.000000000000
60.000000000000,0.146131410476,6.193547785677
8.093920451698,45.049078521992,24.120243869685
60.000000000000,36.480340227735,60.000000000000
60.000000000000,60.000000000000,60.000000000000
22.296889820483,12.571699647922,41.240526413888
60.000000000000,60.000000000000,60.000000000000
47.846824249443,50.229729452157,29.673186935706
20.818394154044,59.066284422259,8.084490557056
57.762398684730,5.242229556456,17.706137068720
60.000000000000,60.000000000000,60.000000000000
54.796485855065,43.561011451843,17.564178606149
60.000000000000,60.000000000000,60.000000000000
60.000000000000,60.000000000000,60.000000000000
19.666907621642,34.897972358568,11.970661371301
48.952541373667,2.341703479532,27.542264153014
60.000000000000,60.000000000000,60.000000000000
17.021093725886,6.119023943032,18.323958640998
25.470653505270,60.000000000000,60.000000000000
52.766111782216,9.699992610242,13.339991928037
24.236688108831,0.348970916186,6.474425102301
10.558937901562,5.562320823578,60.000000000000
59.434608132481,60.000000000000,60.000000000000
0.679516708015,22.181512670306,60.000000000000
60.000000000000,60.000000000000,60.000000000000
1.146786785655,2.098909285259,5.677050082476
11.680613828224,17.898821757535,60.000000000000
46.054429750278,8.229003065531,15.814004933463
60.000000000000,60.000000000000,60.000000000000
60.000000000000,60.000000000000,60.000000000000
27.636127259979,4.128406444595,14.349677463061
1.169956483181,52.623029252712,13.901087860622
60.000000000000,60.000000000000,60.000000000000
60.000000000000,60.000000000000,60.000000000000
54.601483377779,32.022954062697,41.553575862577
58.002391940822,19.660634947857,21.650935583275
60.000000000000,60.000000000000,60.000000000000
59.343619430288,50.391545517187,26.155316975826
60.000000000000,60.000000000000,60.000000000000
60.000000000000,60.000000000000,60.000000000000
60.000000000000,60.000000000000,60.000000000000
58.190425511656,50.910292571753,13.706084921806
60.000000000000,60.000000000000,60.000000000000
22.448744916122,20.332771247510,20.154364458740
60.000000000000,60.000000000000,60.000000000000
60.000000000000,60.000000000000,60.000000000000
53.519379204547,22.542005859705,22.713502678804
60.000000000000,50.184863647609,16.563810812938
60.000000000000,60.000000000000,60.000000000000
52.263124010247,15.296961868649,14.803074464825
60.000000000000,60.000000000000,60.000000000000
60.000000000000,60.000000000000,60.000000000000
60.000000000000,60.000000000000,60.000000000000
46.961109343691,60.000000000000,24.662622402512
60.000000000000,60.000000000000,60.000000000000
60.000000000000,60.000000000000,60.000000000000
60.000000000000,60.000000000000,60.000000000000
59.161045209767,43.311238070452,18.405845514070
60.000000000000,60.000000000000,60.000000000000
38.049937388545,60.000000000000,14.931061556847
60.000000000000,60.000000000000,60.000000000000
60.000000000000,60.000000000000,60.000000000000
60.000000000000,60.000000000000,60.000000000000
23.002130677829,4.104624348335,5.003513076514
60.000000000000,60.000000000000,60.000000000000
36.315985977500,57.755930176270,2.467787765632
60.000000000000,60.000000000000,60.000000000000
60.000000000000,47.291873237954,0.000000000000
60.000000000000,60.000000000000,60.000000000000
42.120800746703,6.654266862640,37.647952858628
60.000000000000,60.000000000000,60.000000000000
52.949965723509,42.023833847333,38.461166187896
60.000000000000,60.000000000000,60.000000000000
54.730846144775,31.152543796123,15.298090405625
60.000000000000,60.000000000000,60.000000000000
60.000000000000,60.000000000000,60.000000000000
60.000000000000,60.000000000000,60.000000000000
60.000000000000,51.525971103565,32.176786549350
60.000000000000,0.000000000000,60.000000000000
60.000000000000,19.208428606375,60.000000000000
60.000000000000,60.000000000000,60.000000000000
54.631015616610,16.780191972354,57.833043368074
60.000000000000,60.000000000000,60.000000000000
60.000000000000,60.000000000000,23.734265861036
60.000000000000,60.000000000000,60.000000000000
12.340174252048,27.880510703206,56.608000705583
60.000000000000,60.000000000000,60.000000000000
2.352046529747,21.995572875082,60.000000000000
60.000000000000,60.000000000000,60.000000000000
18.390870998027,42.031328559196,22.156834676273
55.493606712223,34.519839277501,32.075029475165
60.000000000000,60.000000000000,60.000000000000
60.000000000000,60.000000000000,60.000000000000
