x,y,z
3.316502299551,5.867641810054,54.754874613002
44.716561564680,0.315543974914,31.459022188277
6.261638434521,21.694251825720,52.226855589868
5.127151768396,22.973620108785,31.424503645227
6.281485411783,15.628613824796,23.655292639711
60.000000000000,0.000000000000,60.000000000000
6.126284207346,4.884643169914,27.265519744664
60.000000000000,0.000000000000,60.000000000000
4.955493278590,57.512649340284,52.232474813032
60.000000000000,0.000000000000,60.000000000000
8.046027901897,26.219124649015,47.494255370402
60.000000000000,0.000000000000,60.000000000000
3.167402364664,1.494895485478,16.211269001023
51.875530072141,60.000000000000,60.000000000000
3.677986531623,15.826863985660,18.777546637233
16.032996236632,15.437067110926,43.275757131288
6.181683689014,12.305190551295,46.188399849081
2.963806060145,33.373580153475,38.697810229827
4.205374806670,41.635526646223,25.792659045730
3.291471847081,15.259998534507,14.518301458186
4.065450946174,37.988522797520,8.338828410673
27.874322051628,3.978833542975,53.614323303310
47.883364437512,30.665849381452,52.862057519722
60.000000000000,0.000000000000,60.000000000000
8.441078607066,34.548251133749,51.982770399069
3.605411198024,38.326285075570,34.594719004364
60.000000000000,0.000000000000,60.000000000000
60.000000000000,0.000000000000,60.000000000000
6.510221298888,51.594751541118,34.619892377307
60.000000000000,60.000000000000,60.000000000000
0.235101177464,46.125729451939,43.399890256829
60.000000000000,27.355104738685,7.876055547758
6.370343351948,4.111776236947,3.208846664927
6.858232120031,34.057469465845,22.416826347109
1.591617053756,6.080050200500,44.302643863408
60.000000000000,60.000000000000,60.000000000000
17.142322805862,11.848352920808,46.067955071054
14.348571469226,42.001754699771,60.000000000000
3.425297085951,12.197115889585,43.510867462566
24.143771825202,4.415848841353,8.836809033021
60.000000000000,0.000000000000,60.000000000000
0.470022726371,29.593252162991,34.380809498404
7.318000473474,5.415594983047,51.490835469697
1.647419150275,38.894357608260,5.243013804223
31.089035044893,32.234913727043,17.948658811152
4.599799357616,36.948678795758,39.028963802794
5.418730716961,27.553620857156,25.590774865218
5.253222770489,37.770927093362,31.863126496465
60.000000000000,0.000000000000,60.000000000000
6.109321318675,34.233181833932,39.890157741786
4.972578234177,38.599176922309,50.874106880557
5.339882016324,39.568473681032,26.353868177890
6.858954552169,9.565400036974,51.785994429291
60.000000000000,60.000000000000,60.000000000000
60.000000000000,0.000000000000,60.000000000000
60.000000000000,0.000000000000,60.000000000000
60.000000000000,60.000000000000,19.064912054513
5.170606988447,32.705172962425,29.932418678129
0.334994447201,20.085348824549,25.577262265265
4.068984687558,27.104832840173,32.301106628713
5.862075944094,26.972809779556,44.578190149857
60.000000000000,60.000000000000,60.000000000000
4.593326729755,22.897598519626,0.072821851760
16.770634364700,60.000000000000,44.501706152510
60.000000000000,60.000000000000,60.000000000000
34.150165664738,19.957748071481,12.328899801348
1.719475320324,18.466644321895,12.591529446483
60.000000000000,0.000000000000,60.000000000000
2.024324396935,48.876861549067,11.177771810005
60.000000000000,60.000000000000,60.000000000000
5.462280855338,14.301621954797,6.963751650079
45.341796362994,60.000000000000,13.502929797662
3.277314501994,33.369412789902,4.705162136416
60.000000000000,32.677563415274,35.962507408188
60.000000000000,49.398601439391,33.205411074176
0.569764352036,45.812551659498,21.005462691569
60.000000000000,60.000000000000,60.000000000000
7.846926758262,38.082059142659,27.734967616606
60.000000000000,0.000000000000,60.000000000000
60.000000000000,0.000000000000,60.000000000000
6.271639827404,13.558601828649,25.753214013918
60.000000000000,0.000000000000,60.000000000000
60.000000000000,60.000000000000,60.000000000000
0.007815189733,32.391141342286,23.870405314434
38.739980005803,59.063317565413,16.494153844964
9.443151809783,60.000000000000,34.958070312825
47.605997016678,60.000000000000,60.000000000000
8.749891792971,30.983651348929,37.480365836942
15.143823298581,50.497635943040,25.062497197445
60.000000000000,60.000000000000,0.000000000000
27.759969604981,19.859868510255,16.828608498804
13.268209566903,32.653310793134,29.351292244091
0.849383331616,41.279927454272,32.954665028847
45.989632536568,60.000000000000,60.000000000000
53.515129231668,20.549840811056,8.339542614973
60.000000000000,60.000000000000,60.000000000000
6.530071202722,25.800165460443,45.366223399095
34.032145260972,38.588268114242,56.746903409722
60.000000000000,60.000000000000,60.000000000000
7.756804481284,19.801486349090,23.756104301523
5.443253070436,45.934455790633,40.488297451718
60.000000000000,60.000000000000,60.000000000000
60.000000000000,60.000000000000,60.000000000000
60.000000000000,60.000000000000,60.000000000000
1.347765481387,60.000000000000,29.163223999431
60.000000000000,60.000000000000,60.000000000000
35.072211448950,54.417004666837,11.336680719983
60.000000000000,60.000000000000,60.000000000000
60.000000000000,0.000000000000,60.000000000000
60.000000000000,60.000000000000,60.000000000000
5.470097696137,60.000000000000,57.431176506948
60.000000000000,60.000000000000,60.000000000000
11.660378326093,30.122150437042,55.321465596769
60.000000000000,60.000000000000,60.000000000000
3.436398640883,42.313558796936,46.975543602166
60.000000000000,60.000000000000,60.000000000000
55.733575051937,6.532550164643,46.884836366606
60.000000000000,60.000000000000,60.000000000000
14.506500157400,32.731944189105,42.332565808858
60.000000000000,60.000000000000,60.000000000000
7.260630913746,44.227563877886,23.921249810203
60.000000000000,60.000000000000,60.000000000000
1.938594857282,2.656421909364,49.215247017771
0.558826658031,30.767539915983,29.063772286903
7.591396541000,56.469945654565,0.178432735494
29.466479577357,24.011471075997,37.401898656483
19.685934602369,60.000000000000,38.368702401800
60.000000000000,60.000000000000,60.000000000000
33.840549185635,37.722561958006,21.635013265262
60.000000000000,60.000000000000,60.000000000000
15.476536009632,32.788098020653,52.111568787474
60.000000000000,60.000000000000,60.000000000000
60.000000000000,60.000000000000,60.000000000000
60.000000000000,60.000000000000,60.000000000000
0.764560298226,8.728903510444,25.717766827041
60.000000000000,60.000000000000,60.000000000000
2.264991500284,35.539455650713,10.122653723351
60.000000000000,60.000000000000,60.000000000000
11.822927191719,23.027204237135,24.971027825370
60.000000000000,60.000000000000,60.000000000000
4.282814213731,4.827176047798,17.626561519411
22.302771545506,32.346720296907,44.893676357741
60.000000000000,60.000000000000,60.000000000000
1.680818220527,60.000000000000,60.000000000000
60.000000000000,60.000000000000,60.000000000000
60.000000000000,0.000000000000,60.000000000000
8.808543019952,28.471905105142,40.407383267338
60.000000000000,60.000000000000,60.000000000000
5.846093762566,5.211750912723,47.972686756353
0.655727457824,27.709660182570,25.805812635050
6.315537216569,35.558455264405,3.383289618019
60.000000000000,60.000000000000,60.000000000000
60.000000000000,0.902653261916,36.731076389426
0.814091623028,17.987636705870,38.604845556514
60.000000000000,60.000000000000,60.000000000000
60.000000000000,60.000000000000,60.000000000000
60.000000000000,6.224865932365,60.000000000000
60.000000000000,60.000000000000,60.000000000000
60.000000000000,60.000000000000,60.000000000000
3.550056740610,19.612394137968,30.575534386659
56.182431252303,43.091178162853,3.302699224438
60.000000000000,60.000000000000,10.402949588801
60.000000000000,60.000000000000,60.000000000000
60.000000000000,60.000000000000,60.000000000000
5.372125869238,60.000000000000,60.000000000000
2.180293791763,28.722564335975,35.372456977629
3.846083524770,37.528215944768,11.512088046212
60.000000000000,60.000000000000,60.000000000000
4.050630222963,51.771627074141,19.988840318729
60.000000000000,60.000000000000,60.000000000000
60.000000000000,60.000000000000,60.000000000000
60.000000000000,60.000000000000,60.000000000000
6.111339493593,53.251970819610,16.651291971445
60.000000000000,60.000000000000,60.000000000000
60.000000000000,60.000000000000,60.000000000000
60.000000000000,60.000000000000,60.000000000000
60.000000000000,60.000000000000,60.000000000000
17.932009146656,54.601848270283,17.380059262362
6.190091386402,20.855377311985,39.694484794562
60.000000000000,60.000000000000,60.000000000000
8.205767995417,19.263067462354,28.713074147337
58.269031161068,54.701924774146,13.239026338000
0.765030472103,25.549294696479,18.495172246216
60.000000000000,60.000000000000,60.000000000000
8.396167458541,44.243058249374,60.000000000000
60.000000000000,60.000000000000,60.000000000000
60.000000000000,60.000000000000,60.000000000000
60.000000000000,60.000000000000,60.000000000000
6.744260400409,14.793966897700,49.428936629990
60.000000000000,60.000000000000,60.000000000000
60.000000000000,60.000000000000,60.000000000000
60.000000000000,60.000000000000,60.000000000000
8.467971757228,1.142928895665,51.690643022308
60.000000000000,60.000000000000,60.000000000000
60.000000000000,52.126166995642,24.759279998978
25.852588897189,43.480462972713,41.142211439922
7.279191855017,54.680175025564,38.725490390783
6.854244688606,39.339027053740,22.300483116023
60.000000000000,60.000000000000,60.000000000000
60.000000000000,60.000000000000,60.000000000000
60.000000000000,60.000000000000,60.000000000000
6.901833898136,47.171515096929,60.000000000000
1.630978827815,13.874552044160,51.649637666793
60.000000000000,60.000000000000,60.000000000000
60.000000000000,60.000000000000,60.000000000000
60.000000000000,60.000000000000,60.000000000000
60.000000000000,49.893605758506,19.607635564324
60.000000000000,60.000000000000,60.000000000000
3.937712532074,30.008085725394,15.086656805274
3.589747566893,26.357371085580,32.046422855813
17.513522193332,23.838733766735,16.733570653543
60.000000000000,60.000000000000,60.000000000000
60.000000000000,60.000000000000,60.000000000000
60.000000000000,18.430020282478,60.000000000000
6.099827473947,28.944325900044,43.153560640547
46.129767928787,59.196207222656,22.131419320060
7.943414643942,4.798122270394,10.074536157003
60.000000000000,60.000000000000,60.000000000000
3.856612771035,51.363771465542,21.175260724738
60.000000000000,60.000000000000,60.000000000000
60.000000000000,60.000000000000,60.000000000000
60.000000000000,60.000000000000,60.000000000000
4.709408774217,22.907021415062,54.735646560326
60.000000000000,60.000000000000,60.000000000000
8.460201923745,45.710207061328,9.717736225259
60.000000000000,60.000000000000,60.000000000000
8.485774317320,42.965705596575,34.755096848553
47.837018257571,40.708975006336,32.168979005072
7.470948376680,54.985673865955,0.075495850550
31.755954969010,29.627318898709,16.424512307327
46.008417462277,27.504430645238,51.768221079779
60.000000000000,60.000000000000,60.000000000000
60.000000000000,60.000000000000,60.000000000000
5.668138000366,36.162556620907,27.648690855382
1.959238557824,2.665828583565,19.674907573250
60.000000000000,60.000000000000,60.000000000000
5.536223226513,36.888606950838,33.940197396778
2.321770674367,32.859349294779,27.456821674020
0.579365641976,9.410404595366,19.696722405517
5.539257185974,29.830222925787,38.921507858108
60.000000000000,60.000000000000,60.000000000000
60.000000000000,0.000000000000,60.000000000000
37.252556864722,16.164359848960,9.717399565600
60.000000000000,6.749242382746,42.357023401211
4.342639022906,28.026200938373,18.718385587575
60.000000000000,60.000000000000,60.000000000000
60.000000000000,60.000000000000,60.000000000000
60.000000000000,60.000000000000,60.000000000000
45.069112611982,0.690387036414,40.966658816010
60.000000000000,60.000000000000,60.000000000000
3.159359005594,42.448302236420,32.708072688564
60.000000000000,60.000000000000,60.000000000000
60.000000000000,60.000000000000,60.000000000000
5.522649057218,60.000000000000,54.984343227201
4.727638961208,30.765876705328,38.892894153971
60.000000000000,60.000000000000,60.000000000000
0.859470867001,7.514931828244,32.226007664378
60.000000000000,60.000000000000,60.000000000000
30.779195626347,41.115793489121,24.536300372931
60.000000000000,60.000000000000,60.000000000000
4.610966787927,46.524301301288,2.194386266685
60.000000000000,0.000000000000,60.000000000000
31.371403991211,27.824007217506,39.333710410177
60.000000000000,60.000000000000,60.000000000000
2.819240148918,1.148845824431,36.265512228346
55.421746689140,17.861648350233,43.409188959438
33.672795043427,20.926237088819,20.803412747601
60.000000000000,60.000000000000,60.000000000000
60.000000000000,60.000000000000,60.000000000000
8.361219874283,36.398658445483,23.954688421218
5.868958977495,19.500139444484,9.972668355473
60.000000000000,60.000000000000,60.000000000000
31.393488691700,5.546691140095,51.055391992439
60.000000000000,0.000000000000,60.000000000000
60.000000000000,60.000000000000,60.000000000000
60.000000000000,60.000000000000,60.000000000000
4.772739736264,31.726070968450,24.446415235302
60.000000000000,60.000000000000,60.000000000000
60.000000000000,60.000000000000,60.000000000000
60.000000000000,60.000000000000,60.000000000000
6.021500858017,7.282367988206,17.408660575091
60.000000000000,60.000000000000,60.000000000000
60.000000000000,60.000000000000,60.000000000000
60.000000000000,41.548150833822,15.678424693513
39.824270828306,21.474416704812,60.000000000000
20.777148376113,6.211512757235,40.535263529123
60.000000000000,60.000000000000,60.000000000000
60.000000000000,60.000000000000,0.000000000000
6.139395035241,30.971512598654,45.152808380415
60.000000000000,60.000000000000,60.000000000000
60.000000000000,46.137905693929,60.000000000000
60.000000000000,60.000000000000,60.000000000000
1.577163678570,4.377959418389,19.184715879787
60.000000000000,60.000000000000,60.000000000000
27.839417228098,23.513831331554,34.811531978332
60.000000000000,60.000000000000,60.000000000000
5.941562891394,26.719016985750,15.381290096418
1.597566340201,26.377777697725,34.548430415938
3.003159516532,0.000000000000,15.944087489472
60.000000000000,60.000000000000,60.000000000000
7.791900129698,15.353694400509,54.785900402711
10.028853861845,28.122726164680,36.277945674125
12.813723952162,2.822147235540,52.260655966486
8.629388980164,33.178548370894,24.632669385505
60.000000000000,60.000000000000,60.000000000000
60.000000000000,0.000000000000,50.966420168589
10.967502209255,46.184614806374,47.066644447973
60.000000000000,0.000000000000,60.000000000000
15.624611109337,34.786524018516,2.580410373845
10.197006909077,32.941604046475,27.378328738397
15.117440192052,7.795265527312,21.950160483686
10.098798146402,29.167194545226,38.696702482947
16.170614748027,21.822581778826,4.061702891466
60.000000000000,0.000000000000,60.000000000000
9.883178618080,45.931017024504,50.728102286549
14.037341747380,31.172949816303,24.711102180595
16.729764344235,21.843332365315,50.015724341170
17.696504011162,52.633101152979,2.059911954291
10.375905241766,17.998072424117,42.079094553156
11.894965630903,35.921878280722,19.787077501966
10.186612377311,43.067785602439,49.700310321307
60.000000000000,0.000000000000,60.000000000000
8.356931472971,53.298526776547,27.394576985906
11.881863372871,32.192470061077,22.571183568382
60.000000000000,22.880424430270,11.952949307427
10.250929726131,31.805605891079,30.201847041133
9.036853086009,12.316158989319,15.042820109681
9.580104361185,35.447003380392,38.920775762744
12.897667116038,11.485342017266,8.544262173097
60.000000000000,60.000000000000,60.000000000000
16.698063757732,25.270941173655,12.144961569086
16.533518538905,34.423845169222,35.420787350921
16.086796608691,40.656795171959,21.184756572226
16.666627938762,41.043964258964,28.398996871851
8.983257914564,5.737854960945,58.940749421859
60.000000000000,60.000000000000,60.000000000000
11.698607634120,26.848740017204,5.840014243127
36.107813508673,49.150565074940,7.722962336024
12.848101120870,25.376851795058,4.061944748110
12.942411303508,29.604643340280,39.898091679005
60.000000000000,0.000000000000,60.000000000000
8.637704611476,33.057078877023,21.831787466609
60.000000000000,0.000000000000,60.000000000000
12.256723254244,15.841335509464,16.737176670895
60.000000000000,60.000000000000,60.000000000000
60.000000000000,0.000000000000,60.000000000000
31.835308456441,30.105589724751,13.166192941392
36.961390003920,28.770926490274,10.760556309338
60.000000000000,0.000000000000,60.000000000000
33.681898727434,54.749520067676,5.534793316161
15.164373828965,49.732495228339,35.368579661578
15.533098254180,34.720419170964,30.452870682001
60.000000000000,58.742560177083,12.034248607567
2.575333032716,6.024098481510,22.208775078000
60.000000000000,0.000000000000,60.000000000000
20.119289594799,43.221262620595,20.035608733459
14.618592263236,24.393969658740,3.425659959920
52.923902099996,31.786492106490,43.370893765660
13.879260364838,8.687452623216,6.073652044882
60.000000000000,60.000000000000,60.000000000000
13.543148326919,4.881413566072,19.394923952862
60.000000000000,0.000000000000,60.000000000000
60.000000000000,60.000000000000,0.000000000000
60.000000000000,0.000000000000,60.000000000000
60.000000000000,37.930787848487,8.257021042908
60.000000000000,0.000000000000,60.000000000000
10.211610855198,18.146971399945,53.612313313820
60.000000000000,0.000000000000,60.000000000000
8.180535333518,40.398561251552,53.360010732829
9.828290396574,23.114285187504,39.379416676843
9.730127502535,48.111013525396,35.318418837744
60.000000000000,0.000000000000,60.000000000000
16.759718826318,5.286058294252,14.183540393781
60.000000000000,0.000000000000,60.000000000000
10.230696410652,29.767025091426,17.862865066634
60.000000000000,0.000000000000,60.000000000000
35.082844915960,21.800959784593,52.021844800385
2.286379355922,32.324517399282,43.058659497279
60.000000000000,0.000000000000,60.000000000000
60.000000000000,0.000000000000,60.000000000000
15.332836264690,44.315385591434,52.189617912189
60.000000000000,0.000000000000,60.000000000000
60.000000000000,60.000000000000,60.000000000000
17.154211720371,29.136737362319,29.577025464386
9.021325396089,32.464036683240,42.829108750831
19.503273912896,51.465703965539,4.305378804853
60.000000000000,60.000000000000,60.000000000000
13.577966835541,26.253354087955,22.338780902930
7.132343201415,43.191204220194,9.382454343232
13.745233782893,24.567024874608,36.161761922441
15.874227558149,28.858912187239,54.636128813935
15.620326789805,29.394190552889,32.602739250042
60.000000000000,38.449921468148,8.279391157391
60.000000000000,60.000000000000,60.000000000000
11.824811714930,30.553084348761,41.628178829029
60.000000000000,0.000000000000,60.000000000000
15.290122047668,36.990930356822,15.143515314268
47.936389119830,13.523143457180,38.481274831413
60.000000000000,0.000000000000,60.000000000000
15.233291659902,36.450256324176,22.280498267747
42.269126075110,0.829664253908,47.783581945912
60.000000000000,60.000000000000,60.000000000000
60.000000000000,0.000000000000,60.000000000000
60.000000000000,0.000000000000,60.000000000000
8.169603555834,28.045625635785,33.634639852855
60.000000000000,0.000000000000,60.000000000000
60.000000000000,60.000000000000,60.000000000000
60.000000000000,0.000000000000,60.000000000000
6.970211843990,60.000000000000,18.543972710221
60.000000000000,60.000000000000,0.000000000000
4.853102559047,10.800862179697,30.598678706055
60.000000000000,0.000000000000,60.000000000000
10.900305439346,2.139924318042,10.319263339824
60.000000000000,44.493505542245,22.759264535278
60.000000000000,60.000000000000,60.000000000000
60.000000000000,44.282637909675,60.000000000000
60.000000000000,60.000000000000,60.000000000000
60.000000000000,0.000000000000,60.000000000000
60.000000000000,60.000000000000,60.000000000000
60.000000000000,0.000000000000,60.000000000000
11.540451763741,33.289861826126,48.637655949363
60.000000000000,0.000000000000,60.000000000000
15.914480368667,2.430125542509,54.522592846756
35.012365630231,49.722306547388,33.572035479394
3.612122563517,4.512230132936,49.160889300692
11.770184566899,11.677031532020,35.385748556470
10.726782951345,19.214492903697,56.160778567785
60.000000000000,0.000000000000,60.000000000000
28.245423433042,48.891096912845,20.697916840339
60.000000000000,60.000000000000,60.000000000000
5.953047515439,34.549093529157,31.226073641303
60.000000000000,51.560615909787,54.431554988090
60.000000000000,0.000000000000,60.000000000000
60.000000000000,0.000000000000,60.000000000000
12.169850914014,21.913718583095,43.126791938129
60.000000000000,15.191904088346,35.119225395864
16.357082484134,54.307385955796,8.176779293168
60.000000000000,0.000000000000,60.000000000000
11.290207967534,9.383887940947,50.889518284115
60.000000000000,0.000000000000,60.000000000000
58.887576779151,54.503506944000,26.807347772525
17.297861900297,44.053407785423,43.979297811718
60.000000000000,0.000000000000,60.000000000000
12.191548785463,27.493264164437,24.165458772579
60.000000000000,60.000000000000,60.000000000000
38.493466663410,60.000000000000,29.934039559659
9.064782987992,28.860794788684,44.338035970473
60.000000000000,0.000000000000,60.000000000000
4.605300543064,56.252415685502,16.046249095884
60.000000000000,60.000000000000,60.000000000000
9.446661329075,8.958544246411,36.913800671590
60.000000000000,0.000000000000,60.000000000000
8.032782722587,60.000000000000,60.000000000000
30.125570076527,47.898252754655,17.065221885470
60.000000000000,0.000000000000,60.000000000000
60.000000000000,0.000000000000,60.000000000000
12.757893739382,9.012773382097,36.646061104567
60.000000000000,0.000000000000,60.000000000000
60.000000000000,60.000000000000,60.000000000000
10.743410295373,36.028028034179,28.979099611720
10.290433921907,53.205980724549,29.036862162663
11.355296193048,27.325855441937,25.481259204466
60.000000000000,60.000000000000,60.000000000000
60.000000000000,0.000000000000,60.000000000000
45.888874480897,33.438905527468,43.599767276098
60.000000000000,60.000000000000,60.000000000000
23.956816227599,53.195569539987,9.466884253584
60.000000000000,0.000000000000,60.000000000000
14.474311288451,55.728503470228,51.404741520656
60.000000000000,0.000000000000,60.000000000000
60.000000000000,0.000000000000,60.000000000000
60.000000000000,0.000000000000,60.000000000000
12.035746959131,54.753513302969,31.834565466576
60.000000000000,60.000000000000,60.000000000000
0.000000000000,0.000000000000,60.000000000000
60.000000000000,0.000000000000,60.000000000000
60.000000000000,60.000000000000,60.000000000000
13.724085476396,38.344599292778,25.079586011399
19.873260409719,26.329712138265,4.749633824688
11.884680013378,17.996775089574,34.119784835687
16.245925433980,14.566185063627,13.093662932481
60.000000000000,33.485699044537,42.557842193912
16.840414937157,31.574559829967,1.657399812386
60.000000000000,0.000000000000,60.000000000000
12.029828504302,16.182611017076,30.776830637330
60.000000000000,0.000000000000,60.000000000000
60.000000000000,0.000000000000,60.000000000000
60.000000000000,60.000000000000,60.000000000000
12.079988927569,43.636343108345,40.148384578713
60.000000000000,3.041473416120,18.744589435966
60.000000000000,0.000000000000,60.000000000000
60.000000000000,0.000000000000,60.000000000000
9.433709888722,57.235841072646,42.105420289525
60.000000000000,0.000000000000,60.000000000000
13.547023837418,53.994772621109,16.186523437280
13.861002052417,33.888818873406,31.022360473659
19.414648729066,46.538751623466,24.096363815471
0.659669876209,33.841254911107,31.444926926505
60.000000000000,0.000000000000,60.000000000000
60.000000000000,60.000000000000,0.000000000000
60.000000000000,0.000000000000,60.000000000000
47.811817722035,53.988514101802,12.148008161847
13.126373123319,34.573115096736,39.463004344653
60.000000000000,0.000000000000,60.000000000000
60.000000000000,0.000000000000,60.000000000000
60.000000000000,0.000000000000,60.000000000000
10.902270441819,9.142116412218,55.073107947541
60.000000000000,0.000000000000,60.000000000000
31.046478310958,29.163395843091,2.333641528084
46.048650767027,17.662767282263,3.020406953624
14.146489767615,37.537742803794,29.024162569601
0.000000000000,0.000000000000,60.000000000000
60.000000000000,0.000000000000,60.000000000000
60.000000000000,60.000000000000,60.000000000000
23.784150543589,43.274913478471,29.091059556021
60.000000000000,60.000000000000,60.000000000000
11.558218728472,34.306666603880,11.184672551749
60.000000000000,0.000000000000,60.000000000000
13.943129478147,20.358020611630,0.852012312417
60.000000000000,0.000000000000,60.000000000000
60.000000000000,0.000000000000,60.000000000000
60.000000000000,60.000000000000,60.000000000000
11.962435574273,50.937655757217,3.792141227245
60.000000000000,0.000000000000,60.000000000000
15.569318502938,29.548822928924,7.030184411394
60.000000000000,0.000000000000,60.000000000000
11.402287216425,45.210962944252,34.120169601475
16.402736362400,24.022518535532,32.510189258458
15.068628238931,19.563657520346,50.021162587832
1.929189062255,34.335354745324,23.643814411965
11.155527250448,36.741467406858,37.756551268533
60.000000000000,40.638384438223,0.189935469668
60.000000000000,0.000000000000,60.000000000000
11.858012001257,28.544381897257,19.499624367457
11.198756598876,44.048163078762,29.936298411361
60.000000000000,0.000000000000,60.000000000000
0.209602049825,36.665857891797,41.564196640913
60.000000000000,60.000000000000,60.000000000000
60.000000000000,60.000000000000,60.000000000000
14.982084403222,24.333493925806,39.721971739767
60.000000000000,0.000000000000,60.000000000000
58.450474559604,60.000000000000,3.796176333814
21.343552131536,20.376966137145,28.458786505661
11.315611778106,60.000000000000,60.000000000000
9.404013036612,5.508510986475,50.519437892565
60.000000000000,0.000000000000,60.000000000000
60.000000000000,0.000000000000,60.000000000000
60.000000000000,0.000000000000,60.000000000000
60.000000000000,60.000000000000,60.000000000000
60.000000000000,4.123562250360,38.287939272797
2.437142155420,10.624171453743,0.342008941262
60.000000000000,0.000000000000,60.000000000000
60.000000000000,0.000000000000,60.000000000000
60.000000000000,60.000000000000,60.000000000000
9.802729801121,50.041172340222,37.178883621251
60.000000000000,0.000000000000,60.000000000000
29.217704580094,45.686163587136,40.776819862095
0.000000000000,0.000000000000,60.000000000000
15.647918985363,26.964124616034,39.115508427349
60.000000000000,60.000000000000,60.000000000000
9.074342880458,47.805959757807,16.693928020362
60.000000000000,60.000000000000,60.000000000000
56.505046772177,44.198385267135,29.137975802530
60.000000000000,0.000000000000,60.000000000000
13.809341329920,47.865957410913,32.174075036371
41.535640651355,44.253870856321,56.973124382771
22.296095813906,52.296421813421,33.967838585220
60.000000000000,0.000000000000,60.000000000000
60.000000000000,60.000000000000,60.000000000000
11.682055018415,40.792830058940,35.218729668617
16.485190444940,47.448187501025,31.851429329557
60.000000000000,0.000000000000,60.000000000000
60.000000000000,60.000000000000,60.000000000000
60.000000000000,60.000000000000,60.000000000000
60.000000000000,0.000000000000,60.000000000000
60.000000000000,0.000000000000,60.000000000000
11.830574682108,30.161483817399,25.537581310125
60.000000000000,0.000000000000,60.000000000000
60.000000000000,0.000000000000,60.000000000000
60.000000000000,60.000000000000,60.000000000000
16.414302112037,34.305500531841,38.991431625047
60.000000000000,0.000000000000,60.000000000000
60.000000000000,26.271510343939,10.325881940884
25.124548729057,26.825949585957,5.672107667189
60.000000000000,0.000000000000,60.000000000000
17.712074537642,37.657075898341,24.180490295193
60.000000000000,0.000000000000,60.000000000000
30.778282556541,41.033920315049,36.251035338768
13.330063854911,13.736671479808,23.233701358594
60.000000000000,0.000000000000,60.000000000000
60.000000000000,60.000000000000,60.000000000000
60.000000000000,0.000000000000,60.000000000000
11.618411499763,4.974766055211,43.428137291717
60.000000000000,0.000000000000,0.000000000000
3.005695096406,30.341899061574,59.335246708721
60.000000000000,0.000000000000,60.000000000000
16.487373771245,39.327067389786,46.270936360331
13.991391402671,23.724406572561,19.909369034837
60.000000000000,60.000000000000,60.000000000000
60.000000000000,0.000000000000,60.000000000000
18.392030218532,5.575404583380,7.108752769330
60.000000000000,60.000000000000,60.000000000000
21.148650314097,40.731780423334,49.892759459725
34.704281579083,48.017731707082,1.827915561135
21.313363024378,11.784261277840,23.132657842935
60.000000000000,60.000000000000,60.000000000000
49.766681524258,9.494625329517,23.637259240272
18.361597113697,2.258124757144,3.534372443537
48.960970787527,40.888955975096,39.707759285578
60.000000000000,60.000000000000,60.000000000000
20.440028815261,30.783760881759,46.115545832471
19.285268221407,36.736774896013,38.568267014445
19.820175010864,54.819531951786,10.813069953145
0.545580814804,3.990630578798,25.956021966174
24.698870091314,15.744307483438,22.566968931659
21.027410193033,34.286868342804,31.713931692897
17.589684486901,30.966075302104,55.166205420676
23.466153576994,23.360672590637,19.933789063786
16.470641006811,40.549161599997,36.751952538347
60.000000000000,46.489527154062,60.000000000000
60.000000000000,60.000000000000,60.000000000000
19.866452065861,5.818515263054,35.124527155284
19.782279404387,11.401097059106,28.339625041341
0.000000000000,60.000000000000,8.827549902395
24.123997924676,34.927975668473,8.804194684882
19.731822731825,24.277466258285,27.128490675966
34.857374589116,40.019604153101,54.285713517271
18.454752172260,33.938675238408,28.359890262460
23.017971545860,24.398360547035,43.900230459284
60.000000000000,60.000000000000,60.000000000000
25.899636421609,4.953416425938,39.761158534214
18.966573793051,35.066224446981,19.563099405295
18.288393824742,54.904566483464,47.668536804668
3.456523147336,44.065260675019,46.218151784354
23.769910664066,7.019424425815,16.785884312661
60.000000000000,60.000000000000,60.000000000000
22.211494444670,43.809207303232,21.621355257894
60.000000000000,60.000000000000,60.000000000000
60.000000000000,60.000000000000,60.000000000000
12.139471450212,15.920745148425,7.490034349343
23.446148880373,32.311621605623,27.922766326557
60.000000000000,60.000000000000,60.000000000000
60.000000000000,60.000000000000,60.000000000000
17.550014148009,38.344483231117,30.771867837933
36.700672607077,52.278817799093,30.865905351582
0.000000000000,60.000000000000,60.000000000000
60.000000000000,60.000000000000,60.000000000000
22.282328637255,28.700565251728,35.801282651868
17.179814008328,59.794861045379,32.361215199505
18.784013996526,34.043955645669,36.703058392580
23.662791764428,33.460796406881,40.079032091548
60.000000000000,60.000000000000,60.000000000000
24.166350519275,48.919377829237,26.864019465516
23.079232898084,14.076596725078,54.940470612572
27.523345168713,11.025650015722,23.859603820412
52.029728954727,45.566179768599,39.561252290474
19.783485234557,51.375820791937,19.953484312624
60.000000000000,60.000000000000,60.000000000000
21.623144542592,2.548323959714,40.384622478979
19.275407417852,17.868676187494,22.731423121876
22.347429085316,55.749298551552,54.102036737246
60.000000000000,60.000000000000,60.000000000000
60.000000000000,60.000000000000,60.000000000000
60.000000000000,60.000000000000,60.000000000000
21.854847292555,10.002925423748,52.350692778418
60.000000000000,60.000000000000,60.000000000000
60.000000000000,60.000000000000,60.000000000000
60.000000000000,60.000000000000,60.000000000000
60.000000000000,31.038509148225,7.257284923086
21.095165456647,35.853542018370,35.014148986416
60.000000000000,60.000000000000,60.000000000000
60.000000000000,60.000000000000,60.000000000000
57.769947690059,60.000000000000,60.000000000000
60.000000000000,60.000000000000,60.000000000000
60.000000000000,60.000000000000,60.000000000000
60.000000000000,60.000000000000,60.000000000000
58.806578072575,16.583047211075,12.121323139171
12.998828138841,24.979674564394,9.559459880304
60.000000000000,60.000000000000,60.000000000000
60.000000000000,60.000000000000,60.000000000000
22.044411595330,10.957842931883,57.692439519455
60.000000000000,60.000000000000,60.000000000000
17.502560328995,34.778153912585,6.968137000626
24.304349853457,26.328579343720,37.291551004781
21.954532199330,49.051464897252,49.538564847026
44.656447517311,28.313604503984,36.878324097975
22.211292873732,48.176188157652,15.686134706755
21.373273031702,40.505561473640,27.257694423162
23.774774719904,15.978150198619,16.308663060021
60.000000000000,60.000000000000,60.000000000000
60.000000000000,60.000000000000,60.000000000000
25.123654894759,25.836292983695,23.676832136950
18.237946386284,51.872786900698,60.000000000000
60.000000000000,0.000000000000,60.000000000000
21.388691720703,34.264679562877,8.745698893258
60.000000000000,60.000000000000,60.000000000000
60.000000000000,60.000000000000,60.000000000000
24.169177516357,28.046947197853,49.991049363032
60.000000000000,0.000000000000,60.000000000000
55.123725920242,35.013877951788,59.803450825740
19.237424835005,46.542628704102,56.947737708129
26.154741763380,56.618598885229,37.443622830227
18.000086996921,5.789623796688,2.957774463577
37.927582719248,21.441423165795,60.000000000000
17.800441425177,49.875695119321,37.997659769022
60.000000000000,0.000000000000,60.000000000000
25.017214563857,39.088365425487,52.715355892755
0.000000000000,0.000000000000,60.000000000000
21.478482346399,12.714220781124,9.361340904133
37.555685218432,56.356042309549,1.382625501898
18.591199001322,25.078290866322,28.620470073409
60.000000000000,0.000000000000,60.000000000000
23.271680598179,15.986689491302,54.542010336716
59.304220461043,17.879054700079,4.637093012426
21.469827139264,33.716545007029,57.761209072100
60.000000000000,60.000000000000,60.000000000000
60.000000000000,0.000000000000,60.000000000000
60.000000000000,0.000000000000,60.000000000000
60.000000000000,44.862715919515,27.441449595000
0.000000000000,0.000000000000,60.000000000000
20.778799037862,32.299040692510,19.294967979337
60.000000000000,0.000000000000,60.000000000000
23.709461359045,2.009503359506,0.006903367739
43.488571748570,24.411312227692,12.041324419402
60.000000000000,60.000000000000,60.000000000000
13.034568159835,28.196934075709,35.008633098196
21.944840363577,35.722250695485,51.408813382676
41.160266158876,60.000000000000,48.955804019445
8.552309197478,48.724653926611,14.050486700275
60.000000000000,0.000000000000,60.000000000000
56.012709196485,51.838014341364,22.182367766851
46.317641818048,44.959797968520,18.487372711379
60.000000000000,60.000000000000,60.000000000000
60.000000000000,0.000000000000,60.000000000000
27.435659847485,37.450021946233,2.829923683392
16.736629574144,20.155924176404,30.835379152305
21.944088618711,13.950381148299,6.882026795353
60.000000000000,0.000000000000,60.000000000000
21.702171810508,9.933536891901,13.279707447149
60.000000000000,0.000000000000,60.000000000000
18.924900612908,53.966829285572,19.480291270594
19.999729072560,31.688153486990,35.989952851844
27.108720997532,60.000000000000,32.216471002483
1.867128932073,14.670526740857,5.123304644563
26.093857179170,6.768099297244,4.960740207015
18.631055940870,22.014099851968,32.636623740047
13.496485941799,33.605925049928,52.342261736406
60.000000000000,60.000000000000,60.000000000000
21.695052297486,33.101819660846,37.105275754875
60.000000000000,0.000000000000,60.000000000000
20.798525138556,42.282251468079,11.395889181310
26.990180486575,60.000000000000,38.469341069476
21.690910612003,0.804454435731,14.437181018090
18.120257859420,39.727712564404,25.847876217195
21.199335169609,60.000000000000,50.167314386600
0.000000000000,0.000000000000,60.000000000000
60.000000000000,60.000000000000,60.000000000000
60.000000000000,60.000000000000,60.000000000000
5.062670097472,2.074998052049,47.339368711453
9.965961978222,28.361466288523,7.231887046879
24.782701412241,4.448299611825,56.105881609266
60.000000000000,60.000000000000,60.000000000000
60.000000000000,60.000000000000,60.000000000000
60.000000000000,60.000000000000,60.000000000000
31.569405627085,30.508259901170,3.033593562239
60.000000000000,0.000000000000,60.000000000000
13.379961372302,2.123791289216,23.299818219391
60.000000000000,60.000000000000,60.000000000000
40.652656768767,44.853954638064,32.016479492501
16.474414527134,60.000000000000,28.670737042381
16.625734511890,60.000000000000,24.169047139292
60.000000000000,0.000000000000,60.000000000000
23.210399867771,6.955858565835,50.632442985300
60.000000000000,52.803148507936,33.911558419405
24.371516404050,60.000000000000,10.480930848114
60.000000000000,60.000000000000,60.000000000000
19.338456706684,3.063800749184,30.005619763448
24.133214951603,20.230531750376,24.406267585687
60.000000000000,31.079573561941,60.000000000000
60.000000000000,60.000000000000,60.000000000000
21.885323973511,53.590814301389,59.595242597870
60.000000000000,60.000000000000,60.000000000000
23.854229147151,36.233450515748,46.563075879319
60.000000000000,0.000000000000,60.000000000000
36.588941477594,26.011609767897,11.362039007228
60.000000000000,0.000000000000,60.000000000000
23.254047627517,60.000000000000,1.560975728280
60.000000000000,0.000000000000,60.000000000000
18.139525426589,11.962672899522,31.437679831704
60.000000000000,60.000000000000,60.000000000000
60.000000000000,60.000000000000,60.000000000000
60.000000000000,0.000000000000,60.000000000000
40.626210134856,60.000000000000,40.909194835674
20.422782275583,0.000000000000,33.200366785133
19.387425024504,57.227698093661,58.412872740674
36.752673975571,60.000000000000,3.216262924759
19.083907146455,10.772098356566,37.671778292222
60.000000000000,60.000000000000,60.000000000000
60.000000000000,0.000000000000,60.000000000000
60.000000000000,0.000000000000,60.000000000000
60.000000000000,0.000000000000,60.000000000000
60.000000000000,60.000000000000,60.000000000000
15.564022705108,46.689382386719,12.103764445998
60.000000000000,0.000000000000,60.000000000000
60.000000000000,60.000000000000,60.000000000000
60.000000000000,0.000000000000,60.000000000000
18.295066588590,50.161334764271,26.070547972221
60.000000000000,0.000000000000,60.000000000000
11.456758912589,54.650721201827,11.138270231815
18.505530872585,30.441580801677,25.112638951234
18.937386036277,21.259204899338,20.795142834096
60.000000000000,60.000000000000,60.000000000000
60.000000000000,60.000000000000,60.000000000000
60.000000000000,0.000000000000,60.000000000000
44.382699164773,54.573237053961,60.000000000000
60.000000000000,0.000000000000,60.000000000000
49.231070397787,4.933585789454,48.308929611177
60.000000000000,0.000000000000,60.000000000000
24.220294359138,49.326204740562,40.704951465582
60.000000000000,0.000000000000,60.000000000000
60.000000000000,0.000000000000,60.000000000000
60.000000000000,60.000000000000,60.000000000000
19.159878340497,19.385883891274,13.438258192485
0.000000000000,0.000000000000,60.000000000000
22.808745754142,13.475421888966,3.793752599447
60.000000000000,60.000000000000,60.000000000000
20.302620307314,51.884009031706,47.703076007667
21.916788671431,41.274212668630,20.614552966733
23.077625663205,45.866357888615,40.719297607043
38.691957180338,51.374150122431,38.811454632269
19.269527749681,32.426328247018,51.919848616544
13.443890859892,60.000000000000,0.000000000000
60.000000000000,0.000000000000,60.000000000000
25.495155913603,60.000000000000,15.700518629759
20.889480432486,25.756999913060,41.001151509132
60.000000000000,0.000000000000,60.000000000000
60.000000000000,15.981949998156,1.940955656801
60.000000000000,0.000000000000,60.000000000000
60.000000000000,0.000000000000,60.000000000000
24.721968972980,39.687258242028,39.649956528262
60.000000000000,0.000000000000,60.000000000000
60.000000000000,15.760241006445,23.914573075104
19.517096926904,54.544805983756,50.616686362415
20.977481847675,29.629167980796,24.216241395915
27.277015504634,34.843904899237,20.747775310911
33.131470787179,60.000000000000,5.836806323904
44.502646635682,60.000000000000,25.331623631215
43.523907905462,60.000000000000,11.322923524707
19.080275542247,23.042958898439,13.998237056373
23.856966542006,38.729904159727,32.414586041864
24.482276417863,51.650947209505,35.493771951634
60.000000000000,0.000000000000,60.000000000000
60.000000000000,60.000000000000,60.000000000000
60.000000000000,0.000000000000,60.000000000000
20.555094010845,5.522637835381,38.318249441643
60.000000000000,0.000000000000,60.000000000000
18.885096056627,36.899016592078,29.197139091359
60.000000000000,60.000000000000,60.000000000000
57.312760300672,17.669872819436,35.358719142679
60.000000000000,0.000000000000,60.000000000000
22.194251806612,48.082460414939,31.191955972356
54.912014682758,60.000000000000,60.000000000000
42.412756223175,60.000000000000,49.919921033300
60.000000000000,0.000000000000,60.000000000000
60.000000000000,60.000000000000,13.029093633435
47.988832806688,48.290938337679,60.000000000000
20.087766129238,0.276538900351,26.594901038969
60.000000000000,0.000000000000,60.000000000000
60.000000000000,60.000000000000,60.000000000000
60.000000000000,60.000000000000,60.000000000000
18.616260425278,7.779213733477,41.207244397246
60.000000000000,0.000000000000,60.000000000000
60.000000000000,60.000000000000,60.000000000000
0.000000000000,60.000000000000,14.413708430931
60.000000000000,0.000000000000,60.000000000000
60.000000000000,0.000000000000,60.000000000000
29.915158930360,10.414001153600,33.150143645014
60.000000000000,60.000000000000,60.000000000000
60.000000000000,0.000000000000,60.000000000000
60.000000000000,0.000000000000,60.000000000000
22.817383287287,19.460185610935,34.880323430249
0.000000000000,0.000000000000,60.000000000000
60.000000000000,60.000000000000,60.000000000000
39.619436150204,41.304022878796,53.183066028028
60.000000000000,60.000000000000,60.000000000000
60.000000000000,60.000000000000,60.000000000000
8.514477596947,60.000000000000,41.161820012454
22.590914745659,29.361646369126,30.896999168531
20.949414834101,50.500335150231,6.116949616945
0.000000000000,0.000000000000,60.000000000000
60.000000000000,0.000000000000,60.000000000000
60.000000000000,0.000000000000,60.000000000000
27.533534949666,23.725888392756,5.024927705990
60.000000000000,60.000000000000,60.000000000000
22.789982980694,11.879480893117,32.542281554698
60.000000000000,0.000000000000,60.000000000000
29.461937554164,34.381268455762,34.200835364762
57.763179848882,60.000000000000,60.000000000000
60.000000000000,0.000000000000,60.000000000000
60.000000000000,0.000000000000,60.000000000000
31.024245178451,15.736606843486,37.801089976982
60.000000000000,60.000000000000,60.000000000000
33.889009201127,20.368099101953,50.560155954899
58.520041556382,49.839092004267,42.222026839184
29.108516509432,39.805728988825,24.147965602991
60.000000000000,60.000000000000,60.000000000000
55.186910372324,22.109654249719,31.369818011017
60.000000000000,23.818470735800,28.867818537585
60.000000000000,60.000000000000,60.000000000000
60.000000000000,60.000000000000,60.000000000000
41.414150766938,24.095360509579,18.491546917105
60.000000000000,60.000000000000,60.000000000000
32.927768688999,52.728478548193,24.627418248960
30.225464887444,34.488748934638,30.493176291702
30.571533655563,43.262057938598,54.873810352904
27.253336266061,37.222827230947,26.884016083024
14.456138606034,41.008232148462,48.300192302824
6.249394945107,59.918601690568,2.006931441348
31.053501953077,31.678384823171,13.904935881116
60.000000000000,60.000000000000,60.000000000000
30.837333638372,51.816115596724,12.293108613510
60.000000000000,0.000000000000,60.000000000000
29.434923160040,19.032821753360,2.667973587171
35.991221443138,60.000000000000,60.000000000000
60.000000000000,60.000000000000,60.000000000000
30.413666675593,37.050197095590,25.790365436755
25.997224974097,43.503562650788,49.173311198493
60.000000000000,60.000000000000,60.000000000000
60.000000000000,60.000000000000,60.000000000000
5.418840287505,14.991555521967,17.215991442588
29.327736016019,7.675352429183,19.997578305864
29.392598443857,24.926926154975,23.174192762825
43.737600203363,47.890269499750,41.716588497189
22.641654223194,28.654347286010,39.813432934381
29.831802774995,9.252421513084,33.359887462937
60.000000000000,60.000000000000,60.000000000000
58.670935976912,9.608010288294,15.744144271049
60.000000000000,60.000000000000,60.000000000000
32.535319977532,60.000000000000,49.307501078299
33.891000595690,29.105072671568,36.602299389719
27.424878231700,44.321086309313,16.335287151490
24.208604559752,29.561966259062,32.271571758028
34.640231886159,20.310051459130,4.284656366961
60.000000000000,60.000000000000,60.000000000000
36.068406814846,55.867528485915,41.711091723048
60.000000000000,60.000000000000,60.000000000000
5.364979567728,25.991502086036,46.490962196237
60.000000000000,60.000000000000,60.000000000000
60.000000000000,60.000000000000,60.000000000000
29.157066178045,32.941918512785,35.104806578210
31.044871419705,9.406164640632,6.125228060256
60.000000000000,60.000000000000,60.000000000000
32.555768879514,38.725578966002,14.438264757330
53.415604102874,34.577911551232,11.546962608131
60.000000000000,60.000000000000,60.000000000000
60.000000000000,60.000000000000,60.000000000000
33.873141569832,1.553016780652,36.182238905492
10.818753207321,22.895929652307,36.844803070989
32.370536606277,53.558337135363,18.079861958405
29.055314722202,33.095965543413,37.902711934864
39.223185181600,58.052992360090,10.845788721673
60.000000000000,59.748055185284,37.523050045935
60.000000000000,60.000000000000,60.000000000000
60.000000000000,60.000000000000,60.000000000000
33.026107283382,52.816257532998,52.698416534598
60.000000000000,60.000000000000,60.000000000000
28.228371924321,17.992761863300,15.920881448175
14.305885526688,52.775166140652,48.063051989024
27.178255866105,18.078384892204,10.966730871112
60.000000000000,60.000000000000,60.000000000000
60.000000000000,0.000000000000,60.000000000000
60.000000000000,60.000000000000,60.000000000000
11.390715228850,43.100074919459,21.124961443366
60.000000000000,60.000000000000,60.000000000000
32.063378508882,49.364983210289,47.566064766181
60.000000000000,60.000000000000,60.000000000000
25.845315120570,24.733607231987,8.480543695941
29.790581541687,20.185058400574,24.364363021201
20.525812628769,55.780951711516,33.873510053242
60.000000000000,60.000000000000,60.000000000000
39.510600782122,21.226266351092,15.440139555474
35.440669093588,10.871170119406,25.885887521971
25.796383211372,32.036078514545,11.311001157249
33.071244779022,21.733873225441,26.296863890260
26.352577978251,6.721078074814,55.909833492701
32.778791296502,26.670862571008,40.090354448273
11.779408335549,52.015512421787,51.038588794234
57.076269667062,15.161046213652,60.000000000000
26.342024655030,2.292782176630,30.785214289747
60.000000000000,17.696573905006,27.548453194212
60.000000000000,60.000000000000,60.000000000000
32.601065442403,25.546131653042,35.831604615817
30.354668723881,57.285289812371,16.914437528496
11.754717897262,35.021996905757,25.704055264005
31.093636540515,37.141770020673,36.263418382991
60.000000000000,0.000000000000,60.000000000000
33.883646138096,14.590244180182,14.472438748971
9.682787986464,42.264095777810,14.680395065994
30.138252798000,60.000000000000,24.863267001490
60.000000000000,60.000000000000,60.000000000000
40.456357957093,17.143453977017,32.733468384366
60.000000000000,60.000000000000,60.000000000000
28.036807673637,44.161664532159,43.799169038296
60.000000000000,60.000000000000,60.000000000000
29.846266271426,4.390804010096,43.771993186362
60.000000000000,0.000000000000,60.000000000000
31.295091473425,29.876769544440,28.117911795128
60.000000000000,60.000000000000,60.000000000000
60.000000000000,60.000000000000,60.000000000000
60.000000000000,60.000000000000,60.000000000000
32.543275177985,26.085892523827,43.792022276684
57.876296863206,60.000000000000,27.946013872799
30.845840442586,39.280832565838,40.993310735411
60.000000000000,60.000000000000,60.000000000000
60.000000000000,24.467913959212,48.109424685678
60.000000000000,0.000000000000,60.000000000000
60.000000000000,0.000000000000,60.000000000000
60.000000000000,60.000000000000,60.000000000000
29.109558911640,27.233155318265,56.623588523501
60.000000000000,60.000000000000,60.000000000000
23.993327247501,11.047910951443,12.833180078208
60.000000000000,60.000000000000,60.000000000000
29.843569352271,2.016197050905,5.578765998773
60.000000000000,60.000000000000,60.000000000000
60.000000000000,0.000000000000,60.000000000000
47.534479180979,43.533106322880,24.708334516321
31.418658243875,54.473103062520,46.394630881350
14.258802936278,43.398700818678,19.348715252314
29.141755083693,46.456884536656,36.382645096501
60.000000000000,0.000000000000,60.000000000000
29.108971663247,32.297761959931,41.172985911512
60.000000000000,60.000000000000,60.000000000000
60.000000000000,0.000000000000,60.000000000000
60.000000000000,0.000000000000,60.000000000000
31.399091172036,51.523550764344,19.307911129462
60.000000000000,60.000000000000,60.000000000000
18.654920124558,10.056484457785,56.538661854449
60.000000000000,60.000000000000,60.000000000000
60.000000000000,60.000000000000,60.000000000000
60.000000000000,60.000000000000,60.000000000000
29.822364397703,20.084074699185,50.125353470001
30.506966313529,34.852776012357,23.867945174581
25.870907032807,14.418035120517,19.550234320703
60.000000000000,60.000000000000,60.000000000000
26.003584061018,30.237300521124,55.649163441574
27.044693599700,34.750696173213,23.961990931830
27.892144043119,34.021297638353,50.806172370634
60.000000000000,0.000000000000,60.000000000000
29.568355714660,14.217092454749,3.200366785858
0.000000000000,0.000000000000,60.000000000000
32.542988694337,15.319951532521,44.080683017475
60.000000000000,51.350305695785,60.000000000000
34.254094483297,19.141431468927,20.535760233683
28.985118329821,30.717817623587,28.540264302569
33.952455840305,53.906360242024,12.820681373461
60.000000000000,60.000000000000,60.000000000000
60.000000000000,60.000000000000,60.000000000000
30.512877694460,13.847474063897,34.352163769061
29.145392030992,52.433433686765,16.263005838360
30.217393892558,25.845097964108,23.883057496972
0.000000000000,0.000000000000,14.580958696948
60.000000000000,60.000000000000,60.000000000000
60.000000000000,60.000000000000,60.000000000000
60.000000000000,0.000000000000,60.000000000000
60.000000000000,60.000000000000,60.000000000000
60.000000000000,0.000000000000,60.000000000000
27.594820196923,23.381892867107,1.203555258666
60.000000000000,8.198986792072,27.336631962964
60.000000000000,60.000000000000,60.000000000000
11.900654697944,51.688157342564,39.684915989195
24.863044875882,8.669045465250,15.382619037384
60.000000000000,0.000000000000,60.000000000000
27.284260182695,14.206230443133,8.127147734997
26.236019699659,60.000000000000,32.923308730887
30.687357937994,39.198425975621,29.547898692334
60.000000000000,60.000000000000,60.000000000000
60.000000000000,60.000000000000,60.000000000000
60.000000000000,60.000000000000,60.000000000000
30.093428814376,14.302858532455,22.443657351979
60.000000000000,60.000000000000,60.000000000000
54.696502796116,9.409768796902,53.945639268881
60.000000000000,0.000000000000,60.000000000000
31.997316731473,43.471093532084,28.469004486631
60.000000000000,0.000000000000,60.000000000000
10.067858683940,50.400530822057,60.000000000000
60.000000000000,0.000000000000,60.000000000000
29.085095273297,58.002841579145,36.597466273396
60.000000000000,0.000000000000,60.000000000000
24.283894891438,60.000000000000,35.477348457471
60.000000000000,0.000000000000,60.000000000000
12.111008044452,18.039061010317,18.878692876671
60.000000000000,0.000000000000,60.000000000000
60.000000000000,60.000000000000,60.000000000000
30.628209095044,28.858182114258,21.902315998976
16.645143605157,40.347107534873,9.703429239423
31.190290815646,40.377169180594,52.308302579214
60.000000000000,60.000000000000,60.000000000000
60.000000000000,0.000000000000,60.000000000000
60.000000000000,60.000000000000,60.000000000000
60.000000000000,0.000000000000,60.000000000000
60.000000000000,0.000000000000,60.000000000000
60.000000000000,0.000000000000,60.000000000000
60.000000000000,60.000000000000,60.000000000000
60.000000000000,60.000000000000,60.000000000000
60.000000000000,0.000000000000,60.000000000000
60.000000000000,0.000000000000,60.000000000000
25.624154394325,4.157496457856,28.730324297229
60.000000000000,0.000000000000,60.000000000000
60.000000000000,60.000000000000,60.000000000000
33.934101228423,23.113261432580,21.639092434730
30.862226431890,5.086776066630,13.102059998785
60.000000000000,60.000000000000,60.000000000000
60.000000000000,0.000000000000,60.000000000000
60.000000000000,0.000000000000,60.000000000000
27.861184544706,10.219053885146,6.601680752958
60.000000000000,60.000000000000,60.000000000000
0.775352035351,34.428029360548,49.729114592481
60.000000000000,0.000000000000,60.000000000000
27.841978161947,20.649759930146,19.921151882116
60.000000000000,60.000000000000,60.000000000000
18.038761080482,60.000000000000,4.914366197385
60.000000000000,60.000000000000,60.000000000000
26.349089231872,47.739957808986,23.007745481910
60.000000000000,60.000000000000,60.000000000000
30.040629320383,57.307980582352,1.232900284023
18.334790210470,60.000000000000,60.000000000000
30.784494242608,55.000289363238,59.077898560475
60.000000000000,60.000000000000,60.000000000000
30.563584247278,12.326630667707,30.846716709470
27.675606680968,31.861924157829,32.786204516016
26.911424525694,28.191316835382,53.416456829056
60.000000000000,42.773434232642,60.000000000000
25.833638207476,60.000000000000,27.752671519662
36.350741190131,37.757890493934,37.037927686424
60.000000000000,60.000000000000,60.000000000000
60.000000000000,0.000000000000,60.000000000000
34.205309268409,10.851947888115,35.306217868286
60.000000000000,0.000000000000,60.000000000000
60.000000000000,0.000000000000,60.000000000000
24.486308766597,33.207355786277,38.230877438381
40.138256856946,60.000000000000,22.398657597877
31.146391767639,29.064281748655,31.604265908790
25.612462193957,26.447666178615,35.757246848914
60.000000000000,60.000000000000,60.000000000000
27.414095014228,9.046086434082,52.491096997023
60.000000000000,60.000000000000,60.000000000000
28.990606594004,26.049126987453,5.617850038222
60.000000000000,60.000000000000,60.000000000000
20.613108047174,16.971089032193,46.418833909018
32.825461383738,31.974290343670,27.495378026089
25.182756638034,16.790768485729,34.720792231150
0.000000000000,0.000000000000,60.000000000000
60.000000000000,60.000000000000,60.000000000000
60.000000000000,0.000000000000,60.000000000000
57.850259461445,60.000000000000,19.777469407526
60.000000000000,0.000000000000,60.000000000000
60.000000000000,60.000000000000,60.000000000000
60.000000000000,0.000000000000,60.000000000000
3.899255025748,29.943675341364,34.409939047372
60.000000000000,60.000000000000,60.000000000000
26.139634626434,52.627169086636,49.911181000802
0.000000000000,16.535949927706,29.149310741144
30.504771722184,13.170148068422,12.317919054472
60.000000000000,0.000000000000,60.000000000000
34.325009640182,22.707927341588,60.000000000000
34.195168801332,27.908309623123,41.590897802791
12.631977793609,21.108405638422,45.140598988617
60.000000000000,0.000000000000,60.000000000000
60.000000000000,60.000000000000,60.000000000000
60.000000000000,0.000000000000,60.000000000000
30.764893758688,45.290889576954,14.124666979169
60.000000000000,0.000000000000,60.000000000000
60.000000000000,60.000000000000,60.000000000000
33.952131719552,24.893521929292,56.356014162671
60.000000000000,60.000000000000,60.000000000000
60.000000000000,60.000000000000,60.000000000000
44.121963246228,34.055903996954,13.533948063968
41.183639269391,39.602976635367,60.000000000000
60.000000000000,0.000000000000,60.000000000000
39.365574764829,60.000000000000,19.858900371192
28.088028912084,15.968639283335,41.657869646116
60.000000000000,60.000000000000,60.000000000000
60.000000000000,0.000000000000,60.000000000000
60.000000000000,60.000000000000,60.000000000000
60.000000000000,60.000000000000,60.000000000000
60.000000000000,0.000000000000,60.000000000000
39.135031976186,13.125616065558,42.171090732887
30.250713160911,33.787543271917,27.111142205105
26.585236313422,28.129399233500,48.436802918592
60.000000000000,60.000000000000,60.000000000000
60.000000000000,0.000000000000,60.000000000000
60.000000000000,0.000000000000,60.000000000000
31.395057186619,6.707874243736,23.626580217759
60.000000000000,60.000000000000,60.000000000000
32.185977129165,51.940067408496,4.060567277186
60.000000000000,0.000000000000,60.000000000000
60.000000000000,59.736461266121,60.000000000000
60.000000000000,60.000000000000,33.890530068403
60.000000000000,0.000000000000,60.000000000000
60.000000000000,60.000000000000,60.000000000000
36.463213355573,22.509002935448,6.445971983070
9.149252967260,20.202784222876,41.283977234321
50.586833946414,13.851360913588,36.192261130820
60.000000000000,60.000000000000,60.000000000000
60.000000000000,60.000000000000,60.000000000000
36.951963930859,31.903511247884,60.000000000000
41.086415474266,55.486095360617,46.444933256168
36.676061568103,25.220516875859,32.641233388896
42.082247363476,26.964775602306,35.399200612539
36.225298201056,20.751315439739,53.151906072664
42.564820603244,15.091601358796,9.383288770317
60.000000000000,0.000000000000,60.000000000000
39.123096864594,5.908627170836,8.460725162312
57.374384763949,45.710911649210,27.960746482349
35.747714176162,15.903458966140,26.246385649209
60.000000000000,60.000000000000,60.000000000000
37.721775247066,48.793204258082,4.505591226653
42.970189908249,33.208928045132,23.298328614002
37.218885246388,8.332892054639,29.766611523905
41.536998424023,24.265042181421,23.478360337063
37.201557993953,58.868763014168,54.356527417884
31.989836515043,17.409066173355,28.830657707388
2.567925530443,20.465944871940,44.118544933035
60.000000000000,0.000000000000,60.000000000000
42.513915058819,35.732718508219,26.693431706075
60.000000000000,0.000000000000,60.000000000000
34.449068610843,58.844590964927,6.265648060798
22.421090062904,31.394106524555,40.620476839180
32.464698682703,56.902822719092,59.668312757217
60.000000000000,0.000000000000,60.000000000000
40.610975707215,23.727932543341,38.124188541908
57.891567473178,2.769137233719,42.834065279554
1.492563629425,30.898979704158,34.013988768155
36.482532867295,33.947453490750,25.310231450967
36.350918815066,9.753179678171,52.576964478121
42.484492380735,33.437871576802,31.395500257987
60.000000000000,60.000000000000,60.000000000000
39.862189946510,28.270726039070,36.813080742483
40.758848106368,59.768402267426,11.019920822579
45.346227163583,6.388052353991,25.445615712441
38.815140502745,19.322619227013,48.236784218608
60.000000000000,0.000000000000,60.000000000000
46.432135425915,36.769018551241,50.956489260878
60.000000000000,0.000000000000,60.000000000000
34.545138898671,5.416712037416,40.193984625338
60.000000000000,60.000000000000,60.000000000000
37.177317075371,12.661478038575,20.953666582287
36.919606942735,20.975989412298,19.298223447481
60.000000000000,60.000000000000,60.000000000000
16.056127411513,16.352018353031,35.235708449915
39.563571566795,19.497007867202,51.409080981211
60.000000000000,0.000000000000,60.000000000000
41.104349267308,28.393985955748,2.110694916645
60.000000000000,0.210978787542,32.698085197664
60.000000000000,0.000000000000,60.000000000000
30.837186416720,13.880024692827,41.550078407296
38.385970670997,14.219515003427,52.695903664300
60.000000000000,0.000000000000,60.000000000000
49.779140029330,51.375085276867,51.579739604856
60.000000000000,60.000000000000,60.000000000000
40.236498362172,37.130862466332,2.862506571387
39.455502842997,37.288183664437,34.695018269933
60.000000000000,0.000000000000,60.000000000000
60.000000000000,60.000000000000,60.000000000000
60.000000000000,60.000000000000,60.000000000000
44.326062057140,60.000000000000,38.882955097557
37.607973792082,17.884084672582,56.712297886343
44.325774690992,42.942431560836,43.687761601901
40.975562027355,9.946402789594,51.739567433349
60.000000000000,60.000000000000,60.000000000000
34.424567147400,54.172664544650,58.724824480050
60.000000000000,0.000000000000,60.000000000000
60.000000000000,0.000000000000,60.000000000000
60.000000000000,15.334398017973,44.746068708790
27.884707088986,48.120113701469,46.567847449639
0.641544926131,44.728688144471,16.562952106286
36.729810921116,55.908283418113,53.193864271987
3.364587618455,4.868762861816,58.594903419900
41.476868521218,38.101099591899,44.632462110767
60.000000000000,60.000000000000,60.000000000000
37.830630234234,3.493442274120,8.210315103875
6.085415409234,60.000000000000,42.251687003702
35.779087561047,13.724966272423,32.697956995042
57.843744456569,44.084096705033,15.069167298902
39.684043406410,22.710243864298,1.127391136635
38.289920103576,23.209531733589,29.971328293658
39.645280030285,30.609521734838,17.544164681652
43.370227407641,27.459875810355,39.387723213356
58.946392840333,25.313210269364,52.486022606712
60.000000000000,0.000000000000,60.000000000000
60.000000000000,0.000000000000,60.000000000000
42.702843605283,25.483269679757,24.668018324482
33.972155178222,1.977377487093,56.517835486331
38.928773258539,25.597226475697,35.835515158659
40.467700901295,41.518901915606,3.046611697289
0.000000000000,60.000000000000,60.000000000000
34.658816173456,11.548275465706,44.159445364853
30.186141109491,47.297576727657,14.578919188586
34.002184339704,21.252702689970,0.690818086334
60.000000000000,0.000000000000,60.000000000000
41.573116168761,47.166891043993,13.408124452605
60.000000000000,0.000000000000,60.000000000000
35.601076879747,27.422755304016,25.644105300270
60.000000000000,0.000000000000,60.000000000000
43.103542784881,18.484312817693,47.670218958822
60.000000000000,60.000000000000,60.000000000000
32.932234550422,22.612765778950,4.214114019642
60.000000000000,60.000000000000,60.000000000000
60.000000000000,0.000000000000,60.000000000000
60.000000000000,0.000000000000,60.000000000000
20.689392313288,23.409867834415,28.519917991839
60.000000000000,0.000000000000,60.000000000000
41.442841345879,50.434184757642,18.796154342832
60.000000000000,0.000000000000,60.000000000000
35.741750018732,45.102677643478,7.051492319254
43.148720505961,33.897863141934,37.136311222327
49.141224413496,6.849039742284,36.222537008838
45.735425896457,42.110748208553,48.603359622556
27.161532878404,38.360671922626,51.584893762574
47.118762628837,43.848207092163,47.503606274660
42.327848240209,32.135608779591,17.919965312121
23.118579278230,22.522384527588,25.860036513340
36.839674611002,1.841953446343,11.199148780956
60.000000000000,0.000000000000,60.000000000000
60.000000000000,0.000000000000,60.000000000000
21.627253721886,5.590859217721,60.000000000000
40.852742859049,12.900700176673,41.051888040402
60.000000000000,0.000000000000,60.000000000000
34.820788450479,12.610281086784,50.193557817357
60.000000000000,0.000000000000,60.000000000000
36.052301502133,51.189841883801,12.467302856106
60.000000000000,0.000000000000,60.000000000000
40.076588546651,19.743101237765,57.980855447125
60.000000000000,0.000000000000,60.000000000000
36.555709454421,6.544442866180,49.898993492502
60.000000000000,0.000000000000,60.000000000000
41.996435581683,52.804046803778,3.762269761118
47.161817050692,27.539569597121,19.808698005223
60.000000000000,0.000000000000,60.000000000000
60.000000000000,60.000000000000,60.000000000000
41.146652370102,45.119476397813,20.867839973221
38.517499854345,37.096310586300,31.000496073688
41.128054405359,13.419824110194,42.689433670889
60.000000000000,0.000000000000,60.000000000000
38.621193179892,50.006001937149,44.769373682959
60.000000000000,0.000000000000,60.000000000000
37.197930798768,36.182144605171,54.375803238196
60.000000000000,0.000000000000,60.000000000000
43.991302545734,49.786620693217,23.365614338118
16.823858176518,60.000000000000,3.735908870812
35.413185451930,48.567520844614,17.667098825439
38.833898227960,33.654459049972,24.481843433093
60.000000000000,60.000000000000,60.000000000000
19.554218177862,14.355389669550,17.631360055824
40.824193633315,15.291761355432,2.674070050273
14.689109136066,58.727680395843,7.489146095578
60.000000000000,0.000000000000,60.000000000000
36.299624624040,22.787370229941,26.333355287361
41.121211068157,57.933943762073,58.330026023394
39.244161516440,25.037872837029,24.872921614878
60.000000000000,0.000000000000,60.000000000000
60.000000000000,0.000000000000,60.000000000000
60.000000000000,0.000000000000,60.000000000000
60.000000000000,0.000000000000,60.000000000000
60.000000000000,60.000000000000,60.000000000000
31.315745840471,54.057894723075,36.644056926162
42.199495158741,0.495802374934,36.666211339057
38.976718299773,39.107120579059,38.489684626813
48.248191710022,45.546181720318,28.841282471304
38.944507400884,30.018311983517,28.998253617364
58.749528796291,59.013397260631,14.168801800624
60.000000000000,0.000000000000,60.000000000000
39.928127220979,21.144211941572,25.554517301451
60.000000000000,60.000000000000,60.000000000000
32.713861088207,25.053104046031,50.086225624741
60.000000000000,0.000000000000,60.000000000000
60.000000000000,0.000000000000,60.000000000000
60.000000000000,0.000000000000,60.000000000000
28.320385485874,50.839291691325,29.909364090097
60.000000000000,0.000000000000,60.000000000000
38.075620385660,1.620945476786,26.557873882024
44.473809997150,53.192778616690,9.879039203684
60.000000000000,34.175206769135,52.457536105016
60.000000000000,0.000000000000,60.000000000000
28.509356622310,43.340317831491,5.594518440734
0.000000000000,0.000000000000,60.000000000000
41.838694409369,21.511894939783,19.045734603767
60.000000000000,0.000000000000,60.000000000000
39.204272821976,8.005505888483,14.548869872239
60.000000000000,0.000000000000,60.000000000000
38.462489522274,21.369060932742,45.345607811120
60.000000000000,0.000000000000,60.000000000000
60.000000000000,60.000000000000,60.000000000000
41.237833440273,31.697796161099,32.180663368863
37.761636233997,30.833942845774,29.078620330927
60.000000000000,0.000000000000,60.000000000000
60.000000000000,0.000000000000,60.000000000000
60.000000000000,0.000000000000,60.000000000000
39.969057022306,0.823512920379,26.477582703461
60.000000000000,0.000000000000,60.000000000000
60.000000000000,0.000000000000,7.403323121650
0.000000000000,0.000000000000,10.545551628373
60.000000000000,0.000000000000,60.000000000000
60.000000000000,60.000000000000,60.000000000000
60.000000000000,0.000000000000,60.000000000000
37.835999293475,55.064128853736,12.269856166495
36.462192188983,20.973320308389,24.840868015164
60.000000000000,0.000000000000,60.000000000000
41.286934157391,54.782959273009,9.334128672465
55.602376300920,6.821815612697,38.908789212416
40.841746904426,47.655252811865,6.456720982555
60.000000000000,0.000000000000,60.000000000000
31.866933273590,56.636740115401,27.632339843762
60.000000000000,0.000000000000,60.000000000000
36.827068012485,21.771979679462,59.142270707214
60.000000000000,60.000000000000,60.000000000000
40.128603320402,1.831701373947,14.294183193134
60.000000000000,0.000000000000,60.000000000000
36.283583564689,47.091896847609,0.361338046735
60.000000000000,0.000000000000,60.000000000000
60.000000000000,60.000000000000,60.000000000000
60.000000000000,0.000000000000,0.000000000000
19.202091837548,31.364408273986,5.908535271965
60.000000000000,0.000000000000,60.000000000000
37.316285399774,41.405500842546,58.718800725778
60.000000000000,25.176991222047,28.243097273432
40.833278423850,0.787747113000,0.525974398068
0.128647595971,60.000000000000,26.408605496529
17.757789430323,18.318100890071,43.555823811636
25.018582733892,16.944282548432,40.180568359589
38.044907971617,26.453399599787,4.433240990084
25.360598536234,54.709998889278,29.783455587074
40.802290358080,23.223058160212,24.243062765330
60.000000000000,60.000000000000,60.000000000000
48.127569851190,54.460329418057,58.771726809315
60.000000000000,0.000000000000,60.000000000000
10.684647599995,17.192821626829,42.962461137041
60.000000000000,0.000000000000,60.000000000000
60.000000000000,31.207949363235,56.598438740176
11.287695655400,7.971751269157,1.809145749489
51.990483483466,27.784204247265,60.000000000000
36.342830682773,25.385735914593,23.402297871696
38.545790505841,37.547869415024,6.032013602708
60.000000000000,0.000000000000,60.000000000000
37.439047794201,43.843839681301,24.451402470698
60.000000000000,0.000000000000,60.000000000000
34.283343137166,37.955398275545,32.093794065922
60.000000000000,0.000000000000,60.000000000000
50.664475101560,60.000000000000,27.657631198424
4.198656538611,31.061937451057,60.000000000000
1.289521336160,29.919036123101,51.734037709741
43.069475481438,60.000000000000,20.284921570728
60.000000000000,60.000000000000,60.000000000000
33.210186199387,0.000000000000,31.959122068644
60.000000000000,60.000000000000,0.000000000000
60.000000000000,0.000000000000,60.000000000000
58.170054195669,25.348713461530,32.568618642882
60.000000000000,0.000000000000,60.000000000000
32.902475580416,60.000000000000,60.000000000000
60.000000000000,60.000000000000,60.000000000000
41.093148543693,49.023411881973,0.191721254929
28.578356028194,23.618192541127,2.340321289797
35.371647591813,34.854216007423,58.558260858633
60.000000000000,60.000000000000,60.000000000000
38.413063855302,7.222493891701,19.958564767574
36.266006792953,31.523691819169,20.969704708024
54.760627700243,43.450662119269,52.785835324558
60.000000000000,0.000000000000,60.000000000000
60.000000000000,0.000000000000,60.000000000000
60.000000000000,0.000000000000,60.000000000000
57.325691119933,49.020689852185,7.572307747161
60.000000000000,60.000000000000,60.000000000000
37.561859240572,0.000000000000,31.872650863808
60.000000000000,0.000000000000,60.000000000000
60.000000000000,0.000000000000,60.000000000000
35.098583469583,60.000000000000,42.082119147391
13.178786313111,25.371856350211,29.618195319230
60.000000000000,60.000000000000,57.509152752886
46.398865802783,48.111086093514,35.337356903089
7.344283561178,25.938753518638,26.355378936393
35.814437736724,18.816974310870,50.572938783504
60.000000000000,0.000000000000,60.000000000000
41.000407307419,46.825433515994,1.836151853061
60.000000000000,0.000000000000,60.000000000000
57.059434031257,60.000000000000,49.801975457932
60.000000000000,0.000000000000,60.000000000000
60.000000000000,11.264735139396,43.960289322329
60.000000000000,0.000000000000,60.000000000000
40.460680046929,3.204397314537,30.181641817774
60.000000000000,0.000000000000,60.000000000000
57.018755198414,60.000000000000,38.787706613487
60.000000000000,0.000000000000,60.000000000000
41.046896947932,7.457841756318,43.687205951708
41.889495260851,14.635994542098,60.000000000000
34.191041955047,31.352560020094,38.980346766305
60.000000000000,0.000000000000,60.000000000000
60.000000000000,60.000000000000,6.589407552300
41.788926323877,35.648441942815,60.000000000000
29.165133143737,60.000000000000,0.000000000000
60.000000000000,0.000000000000,0.000000000000
47.790572822053,35.746822640023,39.236153061100
60.000000000000,0.000000000000,60.000000000000
49.543388566276,39.428017493144,49.280339508138
43.847197666982,30.981125989085,33.871793562289
56.028569061039,35.431762821386,30.714386398158
60.000000000000,0.000000000000,60.000000000000
45.767056265705,40.102666757629,4.335956629229
60.000000000000,0.000000000000,60.000000000000
52.155680939250,2.353150035579,48.658104411612
47.257645145198,38.282714641369,36.259763316413
39.336130327191,52.645399342772,40.875138935490
48.008926169935,39.447200168304,38.453121099311
49.041376992012,21.753398607660,45.864674440959
47.996579225607,44.177916602784,34.107434531990
43.232587578390,45.338728188074,57.977243913749
60.000000000000,40.212113853206,4.300254543649
22.373019914059,58.798385825745,6.354840800119
60.000000000000,0.000000000000,60.000000000000
33.659644961229,54.227593271423,33.036511859216
45.874648852668,34.924440960143,29.847319803435
36.484157320305,13.692392585422,1.589520700349
23.181357291135,8.300898717121,60.000000000000
6.370944480309,59.673435042050,47.328046405476
60.000000000000,0.000000000000,60.000000000000
60.000000000000,0.000000000000,60.000000000000
47.414412081563,22.443590375252,39.080376706506
42.852575145982,14.611220010886,23.767446351356
47.255329249426,38.177518100850,25.047912984678
39.981770556517,5.476384605553,29.811939438031
60.000000000000,0.000000000000,60.000000000000
47.954214025748,3.351664422548,6.648597061051
56.290254263826,49.453539437310,7.419050136297
22.930065195655,60.000000000000,48.812146095927
7.059444368007,60.000000000000,60.000000000000
60.000000000000,0.000000000000,60.000000000000
60.000000000000,60.000000000000,60.000000000000
44.928603249645,35.026962960950,9.309168805688
50.644535698541,34.907727578539,31.600557947191
60.000000000000,0.000000000000,60.000000000000
43.787483118670,30.687414868755,58.059843669334
48.320755577218,47.718951646151,48.541649462906
34.544006615656,44.046712715082,14.718845611361
24.183550365217,56.983142247271,58.306735217764
18.111585521406,45.187817406544,8.599603219869
49.819858704999,10.547430129261,51.779509923556
60.000000000000,0.000000000000,60.000000000000
45.308358080562,55.829118499173,23.666942396210
60.000000000000,0.000000000000,60.000000000000
44.654288840327,14.166802605235,44.247795739634
44.393029687525,33.595718049706,32.303230487018
47.947904630502,30.600339752722,37.082638650778
48.739800989866,25.379764450216,37.278524481003
49.570135164799,18.173684142072,49.628528594169
51.773183144630,36.184175765994,38.828805896686
18.844625577342,23.528059758229,60.000000000000
59.931749586487,29.035871375438,1.203103031826
10.077045234379,52.536639629198,37.713299946720
44.327063433087,45.936495041702,60.000000000000
0.000000000000,60.000000000000,41.344542920478
60.000000000000,0.000000000000,60.000000000000
49.581820402589,28.521392062599,36.198757904954
60.000000000000,0.000000000000,60.000000000000
60.000000000000,0.000000000000,60.000000000000
60.000000000000,0.000000000000,60.000000000000
60.000000000000,22.709791961972,22.259408587476
48.633958420306,32.664098623908,25.537399791963
46.945128210508,16.932530574518,37.420879118522
60.000000000000,60.000000000000,60.000000000000
48.139799720922,0.360784852919,31.919228712805
60.000000000000,34.237263314109,24.873399273638
41.720557122597,8.927275493390,26.299183902178
50.027370020920,36.053904908277,27.199231164328
60.000000000000,60.000000000000,22.038800886098
16.802623946258,3.421524525521,20.578337612509
45.632219524470,10.758965223728,17.313785784888
47.371634754434,24.847114146731,20.675958938079
49.137333417707,32.423152583041,43.844455046579
34.902057389568,13.147054894652,9.847573523405
49.161853936180,10.218790425917,47.879631130329
50.406393496974,21.209537362093,29.758038728195
46.050936774397,22.507466515133,26.476886618659
60.000000000000,60.000000000000,60.000000000000
43.904874025307,43.527984466281,10.620952983268
45.619986333403,35.890418009724,21.301744222411
43.481574331840,41.554662329942,8.690451598296
30.175710735802,26.209556599070,51.154436713791
43.052541698240,51.054606913916,22.450654858045
48.273505134905,22.481592222430,22.128001618361
47.453342652495,34.489283187666,57.000192284697
60.000000000000,0.000000000000,60.000000000000
49.901294944509,0.000000000000,19.713641054297
12.704488877191,43.144242263412,4.601527363739
47.033170307218,7.546390326930,39.287982641176
46.133805887055,27.263159106583,22.806702452665
49.772084066016,45.263587016096,30.550633310921
11.067773084525,15.513382076938,41.824523194765
43.915302496433,22.942134752860,13.632912118818
46.882614688171,22.175295477900,27.152898308186
46.186560393266,58.705984081570,6.691249093352
46.702324982662,38.373880508877,29.273090642236
44.381693406642,17.265189261255,51.612561614793
60.000000000000,60.000000000000,60.000000000000
45.435912199391,8.170409402471,9.067124099829
60.000000000000,60.000000000000,60.000000000000
5.036116321524,6.475115097481,38.134729221839
60.000000000000,33.786725884995,26.938629854612
19.558236600080,5.410942070372,45.954640188314
60.000000000000,60.000000000000,60.000000000000
47.033499853044,36.706420213254,43.221153267160
60.000000000000,60.000000000000,60.000000000000
30.923286014822,21.562815185502,1.539236322848
60.000000000000,60.000000000000,60.000000000000
42.955737113965,6.636532662376,1.333539505103
60.000000000000,60.000000000000,60.000000000000
37.362763750691,23.612166056762,2.527567731237
47.666124388645,19.351528523668,31.299812495386
49.323707692766,33.057041789068,8.608869273109
60.000000000000,60.000000000000,60.000000000000
27.454048113629,2.991695235329,34.593677747866
60.000000000000,60.000000000000,60.000000000000
50.529869340183,17.271392263030,17.903665762627
21.979498699720,27.965814235522,39.192830349990
43.827028169588,1.656235042975,16.815124666234
60.000000000000,60.000000000000,60.000000000000
50.795890674927,13.073926617576,60.000000000000
47.959897164242,30.130762152500,25.198798541681
57.156869855400,19.588594742144,38.525750149378
60.000000000000,60.000000000000,60.000000000000
48.444814166814,37.173887027413,1.223646156572
60.000000000000,60.000000000000,60.000000000000
45.593751504106,11.925870536591,49.344065389806
60.000000000000,60.000000000000,60.000000000000
56.684074398158,27.128324569584,43.111524626377
60.000000000000,60.000000000000,60.000000000000
50.148792682616,14.103559867231,57.464504815802
60.000000000000,60.000000000000,60.000000000000
48.483667839460,11.447276153769,3.695350733791
60.000000000000,60.000000000000,60.000000000000
60.000000000000,47.687473714965,11.701531348973
60.000000000000,60.000000000000,60.000000000000
43.863311068218,10.047452650167,51.706140797757
22.654503319688,39.792360646733,30.917201685558
60.000000000000,60.000000000000,60.000000000000
60.000000000000,60.000000000000,60.000000000000
49.682468861510,8.484209431113,33.248922272801
60.000000000000,60.000000000000,60.000000000000
46.551692631218,38.175617301381,57.929207985219
60.000000000000,60.000000000000,60.000000000000
44.774192997244,42.211570573159,52.286336437187
45.859148050706,39.025353048516,29.117469879596
45.817968961568,20.535160606881,51.752525680384
60.000000000000,60.000000000000,60.000000000000
44.723138221483,45.075848051917,50.119499553913
45.360816083762,29.510477420089,37.201006525065
45.508936423203,2.019049713804,2.423289663422
38.141642706950,16.550075963410,23.109145042985
47.343367637078,53.632127423215,60.000000000000
50.167203135819,40.641057810396,20.029377982457
44.866653955730,2.875581656398,42.174633691744
44.462206932230,20.410758415537,22.942881928575
60.000000000000,52.552798860505,17.255779806205
60.000000000000,60.000000000000,60.000000000000
51.498559408017,57.018004462800,8.385843496240
60.000000000000,60.000000000000,60.000000000000
60.000000000000,60.000000000000,60.000000000000
4.002212180577,49.587003908585,8.590499611628
48.157858487053,37.540010138490,12.346171710671
0.000000000000,60.000000000000,60.000000000000
40.307622010308,57.477146951929,33.821146814919
43.697716827060,31.982646327942,28.817906499425
45.760912131790,38.119926056202,33.181771824877
60.000000000000,60.000000000000,60.000000000000
43.793730548490,28.699773615393,43.090537429419
60.000000000000,60.000000000000,60.000000000000
60.000000000000,60.000000000000,60.000000000000
60.000000000000,60.000000000000,60.000000000000
60.000000000000,60.000000000000,60.000000000000
60.000000000000,60.000000000000,60.000000000000
49.604851665368,4.395033515881,38.117174276584
60.000000000000,60.000000000000,60.000000000000
49.572250171361,56.258677933362,11.508960897114
3.237645691127,60.000000000000,2.628577236244
60.000000000000,60.000000000000,60.000000000000
60.000000000000,60.000000000000,60.000000000000
55.926246795309,23.178077867752,47.013360235401
60.000000000000,60.000000000000,60.000000000000
60.000000000000,60.000000000000,60.000000000000
60.000000000000,60.000000000000,60.000000000000
45.524651151313,36.450762291673,5.820715372660
60.000000000000,60.000000000000,60.000000000000
49.471873914876,32.990534204766,18.990222258937
60.000000000000,60.000000000000,60.000000000000
60.000000000000,60.000000000000,60.000000000000
60.000000000000,60.000000000000,60.000000000000
60.000000000000,60.000000000000,60.000000000000
60.000000000000,60.000000000000,40.636898320274
60.000000000000,60.000000000000,60.000000000000
48.262089681536,46.122550551866,36.407808881738
60.000000000000,60.000000000000,60.000000000000
53.269228191947,49.923572704748,16.617309916949
28.377735870109,24.617545848144,3.864852674377
47.538200198322,37.500119063617,29.042510007603
56.897430106754,59.405732069771,19.054060623608
60.000000000000,60.000000000000,60.000000000000
49.916179369916,30.288611814321,40.247349460450
16.258534109864,48.488340665006,4.084807926666
60.000000000000,60.000000000000,60.000000000000
60.000000000000,60.000000000000,60.000000000000
25.581730935546,4.530245892453,3.774582698624
49.051748046031,29.494439592068,33.472898535969
47.900437729137,31.018116586739,1.251355233108
60.000000000000,60.000000000000,60.000000000000
49.142956925344,41.396638536099,35.399458306696
60.000000000000,60.000000000000,60.000000000000
44.626823848445,37.282967115035,40.982199622096
8.117374415700,0.333740299702,0.000000000000
42.159573000815,31.458608762360,17.337174895148
60.000000000000,60.000000000000,60.000000000000
37.060743613474,60.000000000000,44.296587424744
33.803906766076,45.460745228492,60.000000000000
42.271546068568,17.647045054529,33.000464828616
9.084871322611,60.000000000000,60.000000000000
48.691062781709,40.131852411826,49.019875663845
60.000000000000,60.000000000000,60.000000000000
43.649717731358,7.248662481797,42.375830177694
54.514594972460,15.179256014331,32.184758860898
49.652618959303,11.537080779890,6.190801163935
50.038653107167,26.709577139279,26.064422694631
47.919955939078,3.095565586187,13.193738205481
46.870338898653,30.988387025630,30.739517562896
50.510322840424,21.747805530203,12.716804675935
60.000000000000,60.000000000000,60.000000000000
50.212072465419,6.548713373521,8.420467285962
33.634802282070,37.332105745279,43.958416613929
49.481430100294,23.828566494913,0.095759408317
60.000000000000,60.000000000000,60.000000000000
60.000000000000,60.000000000000,35.567330467824
34.270263786165,18.856613525993,47.638666853049
51.671756608605,27.810651518601,32.912145332573
60.000000000000,27.136638051219,16.691084370117
60.000000000000,60.000000000000,60.000000000000
51.072007214343,26.465247801120,21.650855562137
43.927350725322,59.021792024854,43.555390928458
60.000000000000,60.000000000000,60.000000000000
48.533971634495,16.661588128634,54.965604337921
60.000000000000,60.000000000000,60.000000000000
60.000000000000,60.000000000000,60.000000000000
60.000000000000,60.000000000000,60.000000000000
50.367793466357,28.737966011651,13.044760490085
60.000000000000,60.000000000000,60.000000000000
40.734779905888,24.370279550118,59.253489977514
52.237535610872,30.190535575783,26.061939945923
22.197624640752,21.829965392178,60.000000000000
46.225490466657,28.751691722273,27.239968811633
0.000000000000,60.000000000000,60.000000000000
60.000000000000,60.000000000000,60.000000000000
51.050543935062,3.943334688069,37.512845485541
60.000000000000,60.000000000000,60.000000000000
4.970612827851,60.000000000000,60.000000000000
60.000000000000,60.000000000000,60.000000000000
44.151567284401,52.451011177517,15.011555599223
60.000000000000,60.000000000000,60.000000000000
55.237953133277,35.900974356319,7.957558231792
17.748716699964,60.000000000000,16.026523744442
48.254834812145,56.277048954526,21.152365113012
2.431349858063,48.303570026449,38.393077758413
23.844748960353,55.688705124876,50.956788948680
60.000000000000,60.000000000000,60.000000000000
60.000000000000,60.000000000000,60.000000000000
60.000000000000,54.337524960695,59.290206297966
43.807692015527,18.122034932375,0.908792609567
60.000000000000,0.000000000000,60.000000000000
19.398960451156,14.196119366617,29.144688411692
60.000000000000,60.000000000000,60.000000000000
60.000000000000,60.000000000000,60.000000000000
46.582641451681,33.063233041265,33.148779293393
41.345009309684,8.865425260100,45.976747373261
60.000000000000,60.000000000000,60.000000000000
48.288744415660,47.419455983496,13.828814298756
51.561240207940,32.974889662324,55.034183940526
42.272587785641,21.110128626182,59.065461471997
60.000000000000,60.000000000000,60.000000000000
48.115980348670,37.388184381041,20.251757154344
60.000000000000,60.000000000000,60.000000000000
13.440816527325,60.000000000000,60.000000000000
60.000000000000,7.598412983148,60.000000000000
39.610329159778,8.154003013954,60.000000000000
60.000000000000,60.000000000000,60.000000000000
48.378213163417,48.451119927773,10.243028159700
60.000000000000,60.000000000000,11.754185047905
25.138695142318,1.625650102501,51.832112207005
60.000000000000,60.000000000000,60.000000000000
51.129267440349,8.434107326924,3.841789888852
48.997966178150,30.518548085999,29.550282427443
46.930864760739,9.799366406703,10.539040427112
60.000000000000,60.000000000000,60.000000000000
50.953423383170,29.203032135079,51.354607986655
42.750389665563,36.063847405435,26.992899576265
60.000000000000,60.000000000000,60.000000000000
60.000000000000,60.000000000000,60.000000000000
52.208476121368,46.704350764492,9.683655042058
41.731328732496,39.742128888657,20.854322909346
52.008376343117,20.564899857153,48.773536536113
55.325845176118,34.137779377332,28.322093490137
52.687622644731,0.136926909160,26.365381953533
60.000000000000,0.000000000000,60.000000000000
54.174211041062,20.756634784775,26.745733473635
54.179925036532,22.196078102249,35.683386430520
51.234936079645,54.223893132903,53.875296171395
51.806279157811,31.242793316754,39.223313032816
56.481524415861,41.961013366512,19.149370992127
58.674363574443,26.260429756374,41.545957936582
57.257663811792,34.741321960679,27.866073394786
60.000000000000,0.000000000000,60.000000000000
31.262029652091,32.012228372117,2.983915970180
60.000000000000,0.000000000000,60.000000000000
57.740006127969,6.386414025913,13.930529946175
60.000000000000,0.000000000000,60.000000000000
57.895345091620,21.946348901955,1.601786075238
52.657802902448,39.464264224033,36.802743508103
58.142675765915,9.114531921843,17.182167878847
25.071064968146,32.763092470461,32.973263493054
54.192209478667,40.039150406325,42.204087375186
51.362780359259,25.058333874712,20.016291937181
26.119184650481,6.308160768477,1.807563064691
38.905157679522,28.479195197142,33.027350625361
18.923736226249,60.000000000000,30.117450762092
54.974948471257,30.513838839962,31.522167572852
44.195475860284,30.305596067392,17.981637176256
52.928843691383,22.979509420038,25.528739979888
57.733048821948,41.852807131661,34.351171612785
60.000000000000,0.000000000000,60.000000000000
22.474627496539,53.140716714046,39.390037936329
54.867078921339,24.297723048745,35.695831191135
57.539086344185,12.487510391626,28.011264157417
60.000000000000,0.000000000000,60.000000000000
53.514016294479,49.118083182469,22.476337444641
59.950369085387,39.758935415185,28.566513081589
53.853274613922,24.525877533049,54.054954181647
58.985656165717,33.759934923597,26.010392984847
54.238017073512,36.219160084241,8.662662195949
4.781037138928,16.194165822099,5.571894129092
60.000000000000,60.000000000000,60.000000000000
60.000000000000,0.000000000000,60.000000000000
27.865745955930,13.919726137695,60.000000000000
42.771500297367,16.982315210151,33.098807200581
53.680873145718,38.516057837155,24.779877817648
60.000000000000,0.000000000000,60.000000000000
51.350821643843,4.890974479755,51.151716834114
54.623892122413,32.657223928559,30.558587103509
58.224918593623,39.013006963726,23.296699666140
60.000000000000,0.000000000000,60.000000000000
58.157191871293,7.853629355681,37.288415183346
41.679423489677,34.210410535976,4.173296875604
49.855699745539,28.364675507592,10.556356765621
33.876051235663,3.672501281887,34.669234145164
60.000000000000,60.000000000000,60.000000000000
55.009426744743,35.885051226723,23.926750759471
60.000000000000,27.503261702143,10.032455971575
60.000000000000,0.000000000000,60.000000000000
60.000000000000,0.000000000000,60.000000000000
57.678269893256,39.057209451438,33.743856031346
46.014741896854,54.390163949865,18.909810001342
17.983958135182,31.054594044713,31.008597127837
60.000000000000,0.000000000000,60.000000000000
57.271118117811,30.000352038051,33.713864592098
51.787431670908,17.352020141930,17.028329957812
60.000000000000,33.729534216704,21.879523181610
55.122290106341,50.839772670235,12.029271332965
60.000000000000,0.000000000000,60.000000000000
53.260679094323,31.267805009132,54.518946855922
60.000000000000,0.000000000000,60.000000000000
58.409390322627,46.825265082874,60.000000000000
60.000000000000,60.000000000000,60.000000000000
60.000000000000,60.000000000000,60.000000000000
52.131201478277,32.165934865976,48.205478851922
53.207913326181,9.211065477390,35.069317496615
44.964573464329,7.397546940708,57.837499001358
60.000000000000,0.000000000000,60.000000000000
53.212310207784,22.904539562389,40.864733849148
53.476033170067,56.035955923432,18.777147018539
60.000000000000,37.087375424762,38.196406892231
60.000000000000,0.000000000000,60.000000000000
38.189012398191,29.576248647668,42.534654206495
56.331484290265,59.096363446211,15.148200838425
60.000000000000,0.000000000000,60.000000000000
60.000000000000,0.000000000000,60.000000000000
55.141180487428,37.598048467263,27.914721293755
20.377611013225,25.171413232624,53.318321185666
26.442387982112,16.256096262246,7.155164659784
58.316443554924,53.567928806252,55.836659088646
41.506643258827,20.715212323805,30.439053787984
58.028851518272,13.505860914503,20.808579414049
51.816034149519,29.787408912635,27.742987196027
24.811678212676,56.087319941909,5.150407894274
60.000000000000,60.000000000000,60.000000000000
41.853460862687,13.696005411376,41.739637198418
60.000000000000,60.000000000000,60.000000000000
0.000000000000,60.000000000000,47.054837649555
51.523585288621,26.938828984037,29.196124041781
55.269333001530,47.844636329126,29.775094495523
60.000000000000,39.847968217089,26.369038782181
54.038077300580,51.030373631220,51.571997054488
60.000000000000,60.000000000000,60.000000000000
60.000000000000,60.000000000000,0.000000000000
40.717909839758,55.705870758163,37.072759287473
53.595728011669,5.336327425266,14.364283621801
60.000000000000,60.000000000000,60.000000000000
60.000000000000,60.000000000000,60.000000000000
60.000000000000,60.000000000000,60.000000000000
0.000000000000,60.000000000000,53.023097662518
60.000000000000,60.000000000000,60.000000000000
53.110502854764,22.633379347783,44.033053699822
60.000000000000,60.000000000000,60.000000000000
58.102443306394,49.514396240082,17.301974653141
60.000000000000,60.000000000000,60.000000000000
53.774397354058,12.607421896226,45.906777057910
60.000000000000,60.000000000000,60.000000000000
53.423366595439,22.261843419703,16.764851445367
60.000000000000,26.502250652747,27.051833577869
36.743395519177,56.543474017834,18.177792388247
60.000000000000,60.000000000000,60.000000000000
59.817505180204,3.974797178853,22.472368141001
60.000000000000,53.281001203253,19.769851629996
54.268549186962,6.372746659803,57.291044030471
54.816992296413,30.973995531896,20.498896403183
26.442173603106,45.614604993929,39.567130013898
60.000000000000,60.000000000000,60.000000000000
34.239803778736,2.017747712616,31.673414644497
60.000000000000,60.000000000000,60.000000000000
53.819662645331,30.831328577670,26.078543846376
60.000000000000,60.000000000000,60.000000000000
57.145889573256,43.962316778557,23.735695382068
60.000000000000,60.000000000000,60.000000000000
53.087320590808,27.180962121363,16.032677800072
60.000000000000,60.000000000000,60.000000000000
30.737605653293,6.278374328560,11.027498846358
60.000000000000,60.000000000000,60.000000000000
55.512825939940,55.934161420404,17.557779645567
60.000000000000,60.000000000000,60.000000000000
47.714370360630,19.403248125369,1.027256154268
56.942255353031,23.598977659138,26.498609688361
60.000000000000,60.000000000000,60.000000000000
60.000000000000,60.000000000000,60.000000000000
52.428442539260,28.167055411631,21.778321196516
60.000000000000,60.000000000000,60.000000000000
55.929978264997,40.254099775319,1.335452565839
60.000000000000,60.000000000000,60.000000000000
57.642059031273,25.578123369497,17.233202011427
56.106000174820,20.315425856387,33.047844518638
58.846670058197,52.955853795841,24.386470798659
60.000000000000,60.000000000000,60.000000000000
60.000000000000,60.000000000000,60.000000000000
55.151827011677,38.405186103051,21.031608015184
49.288622214661,53.830562345614,4.959835259450
53.623874536741,23.407396274038,33.288839930587
54.214886723017,60.000000000000,30.291668994862
60.000000000000,60.000000000000,60.000000000000
60.000000000000,60.000000000000,60.000000000000
52.043336360461,35.522039973263,20.699820190784
55.206635739165,19.051956074837,58.730083242108
60.000000000000,60.000000000000,60.000000000000
60.000000000000,60.000000000000,60.000000000000
60.000000000000,60.000000000000,60.000000000000
60.000000000000,50.048877144488,0.893044518207
52.793590640985,33.922355110927,27.983616075644
54.206739300191,14.850370421487,47.943183420175
60.000000000000,60.000000000000,60.000000000000
55.095513958586,4.699967353067,30.523568759280
60.000000000000,60.000000000000,60.000000000000
32.428051831076,13.800854977874,37.508664815317
60.000000000000,28.113725630852,12.952565450852
56.429619336225,35.863803636038,0.539612767418
0.000000000000,60.000000000000,60.000000000000
60.000000000000,60.000000000000,60.000000000000
60.000000000000,60.000000000000,60.000000000000
60.000000000000,60.000000000000,60.000000000000
60.000000000000,0.000000000000,28.344708396270
33.283674118438,10.620936667886,45.074179596895
60.000000000000,60.000000000000,60.000000000000
58.101732863612,51.785594895013,55.796212283791
56.896818537046,19.982845615002,38.221131271794
60.000000000000,39.148528178960,19.731202704356
60.000000000000,60.000000000000,60.000000000000
27.977991313831,12.112126370598,25.865862738695
60.000000000000,60.000000000000,60.000000000000
60.000000000000,60.000000000000,60.000000000000
60.000000000000,60.000000000000,60.000000000000
51.541144108721,4.232446689104,57.469371797266
60.000000000000,60.000000000000,60.000000000000
36.312693458674,46.116306402244,17.615545653051
60.000000000000,60.000000000000,60.000000000000
56.553041864360,60.000000000000,48.750915452640
60.000000000000,60.000000000000,60.000000000000
60.000000000000,60.000000000000,60.000000000000
60.000000000000,60.000000000000,60.000000000000
0.000000000000,60.000000000000,60.000000000000
50.055352939962,30.972989457371,26.003085784428
60.000000000000,60.000000000000,60.000000000000
56.738025933171,18.427617937663,29.659753847836
8.196296178065,25.315400629701,57.394133998114
48.827860710587,30.884574753327,33.398429598627
27.276336785970,7.434879209427,13.656304680846
59.293514380695,22.172244425015,27.496963087795
3.023121257194,35.795336292028,11.609653155882
60.000000000000,60.000000000000,60.000000000000
0.000000000000,60.000000000000,60.000000000000
60.000000000000,60.000000000000,60.000000000000
60.000000000000,40.779679289011,6.538188966410
38.385856709896,32.254728382595,19.205763367087
7.082455077390,30.114934653504,5.567577903454
60.000000000000,60.000000000000,60.000000000000
43.540102474424,40.239794669318,41.240986811574
60.000000000000,60.000000000000,60.000000000000
58.190267275829,52.240354346602,30.237197459268
39.577237821437,45.398042430084,17.974484717348
57.205021140029,3.362927299438,17.321453888658
60.000000000000,60.000000000000,60.000000000000
55.504624903029,43.807941065617,18.340715230305
33.963288455343,28.997235788847,30.381549975869
60.000000000000,60.000000000000,60.000000000000
49.034328271390,34.266430722065,25.135837607525
53.256331413750,10.095323507399,43.530962542831
60.000000000000,60.000000000000,60.000000000000
30.155698092657,34.615898695603,36.242343175581
54.724552791523,34.890121936367,46.717689860047
52.762967298214,9.677212090236,13.376517835487
55.180608782925,21.636877413003,34.371774586156
44.540147051116,55.713041429479,8.092936704803
54.877659335824,28.210693194344,27.230497971071
3.201694314262,21.422807353439,60.000000000000
60.000000000000,60.000000000000,60.000000000000
53.694828604149,37.847275318601,30.020273882634
59.763873254728,34.101688249137,24.766172510615
52.766565500184,8.514680344006,18.749721304704
60.000000000000,60.000000000000,60.000000000000
7.980345226861,38.531422314132,60.000000000000
41.615389524840,24.444736933156,47.639343252659
58.514985835822,32.836471741655,13.870873976505
57.230976416156,30.881280826151,38.256487550429
60.000000000000,60.000000000000,60.000000000000
55.005444200007,29.532151363885,38.717057934000
59.542051543414,19.828052519581,20.353064245926
60.000000000000,60.000000000000,60.000000000000
59.156929433156,50.394981507204,26.126070554045
60.000000000000,60.000000000000,60.000000000000
60.000000000000,60.000000000000,60.000000000000
60.000000000000,60.000000000000,60.000000000000
57.747322131061,51.032179130894,13.527296908404
60.000000000000,60.000000000000,60.000000000000
5.237828493244,20.688890529781,17.478455299437
60.000000000000,60.000000000000,60.000000000000
60.000000000000,60.000000000000,60.000000000000
53.552326682799,22.538006999695,22.824983792256
60.000000000000,34.241963307091,44.431042519958
60.000000000000,60.000000000000,60.000000000000
52.340713359959,15.284839690816,14.731055770836
60.000000000000,60.000000000000,60.000000000000
60.000000000000,60.000000000000,60.000000000000
60.000000000000,60.000000000000,60.000000000000
53.960001288799,51.665124300469,27.051885911588
60.000000000000,60.000000000000,60.000000000000
57.585288042644,49.302619175526,56.060337444497
60.000000000000,60.000000000000,60.000000000000
59.014290185778,43.306362137300,18.435563456341
10.207602001998,21.026271280616,60.000000000000
39.716449580478,34.690869582527,10.074354059107
60.000000000000,60.000000000000,60.000000000000
60.000000000000,60.000000000000,60.000000000000
56.964350600665,35.891774803070,29.886798303227
32.090837131760,18.720316862543,22.147631600806
60.000000000000,60.000000000000,60.000000000000
49.655483598694,36.674811136092,24.155047109865
60.000000000000,60.000000000000,60.000000000000
60.000000000000,45.502820477524,0.000000000000
60.000000000000,60.000000000000,60.000000000000
51.218596869614,22.111305637673,35.708312787616
60.000000000000,60.000000000000,60.000000000000
52.890161609396,41.921306689440,38.318123344207
16.431879633885,14.717449081109,17.937169897604
52.578203100641,26.488374076509,10.017192530792
60.000000000000,60.000000000000,60.000000000000
60.000000000000,60.000000000000,60.000000000000
60.000000000000,60.000000000000,60.000000000000
56.712962294766,51.691480569348,58.259686941638
3.397226603357,0.000000000000,2.540113253634
55.040337085508,1.850669784364,34.680083360772
60.000000000000,60.000000000000,60.000000000000
54.603035376822,17.019109619145,57.902866188740
60.000000000000,60.000000000000,60.000000000000
4.213397860936,33.342812505172,31.483776016320
60.000000000000,60.000000000000,60.000000000000
17.446967766543,7.207616122094,36.331186873071
60.000000000000,60.000000000000,60.000000000000
16.764915722253,8.329051316438,46.912655549526
60.000000000000,60.000000000000,60.000000000000
52.704977321775,42.006308962374,22.277578182958
55.363559435207,34.299663424658,32.463992390658
60.000000000000,34.666516853234,60.000000000000
60.000000000000,60.000000000000,60.000000000000
