x,y,z
0.000000000000,0.000000000000,0.000000000000
0.000000000000,0.000000000000,0.000000000000
0.000000000000,0.000000000000,0.000000000000
0.000000000000,0.000000000000,0.000000000000
0.000000000000,0.000000000000,0.000000000000
0.000000000000,0.000000000000,0.000000000000
0.000000000000,0.000000000000,0.000000000000
0.000000000000,0.000000000000,0.000000000000
0.000000000000,0.000000000000,0.000000000000
0.000000000000,0.000000000000,0.000000000000
0.000000000000,0.000000000000,0.000000000000
0.000000000000,0.000000000000,0.000000000000
0.000000000000,0.000000000000,0.000000000000
0.000000000000,0.000000000000,0.000000000000
0.000000000000,0.000000000000,0.000000000000
0.000000000000,0.000000000000,0.000000000000
0.000000000000,0.000000000000,0.000000000000
0.000000000000,0.000000000000,0.000000000000
0.000000000000,0.000000000000,0.000000000000
0.000000000000,0.000000000000,0.000000000000
0.000000000000,0.000000000000,0.000000000000
0.000000000000,0.000000000000,0.000000000000
0.000000000000,0.000000000000,0.000000000000
0.000000000000,0.000000000000,0.000000000000
0.000000000000,0.000000000000,0.000000000000
0.000000000000,0.000000000000,0.000000000000
0.000000000000,0.000000000000,0.000000000000
0.000000000000,0.000000000000,0.000000000000
0.000000000000,0.000000000000,0.000000000000
0.000000000000,0.000000000000,0.000000000000
0.000000000000,0.000000000000,0.000000000000
0.000000000000,0.000000000000,0.000000000000
0.000000000000,0.000000000000,0.000000000000
0.000000000000,0.000000000000,0.000000000000
0.000000000000,0.000000000000,0.000000000000
0.000000000000,0.000000000000,0.000000000000
0.000000000000,0.000000000000,0.000000000000
0.000000000000,0.000000000000,0.000000000000
0.000000000000,0.000000000000,0.000000000000
0.000000000000,0.000000000000,0.000000000000
0.000000000000,0.000000000000,0.000000000000
0.000000000000,0.000000000000,0.000000000000
0.000000000000,0.000000000000,0.000000000000
0.000000000000,0.000000000000,0.000000000000
0.000000000000,0.000000000000,0.000000000000
0.000000000000,0.000000000000,0.000000000000
0.000000000000,0.000000000000,0.000000000000
0.000000000000,0.000000000000,0.000000000000
0.000000000000,0.000000000000,0.000000000000
0.000000000000,0.000000000000,0.000000000000
0.000000000000,0.000000000000,0.000000000000
0.000000000000,0.000000000000,0.000000000000
0.000000000000,0.000000000000,0.000000000000
0.000000000000,0.000000000000,0.000000000000
0.000000000000,0.000000000000,0.000000000000
0.000000000000,0.000000000000,0.000000000000
0.000000000000,0.000000000000,0.000000000000
0.000000000000,0.000000000000,0.000000000000
0.000000000000,0.000000000000,0.000000000000
0.000000000000,0.000000000000,0.000000000000
0.000000000000,0.000000000000,0.000000000000
0.000000000000,0.000000000000,0.000000000000
0.000000000000,0.000000000000,0.000000000000
0.000000000000,0.000000000000,0.000000000000
0.000000000000,0.000000000000,0.000000000000
0.000000000000,0.000000000000,0.000000000000
0.000000000000,0.000000000000,0.000000000000
0.000000000000,0.000000000000,0.000000000000
0.000000000000,0.000000000000,0.000000000000
0.000000000000,0.000000000000,0.000000000000
0.000000000000,0.000000000000,0.000000000000
0.000000000000,0.000000000000,0.000000000000
0.000000000000,0.000000000000,0.000000000000
0.000000000000,0.000000000000,0.000000000000
0.000000000000,0.000000000000,0.000000000000
0.000000000000,0.000000000000,0.000000000000
0.000000000000,0.000000000000,0.000000000000
0.000000000000,0.000000000000,0.000000000000
0.000000000000,0.000000000000,0.000000000000
0.000000000000,0.000000000000,0.000000000000
0.000000000000,0.000000000000,0.000000000000
0.000000000000,0.000000000000,0.000000000000
0.000000000000,0.000000000000,0.000000000000
0.000000000000,0.000000000000,0.000000000000
0.000000000000,0.000000000000,0.000000000000
0.000000000000,0.000000000000,0.000000000000
0.000000000000,0.000000000000,0.000000000000
0.000000000000,0.000000000000,0.000000000000
0.000000000000,0.000000000000,0.000000000000
0.000000000000,0.000000000000,0.000000000000
0.000000000000,0.000000000000,0.000000000000
30.117487872730,2.021858045464,51.918728264759
0.000000000000,0.000000000000,0.000000000000
31.558811656208,5.476487272267,53.828346707169
32.839996147154,7.963383729828,55.034952659605
33.916029618605,10.118551470022,56.114056446807
34.947818738725,12.182154916010,57.145870447780
36.026756731055,14.337259193506,58.222062627536
37.226261991813,16.826680816278,59.510968232855
0.000000000000,0.000000000000,0.000000000000
39.915237824012,19.906706866322,0.000000000000
0.000000000000,0.000000000000,0.000000000000
41.446032871312,23.443681058337,2.003260721516
42.931279282044,26.470777486149,3.453605145619
43.343297855773,30.231681527655,6.798547488554
44.340934236976,32.804902845108,8.369948949602
45.321150599462,34.927375224399,9.510885292973
46.454688522549,36.768175598375,10.220956419849
45.670656803903,38.368393660473,12.582969579956
49.132739399144,40.272802255354,11.047394983544
49.333148603644,42.615667297926,13.189275303189
50.369442465715,44.957675223808,14.493510215335
51.392368630364,47.062264751003,15.574568140699
52.424953073291,49.126712626631,16.606439054477
53.493653531034,51.290703671502,17.701555489874
54.953086586212,53.804868891799,18.758717262169
0.000000000000,0.000000000000,0.000000000000
0.000000000000,0.000000000000,0.000000000000
0.000000000000,0.000000000000,0.000000000000
0.000000000000,0.000000000000,0.000000000000
0.000000000000,0.000000000000,0.000000000000
0.000000000000,0.000000000000,0.000000000000
0.000000000000,0.000000000000,0.000000000000
0.000000000000,0.000000000000,0.000000000000
0.000000000000,0.000000000000,0.000000000000
0.000000000000,0.000000000000,0.000000000000
0.000000000000,0.000000000000,0.000000000000
0.000000000000,0.000000000000,0.000000000000
0.000000000000,0.000000000000,0.000000000000
0.000000000000,0.000000000000,0.000000000000
0.000000000000,0.000000000000,0.000000000000
0.000000000000,0.000000000000,0.000000000000
0.000000000000,0.000000000000,0.000000000000
0.000000000000,0.000000000000,0.000000000000
0.000000000000,0.000000000000,0.000000000000
0.000000000000,0.000000000000,0.000000000000
0.000000000000,0.000000000000,0.000000000000
0.000000000000,0.000000000000,0.000000000000
0.000000000000,0.000000000000,0.000000000000
0.000000000000,0.000000000000,0.000000000000
0.000000000000,0.000000000000,0.000000000000
0.000000000000,0.000000000000,0.000000000000
0.000000000000,0.000000000000,0.000000000000
0.000000000000,0.000000000000,0.000000000000
0.000000000000,0.000000000000,0.000000000000
0.000000000000,0.000000000000,0.000000000000
0.000000000000,0.000000000000,0.000000000000
0.000000000000,0.000000000000,0.000000000000
0.000000000000,0.000000000000,0.000000000000
0.000000000000,0.000000000000,0.000000000000
0.000000000000,0.000000000000,0.000000000000
0.000000000000,0.000000000000,0.000000000000
0.000000000000,0.000000000000,0.000000000000
0.000000000000,0.000000000000,0.000000000000
0.000000000000,0.000000000000,0.000000000000
0.000000000000,0.000000000000,0.000000000000
0.000000000000,0.000000000000,0.000000000000
0.000000000000,0.000000000000,0.000000000000
0.000000000000,0.000000000000,0.000000000000
0.000000000000,0.000000000000,0.000000000000
0.000000000000,0.000000000000,0.000000000000
0.000000000000,0.000000000000,0.000000000000
0.000000000000,0.000000000000,0.000000000000
0.000000000000,0.000000000000,0.000000000000
0.000000000000,0.000000000000,0.000000000000
0.000000000000,0.000000000000,0.000000000000
0.000000000000,0.000000000000,0.000000000000
0.000000000000,0.000000000000,0.000000000000
0.000000000000,0.000000000000,0.000000000000
0.000000000000,0.000000000000,0.000000000000
0.000000000000,0.000000000000,0.000000000000
0.000000000000,0.000000000000,0.000000000000
0.000000000000,0.000000000000,0.000000000000
0.000000000000,0.000000000000,0.000000000000
0.000000000000,0.000000000000,0.000000000000
0.000000000000,0.000000000000,0.000000000000
0.000000000000,0.000000000000,0.000000000000
0.000000000000,0.000000000000,0.000000000000
0.000000000000,0.000000000000,0.000000000000
0.000000000000,0.000000000000,0.000000000000
0.000000000000,0.000000000000,0.000000000000
0.000000000000,0.000000000000,0.000000000000
0.000000000000,0.000000000000,0.000000000000
0.000000000000,0.000000000000,0.000000000000
0.000000000000,0.000000000000,0.000000000000
0.000000000000,0.000000000000,0.000000000000
0.000000000000,0.000000000000,0.000000000000
0.000000000000,0.000000000000,0.000000000000
0.000000000000,0.000000000000,0.000000000000
0.000000000000,0.000000000000,0.000000000000
0.000000000000,0.000000000000,0.000000000000
0.000000000000,0.000000000000,0.000000000000
0.000000000000,0.000000000000,0.000000000000
0.000000000000,0.000000000000,0.000000000000
0.000000000000,0.000000000000,0.000000000000
0.000000000000,0.000000000000,0.000000000000
0.000000000000,0.000000000000,0.000000000000
0.000000000000,0.000000000000,0.000000000000
0.000000000000,0.000000000000,0.000000000000
0.000000000000,0.000000000000,0.000000000000
0.000000000000,0.000000000000,0.000000000000
0.000000000000,0.000000000000,0.000000000000
0.000000000000,0.000000000000,0.000000000000
0.000000000000,0.000000000000,0.000000000000
0.000000000000,0.000000000000,0.000000000000
0.000000000000,0.000000000000,0.000000000000
0.000000000000,0.000000000000,0.000000000000
0.000000000000,0.000000000000,0.000000000000
0.000000000000,0.000000000000,0.000000000000
0.000000000000,0.000000000000,0.000000000000
0.000000000000,0.000000000000,0.000000000000
0.000000000000,0.000000000000,0.000000000000
0.000000000000,0.000000000000,0.000000000000
0.000000000000,0.000000000000,0.000000000000
0.000000000000,0.000000000000,0.000000000000
0.000000000000,0.000000000000,0.000000000000
0.000000000000,0.000000000000,0.000000000000
0.000000000000,0.000000000000,0.000000000000
0.000000000000,0.000000000000,0.000000000000
0.000000000000,0.000000000000,0.000000000000
0.000000000000,0.000000000000,0.000000000000
0.000000000000,0.000000000000,0.000000000000
0.000000000000,0.000000000000,0.000000000000
0.000000000000,0.000000000000,0.000000000000
0.000000000000,0.000000000000,0.000000000000
0.000000000000,0.000000000000,0.000000000000
0.000000000000,0.000000000000,0.000000000000
0.000000000000,0.000000000000,0.000000000000
0.000000000000,0.000000000000,0.000000000000
0.000000000000,0.000000000000,0.000000000000
0.000000000000,0.000000000000,0.000000000000
0.000000000000,0.000000000000,0.000000000000
0.000000000000,0.000000000000,0.000000000000
0.000000000000,0.000000000000,0.000000000000
0.000000000000,0.000000000000,0.000000000000
0.000000000000,0.000000000000,0.000000000000
0.000000000000,0.000000000000,0.000000000000
0.000000000000,0.000000000000,0.000000000000
0.000000000000,0.000000000000,0.000000000000
0.000000000000,0.000000000000,0.000000000000
0.000000000000,0.000000000000,0.000000000000
0.000000000000,0.000000000000,0.000000000000
0.000000000000,0.000000000000,0.000000000000
0.000000000000,0.000000000000,0.000000000000
0.000000000000,0.000000000000,0.000000000000
0.000000000000,0.000000000000,0.000000000000
0.000000000000,0.000000000000,0.000000000000
0.000000000000,0.000000000000,0.000000000000
0.000000000000,0.000000000000,0.000000000000
0.000000000000,0.000000000000,0.000000000000
0.000000000000,0.000000000000,0.000000000000
0.000000000000,0.000000000000,0.000000000000
0.000000000000,0.000000000000,0.000000000000
0.000000000000,0.000000000000,0.000000000000
0.000000000000,0.000000000000,0.000000000000
0.000000000000,0.000000000000,0.000000000000
0.000000000000,0.000000000000,0.000000000000
0.000000000000,0.000000000000,0.000000000000
0.000000000000,0.000000000000,0.000000000000
0.000000000000,0.000000000000,0.000000000000
0.000000000000,0.000000000000,0.000000000000
0.000000000000,0.000000000000,0.000000000000
0.000000000000,0.000000000000,0.000000000000
0.000000000000,0.000000000000,0.000000000000
0.000000000000,0.000000000000,0.000000000000
0.000000000000,0.000000000000,0.000000000000
0.000000000000,0.000000000000,0.000000000000
0.000000000000,0.000000000000,0.000000000000
0.000000000000,0.000000000000,0.000000000000
0.000000000000,0.000000000000,0.000000000000
0.000000000000,0.000000000000,0.000000000000
0.000000000000,0.000000000000,0.000000000000
0.000000000000,0.000000000000,0.000000000000
0.000000000000,0.000000000000,0.000000000000
0.000000000000,0.000000000000,0.000000000000
0.000000000000,0.000000000000,0.000000000000
0.000000000000,0.000000000000,0.000000000000
0.000000000000,0.000000000000,0.000000000000
0.000000000000,0.000000000000,0.000000000000
0.000000000000,0.000000000000,0.000000000000
0.000000000000,0.000000000000,0.000000000000
0.000000000000,0.000000000000,0.000000000000
0.000000000000,0.000000000000,0.000000000000
0.000000000000,0.000000000000,0.000000000000
0.000000000000,0.000000000000,0.000000000000
0.000000000000,0.000000000000,0.000000000000
0.000000000000,0.000000000000,0.000000000000
0.000000000000,0.000000000000,0.000000000000
0.000000000000,0.000000000000,0.000000000000
0.000000000000,0.000000000000,0.000000000000
0.000000000000,0.000000000000,0.000000000000
0.000000000000,0.000000000000,0.000000000000
0.000000000000,0.000000000000,0.000000000000
0.000000000000,0.000000000000,0.000000000000
0.000000000000,0.000000000000,0.000000000000
0.000000000000,0.000000000000,0.000000000000
0.000000000000,0.000000000000,0.000000000000
0.000000000000,0.000000000000,0.000000000000
0.000000000000,0.000000000000,0.000000000000
0.000000000000,0.000000000000,0.000000000000
0.000000000000,0.000000000000,0.000000000000
0.000000000000,0.000000000000,0.000000000000
0.000000000000,0.000000000000,0.000000000000
43.684366134324,23.919222619352,0.237895480996
41.690388577583,25.674863510896,3.989935794818
41.517608758136,27.739732266383,6.228419902904
42.438370922151,29.974412344458,7.542524659834
43.679786246160,32.474453520854,8.802121272255
0.000000000000,0.000000000000,0.000000000000
44.800075511075,35.669870786283,10.875828698908
47.605045157854,37.924620074873,10.325666978227
47.293610726413,39.763232484078,12.476072661310
48.359860351720,41.835558937914,13.482243513279
49.420905110447,43.965447978681,14.551109244696
50.612396114116,46.395437967283,15.789250036790
53.386113436568,51.389839557837,17.997629864853
0.000000000000,0.000000000000,0.000000000000
0.000000000000,0.000000000000,0.000000000000
0.000000000000,0.000000000000,0.000000000000
0.000000000000,0.000000000000,0.000000000000
0.000000000000,0.000000000000,0.000000000000
0.000000000000,0.000000000000,0.000000000000
0.000000000000,0.000000000000,0.000000000000
0.000000000000,0.000000000000,0.000000000000
0.000000000000,0.000000000000,0.000000000000
0.000000000000,0.000000000000,0.000000000000
0.000000000000,0.000000000000,0.000000000000
0.000000000000,0.000000000000,0.000000000000
0.000000000000,0.000000000000,0.000000000000
0.000000000000,0.000000000000,0.000000000000
0.000000000000,0.000000000000,0.000000000000
0.000000000000,0.000000000000,0.000000000000
0.000000000000,0.000000000000,0.000000000000
0.000000000000,0.000000000000,0.000000000000
0.000000000000,0.000000000000,0.000000000000
0.000000000000,0.000000000000,0.000000000000
0.000000000000,0.000000000000,0.000000000000
0.000000000000,0.000000000000,0.000000000000
0.000000000000,0.000000000000,0.000000000000
0.000000000000,0.000000000000,0.000000000000
0.000000000000,0.000000000000,0.000000000000
0.000000000000,0.000000000000,0.000000000000
0.000000000000,0.000000000000,0.000000000000
0.000000000000,0.000000000000,0.000000000000
0.000000000000,0.000000000000,0.000000000000
0.000000000000,0.000000000000,0.000000000000
0.000000000000,0.000000000000,0.000000000000
0.000000000000,0.000000000000,0.000000000000
0.000000000000,0.000000000000,0.000000000000
0.000000000000,0.000000000000,0.000000000000
0.000000000000,0.000000000000,0.000000000000
0.000000000000,0.000000000000,0.000000000000
0.000000000000,0.000000000000,0.000000000000
0.000000000000,0.000000000000,0.000000000000
0.000000000000,0.000000000000,0.000000000000
0.000000000000,0.000000000000,0.000000000000
0.000000000000,0.000000000000,0.000000000000
0.000000000000,0.000000000000,0.000000000000
0.000000000000,0.000000000000,0.000000000000
0.000000000000,0.000000000000,0.000000000000
0.000000000000,0.000000000000,0.000000000000
0.000000000000,0.000000000000,0.000000000000
0.000000000000,0.000000000000,0.000000000000
0.000000000000,0.000000000000,0.000000000000
0.000000000000,0.000000000000,0.000000000000
0.000000000000,0.000000000000,0.000000000000
0.000000000000,0.000000000000,0.000000000000
0.000000000000,0.000000000000,0.000000000000
0.000000000000,0.000000000000,0.000000000000
0.000000000000,0.000000000000,0.000000000000
0.000000000000,0.000000000000,0.000000000000
0.000000000000,0.000000000000,0.000000000000
0.000000000000,0.000000000000,0.000000000000
0.000000000000,0.000000000000,0.000000000000
0.000000000000,0.000000000000,0.000000000000
0.000000000000,0.000000000000,0.000000000000
0.000000000000,0.000000000000,0.000000000000
0.000000000000,0.000000000000,0.000000000000
0.000000000000,0.000000000000,0.000000000000
0.000000000000,0.000000000000,0.000000000000
0.000000000000,0.000000000000,0.000000000000
0.000000000000,0.000000000000,0.000000000000
0.000000000000,0.000000000000,0.000000000000
0.000000000000,0.000000000000,0.000000000000
0.000000000000,0.000000000000,0.000000000000
0.000000000000,0.000000000000,0.000000000000
0.000000000000,0.000000000000,0.000000000000
0.000000000000,0.000000000000,0.000000000000
0.000000000000,0.000000000000,0.000000000000
0.000000000000,0.000000000000,0.000000000000
0.000000000000,0.000000000000,0.000000000000
0.000000000000,0.000000000000,0.000000000000
0.000000000000,0.000000000000,0.000000000000
0.000000000000,0.000000000000,0.000000000000
0.000000000000,0.000000000000,0.000000000000
0.000000000000,0.000000000000,0.000000000000
0.000000000000,0.000000000000,0.000000000000
0.000000000000,0.000000000000,0.000000000000
0.000000000000,0.000000000000,0.000000000000
0.000000000000,0.000000000000,0.000000000000
0.000000000000,0.000000000000,0.000000000000
0.000000000000,0.000000000000,0.000000000000
0.000000000000,0.000000000000,0.000000000000
0.000000000000,0.000000000000,0.000000000000
0.000000000000,0.000000000000,0.000000000000
0.000000000000,0.000000000000,0.000000000000
0.000000000000,0.000000000000,0.000000000000
0.000000000000,0.000000000000,0.000000000000
0.000000000000,0.000000000000,0.000000000000
0.000000000000,0.000000000000,0.000000000000
0.000000000000,0.000000000000,0.000000000000
0.000000000000,0.000000000000,0.000000000000
0.000000000000,0.000000000000,0.000000000000
0.000000000000,0.000000000000,0.000000000000
0.000000000000,0.000000000000,0.000000000000
0.000000000000,0.000000000000,0.000000000000
0.000000000000,0.000000000000,0.000000000000
0.000000000000,0.000000000000,0.000000000000
0.000000000000,0.000000000000,0.000000000000
0.000000000000,0.000000000000,0.000000000000
0.000000000000,0.000000000000,0.000000000000
0.000000000000,0.000000000000,0.000000000000
0.000000000000,0.000000000000,0.000000000000
0.000000000000,0.000000000000,0.000000000000
0.000000000000,0.000000000000,0.000000000000
0.000000000000,0.000000000000,0.000000000000
0.000000000000,0.000000000000,0.000000000000
0.000000000000,0.000000000000,0.000000000000
0.000000000000,0.000000000000,0.000000000000
0.000000000000,0.000000000000,0.000000000000
0.000000000000,0.000000000000,0.000000000000
0.000000000000,0.000000000000,0.000000000000
0.000000000000,0.000000000000,0.000000000000
0.000000000000,0.000000000000,0.000000000000
0.000000000000,0.000000000000,0.000000000000
0.000000000000,0.000000000000,0.000000000000
0.000000000000,0.000000000000,0.000000000000
0.000000000000,0.000000000000,0.000000000000
0.000000000000,0.000000000000,0.000000000000
0.000000000000,0.000000000000,0.000000000000
0.000000000000,0.000000000000,0.000000000000
0.000000000000,0.000000000000,0.000000000000
0.000000000000,0.000000000000,0.000000000000
0.000000000000,0.000000000000,0.000000000000
0.000000000000,0.000000000000,0.000000000000
0.000000000000,0.000000000000,0.000000000000
0.000000000000,0.000000000000,0.000000000000
0.000000000000,0.000000000000,0.000000000000
0.000000000000,0.000000000000,0.000000000000
0.000000000000,0.000000000000,0.000000000000
0.000000000000,0.000000000000,0.000000000000
0.000000000000,0.000000000000,0.000000000000
0.000000000000,0.000000000000,0.000000000000
0.000000000000,0.000000000000,0.000000000000
0.000000000000,0.000000000000,0.000000000000
0.000000000000,0.000000000000,0.000000000000
0.000000000000,0.000000000000,0.000000000000
0.000000000000,0.000000000000,0.000000000000
0.000000000000,0.000000000000,0.000000000000
0.000000000000,0.000000000000,0.000000000000
0.000000000000,0.000000000000,0.000000000000
0.000000000000,0.000000000000,0.000000000000
0.000000000000,0.000000000000,0.000000000000
0.000000000000,0.000000000000,0.000000000000
0.000000000000,0.000000000000,0.000000000000
0.000000000000,0.000000000000,0.000000000000
0.000000000000,0.000000000000,0.000000000000
0.000000000000,0.000000000000,0.000000000000
0.000000000000,0.000000000000,0.000000000000
0.000000000000,0.000000000000,0.000000000000
0.000000000000,0.000000000000,0.000000000000
0.000000000000,0.000000000000,0.000000000000
0.000000000000,0.000000000000,0.000000000000
0.000000000000,0.000000000000,0.000000000000
0.000000000000,0.000000000000,0.000000000000
0.000000000000,0.000000000000,0.000000000000
0.000000000000,0.000000000000,0.000000000000
0.000000000000,0.000000000000,0.000000000000
0.000000000000,0.000000000000,0.000000000000
0.000000000000,0.000000000000,0.000000000000
21.985719853590,42.009122259507,40.018823825470
0.000000000000,0.000000000000,0.000000000000
0.000000000000,0.000000000000,0.000000000000
0.000000000000,0.000000000000,0.000000000000
0.000000000000,0.000000000000,0.000000000000
0.000000000000,0.000000000000,0.000000000000
0.000000000000,0.000000000000,0.000000000000
0.000000000000,0.000000000000,0.000000000000
0.000000000000,0.000000000000,0.000000000000
30.917211616333,0.019380605251,48.595641842020
0.000000000000,0.000000000000,0.000000000000
0.000000000000,0.000000000000,0.000000000000
0.000000000000,0.000000000000,0.000000000000
0.000000000000,0.000000000000,0.000000000000
0.000000000000,0.000000000000,0.000000000000
0.000000000000,0.000000000000,0.000000000000
0.000000000000,0.000000000000,0.000000000000
0.000000000000,0.000000000000,0.000000000000
0.000000000000,0.000000000000,0.000000000000
0.000000000000,0.000000000000,0.000000000000
0.000000000000,0.000000000000,0.000000000000
0.000000000000,0.000000000000,0.000000000000
0.000000000000,0.000000000000,0.000000000000
0.000000000000,0.000000000000,0.000000000000
0.000000000000,0.000000000000,0.000000000000
0.000000000000,0.000000000000,0.000000000000
0.000000000000,0.000000000000,0.000000000000
0.000000000000,0.000000000000,0.000000000000
0.000000000000,0.000000000000,0.000000000000
0.000000000000,0.000000000000,0.000000000000
0.000000000000,0.000000000000,0.000000000000
0.000000000000,0.000000000000,0.000000000000
0.000000000000,0.000000000000,0.000000000000
0.000000000000,0.000000000000,0.000000000000
0.000000000000,0.000000000000,0.000000000000
0.000000000000,0.000000000000,0.000000000000
0.000000000000,0.000000000000,0.000000000000
0.000000000000,0.000000000000,0.000000000000
0.000000000000,0.000000000000,0.000000000000
0.000000000000,0.000000000000,0.000000000000
0.000000000000,0.000000000000,0.000000000000
0.000000000000,0.000000000000,0.000000000000
0.000000000000,0.000000000000,0.000000000000
0.000000000000,0.000000000000,0.000000000000
0.000000000000,0.000000000000,0.000000000000
0.000000000000,0.000000000000,0.000000000000
0.000000000000,0.000000000000,0.000000000000
0.000000000000,0.000000000000,0.000000000000
0.000000000000,0.000000000000,0.000000000000
0.000000000000,0.000000000000,0.000000000000
0.000000000000,0.000000000000,0.000000000000
0.000000000000,0.000000000000,0.000000000000
0.000000000000,0.000000000000,0.000000000000
0.000000000000,0.000000000000,0.000000000000
0.000000000000,0.000000000000,0.000000000000
0.000000000000,0.000000000000,0.000000000000
0.000000000000,0.000000000000,0.000000000000
0.000000000000,0.000000000000,0.000000000000
0.000000000000,0.000000000000,0.000000000000
0.000000000000,0.000000000000,0.000000000000
0.000000000000,0.000000000000,0.000000000000
0.000000000000,0.000000000000,0.000000000000
0.000000000000,0.000000000000,0.000000000000
0.000000000000,0.000000000000,0.000000000000
0.000000000000,0.000000000000,0.000000000000
0.000000000000,0.000000000000,0.000000000000
0.000000000000,0.000000000000,0.000000000000
0.000000000000,0.000000000000,0.000000000000
0.000000000000,0.000000000000,0.000000000000
0.000000000000,0.000000000000,0.000000000000
0.000000000000,0.000000000000,0.000000000000
0.000000000000,0.000000000000,0.000000000000
0.000000000000,0.000000000000,0.000000000000
0.000000000000,0.000000000000,0.000000000000
0.000000000000,0.000000000000,0.000000000000
0.000000000000,0.000000000000,0.000000000000
0.000000000000,0.000000000000,0.000000000000
0.000000000000,0.000000000000,0.000000000000
0.000000000000,0.000000000000,0.000000000000
0.000000000000,0.000000000000,0.000000000000
0.000000000000,0.000000000000,0.000000000000
0.000000000000,0.000000000000,0.000000000000
0.000000000000,0.000000000000,0.000000000000
0.000000000000,0.000000000000,0.000000000000
0.000000000000,0.000000000000,0.000000000000
0.000000000000,0.000000000000,0.000000000000
0.000000000000,0.000000000000,0.000000000000
0.000000000000,0.000000000000,0.000000000000
0.000000000000,0.000000000000,0.000000000000
0.000000000000,0.000000000000,0.000000000000
0.000000000000,0.000000000000,0.000000000000
0.000000000000,0.000000000000,0.000000000000
0.000000000000,0.000000000000,0.000000000000
0.000000000000,0.000000000000,0.000000000000
0.000000000000,0.000000000000,0.000000000000
0.000000000000,0.000000000000,0.000000000000
0.000000000000,0.000000000000,0.000000000000
0.000000000000,0.000000000000,0.000000000000
0.000000000000,0.000000000000,0.000000000000
0.000000000000,0.000000000000,0.000000000000
0.000000000000,0.000000000000,0.000000000000
0.000000000000,0.000000000000,0.000000000000
0.000000000000,0.000000000000,0.000000000000
0.000000000000,0.000000000000,0.000000000000
0.000000000000,0.000000000000,0.000000000000
0.000000000000,0.000000000000,0.000000000000
0.000000000000,0.000000000000,0.000000000000
0.000000000000,0.000000000000,0.000000000000
0.000000000000,0.000000000000,0.000000000000
0.000000000000,0.000000000000,0.000000000000
0.000000000000,0.000000000000,0.000000000000
0.000000000000,0.000000000000,0.000000000000
0.000000000000,0.000000000000,0.000000000000
0.000000000000,0.000000000000,0.000000000000
0.000000000000,0.000000000000,0.000000000000
0.000000000000,0.000000000000,0.000000000000
0.000000000000,0.000000000000,0.000000000000
0.000000000000,0.000000000000,0.000000000000
0.000000000000,0.000000000000,0.000000000000
0.000000000000,0.000000000000,0.000000000000
0.000000000000,0.000000000000,0.000000000000
0.000000000000,0.000000000000,0.000000000000
0.000000000000,0.000000000000,0.000000000000
0.000000000000,0.000000000000,0.000000000000
0.000000000000,0.000000000000,0.000000000000
0.000000000000,0.000000000000,0.000000000000
0.000000000000,0.000000000000,0.000000000000
0.000000000000,0.000000000000,0.000000000000
0.000000000000,0.000000000000,0.000000000000
0.000000000000,0.000000000000,0.000000000000
0.000000000000,0.000000000000,0.000000000000
0.000000000000,0.000000000000,0.000000000000
0.000000000000,0.000000000000,0.000000000000
0.000000000000,0.000000000000,0.000000000000
0.000000000000,0.000000000000,0.000000000000
0.000000000000,0.000000000000,0.000000000000
0.000000000000,0.000000000000,0.000000000000
0.000000000000,0.000000000000,0.000000000000
0.000000000000,0.000000000000,0.000000000000
0.000000000000,0.000000000000,0.000000000000
0.000000000000,0.000000000000,0.000000000000
0.000000000000,0.000000000000,0.000000000000
0.000000000000,0.000000000000,0.000000000000
0.000000000000,0.000000000000,0.000000000000
0.000000000000,0.000000000000,0.000000000000
0.000000000000,0.000000000000,0.000000000000
0.000000000000,0.000000000000,0.000000000000
0.000000000000,0.000000000000,0.000000000000
0.000000000000,0.000000000000,0.000000000000
0.000000000000,0.000000000000,0.000000000000
0.000000000000,0.000000000000,0.000000000000
0.000000000000,0.000000000000,0.000000000000
0.000000000000,0.000000000000,0.000000000000
0.000000000000,0.000000000000,0.000000000000
0.000000000000,0.000000000000,0.000000000000
0.000000000000,0.000000000000,0.000000000000
0.000000000000,0.000000000000,0.000000000000
0.000000000000,0.000000000000,0.000000000000
0.000000000000,0.000000000000,0.000000000000
0.000000000000,0.000000000000,0.000000000000
0.000000000000,0.000000000000,0.000000000000
0.000000000000,0.000000000000,0.000000000000
0.000000000000,0.000000000000,0.000000000000
0.000000000000,0.000000000000,0.000000000000
0.000000000000,0.000000000000,0.000000000000
0.000000000000,0.000000000000,0.000000000000
0.000000000000,0.000000000000,0.000000000000
0.000000000000,0.000000000000,0.000000000000
0.000000000000,0.000000000000,0.000000000000
0.000000000000,0.000000000000,0.000000000000
0.000000000000,0.000000000000,0.000000000000
0.000000000000,0.000000000000,0.000000000000
0.000000000000,0.000000000000,0.000000000000
0.000000000000,0.000000000000,0.000000000000
0.000000000000,0.000000000000,0.000000000000
0.000000000000,0.000000000000,0.000000000000
0.000000000000,0.000000000000,0.000000000000
0.000000000000,0.000000000000,0.000000000000
0.000000000000,0.000000000000,0.000000000000
0.000000000000,0.000000000000,0.000000000000
0.000000000000,0.000000000000,0.000000000000
0.000000000000,0.000000000000,0.000000000000
0.000000000000,0.000000000000,0.000000000000
0.000000000000,0.000000000000,0.000000000000
0.000000000000,0.000000000000,0.000000000000
0.000000000000,0.000000000000,0.000000000000
0.000000000000,0.000000000000,0.000000000000
0.000000000000,0.000000000000,0.000000000000
0.000000000000,0.000000000000,0.000000000000
0.000000000000,0.000000000000,0.000000000000
0.000000000000,0.000000000000,0.000000000000
0.000000000000,0.000000000000,0.000000000000
0.000000000000,0.000000000000,0.000000000000
0.000000000000,0.000000000000,0.000000000000
0.000000000000,0.000000000000,0.000000000000
0.000000000000,0.000000000000,0.000000000000
0.000000000000,0.000000000000,0.000000000000
0.000000000000,0.000000000000,0.000000000000
0.000000000000,0.000000000000,0.000000000000
0.000000000000,0.000000000000,0.000000000000
0.000000000000,0.000000000000,0.000000000000
23.643743469594,44.291690949640,40.643740533772
24.901936287263,46.808073351168,41.901933351441
25.981651518461,48.967503941820,42.981648582639
27.014147694455,51.032496299815,44.014144758636
28.093863153631,53.191927202172,45.093860217757
29.352055160985,55.708311397110,46.352052225747
0.000000000000,0.000000000000,0.000000000000
0.000000000000,0.000000000000,0.000000000000
0.000000000000,0.000000000000,0.000000000000
32.703714798454,2.250717208569,49.537515882725
33.524025859137,4.669677862100,51.140403133066
34.936540592762,6.889061630716,51.947898718528
35.985540773242,8.978770802532,52.988993409940
36.997656804748,10.999948455383,53.998081553481
38.006177830647,13.019881368404,55.009468190495
39.040828645699,15.095334365960,56.049927720306
39.861665959667,17.221021894991,57.353870875798
40.821105803990,19.414569886829,58.590747577455
42.194559385912,21.867902633977,59.673446723456
0.000000000000,0.000000000000,0.000000000000
0.000000000000,0.000000000000,0.000000000000
0.000000000000,0.000000000000,0.000000000000
48.999464390909,28.555142610906,0.447593987845
47.238431396386,30.690876214309,3.446418719197
48.040387226207,32.974384502746,4.929666581780
49.234768560854,35.079182165511,5.837582644705
48.303804316656,36.255413443853,7.975037225092
50.997955404466,38.999984996881,7.997825722421
53.693743896870,41.738590392111,8.012943365386
52.743634493888,42.891436966615,10.146286042725
53.978900035097,44.934599640368,10.951426062036
55.023631779918,47.051785474246,12.023964883683
55.993453527536,49.345619618942,13.347272699829
59.208261537943,52.365053517585,13.192222104686
58.169489660747,53.720825867057,15.552220545749
0.000000000000,0.000000000000,0.000000000000
0.000000000000,0.000000000000,0.000000000000
0.000000000000,0.000000000000,0.000000000000
0.000000000000,0.000000000000,0.000000000000
0.000000000000,0.000000000000,0.000000000000
0.000000000000,0.000000000000,0.000000000000
0.000000000000,0.000000000000,0.000000000000
0.000000000000,0.000000000000,0.000000000000
0.000000000000,0.000000000000,0.000000000000
0.000000000000,0.000000000000,0.000000000000
0.000000000000,0.000000000000,0.000000000000
0.000000000000,0.000000000000,0.000000000000
0.000000000000,0.000000000000,0.000000000000
0.000000000000,0.000000000000,0.000000000000
0.000000000000,0.000000000000,0.000000000000
0.000000000000,0.000000000000,0.000000000000
0.000000000000,0.000000000000,0.000000000000
0.000000000000,0.000000000000,0.000000000000
0.000000000000,0.000000000000,0.000000000000
0.000000000000,0.000000000000,0.000000000000
0.000000000000,0.000000000000,0.000000000000
0.000000000000,0.000000000000,0.000000000000
0.000000000000,0.000000000000,0.000000000000
0.000000000000,0.000000000000,0.000000000000
0.000000000000,0.000000000000,0.000000000000
0.000000000000,0.000000000000,0.000000000000
0.000000000000,0.000000000000,0.000000000000
0.000000000000,0.000000000000,0.000000000000
0.000000000000,0.000000000000,0.000000000000
0.000000000000,0.000000000000,0.000000000000
0.000000000000,0.000000000000,0.000000000000
0.000000000000,0.000000000000,0.000000000000
0.000000000000,0.000000000000,0.000000000000
0.000000000000,0.000000000000,0.000000000000
0.000000000000,0.000000000000,0.000000000000
0.000000000000,0.000000000000,0.000000000000
0.000000000000,0.000000000000,0.000000000000
0.000000000000,0.000000000000,0.000000000000
0.000000000000,0.000000000000,0.000000000000
0.000000000000,0.000000000000,0.000000000000
0.000000000000,0.000000000000,0.000000000000
0.000000000000,0.000000000000,0.000000000000
0.000000000000,0.000000000000,0.000000000000
0.000000000000,0.000000000000,0.000000000000
0.000000000000,0.000000000000,0.000000000000
0.000000000000,0.000000000000,0.000000000000
0.000000000000,0.000000000000,0.000000000000
0.000000000000,0.000000000000,0.000000000000
0.000000000000,0.000000000000,0.000000000000
0.000000000000,0.000000000000,0.000000000000
0.000000000000,0.000000000000,0.000000000000
0.000000000000,0.000000000000,0.000000000000
0.000000000000,0.000000000000,0.000000000000
0.000000000000,0.000000000000,0.000000000000
0.000000000000,0.000000000000,0.000000000000
0.000000000000,0.000000000000,0.000000000000
0.000000000000,0.000000000000,0.000000000000
0.000000000000,0.000000000000,0.000000000000
0.000000000000,0.000000000000,0.000000000000
0.000000000000,0.000000000000,0.000000000000
0.000000000000,0.000000000000,0.000000000000
0.000000000000,0.000000000000,0.000000000000
0.000000000000,0.000000000000,0.000000000000
0.000000000000,0.000000000000,0.000000000000
0.000000000000,0.000000000000,0.000000000000
0.000000000000,0.000000000000,0.000000000000
0.000000000000,0.000000000000,0.000000000000
0.000000000000,0.000000000000,0.000000000000
0.000000000000,0.000000000000,0.000000000000
0.000000000000,0.000000000000,0.000000000000
0.000000000000,0.000000000000,0.000000000000
0.000000000000,0.000000000000,0.000000000000
0.000000000000,0.000000000000,0.000000000000
0.000000000000,0.000000000000,0.000000000000
0.000000000000,0.000000000000,0.000000000000
0.000000000000,0.000000000000,0.000000000000
0.000000000000,0.000000000000,0.000000000000
0.000000000000,0.000000000000,0.000000000000
0.000000000000,0.000000000000,0.000000000000
0.000000000000,0.000000000000,0.000000000000
0.000000000000,0.000000000000,0.000000000000
0.000000000000,0.000000000000,0.000000000000
0.000000000000,0.000000000000,0.000000000000
0.000000000000,0.000000000000,0.000000000000
0.000000000000,0.000000000000,0.000000000000
0.000000000000,0.000000000000,0.000000000000
0.000000000000,0.000000000000,0.000000000000
0.000000000000,0.000000000000,0.000000000000
0.000000000000,0.000000000000,0.000000000000
0.000000000000,0.000000000000,0.000000000000
0.000000000000,0.000000000000,0.000000000000
0.000000000000,0.000000000000,0.000000000000
0.000000000000,0.000000000000,0.000000000000
0.000000000000,0.000000000000,0.000000000000
0.000000000000,0.000000000000,0.000000000000
0.000000000000,0.000000000000,0.000000000000
0.000000000000,0.000000000000,0.000000000000
0.000000000000,0.000000000000,0.000000000000
0.000000000000,0.000000000000,0.000000000000
0.000000000000,0.000000000000,0.000000000000
0.000000000000,0.000000000000,0.000000000000
0.000000000000,0.000000000000,0.000000000000
0.000000000000,0.000000000000,0.000000000000
0.000000000000,0.000000000000,0.000000000000
0.000000000000,0.000000000000,0.000000000000
0.000000000000,0.000000000000,0.000000000000
0.000000000000,0.000000000000,0.000000000000
0.000000000000,0.000000000000,0.000000000000
0.000000000000,0.000000000000,0.000000000000
0.000000000000,0.000000000000,0.000000000000
0.000000000000,0.000000000000,0.000000000000
0.000000000000,0.000000000000,0.000000000000
0.000000000000,0.000000000000,0.000000000000
0.000000000000,0.000000000000,0.000000000000
0.000000000000,0.000000000000,0.000000000000
0.000000000000,0.000000000000,0.000000000000
0.000000000000,0.000000000000,0.000000000000
0.000000000000,0.000000000000,0.000000000000
0.000000000000,0.000000000000,0.000000000000
0.000000000000,0.000000000000,0.000000000000
0.000000000000,0.000000000000,0.000000000000
0.000000000000,0.000000000000,0.000000000000
0.000000000000,0.000000000000,0.000000000000
0.000000000000,0.000000000000,0.000000000000
0.000000000000,0.000000000000,0.000000000000
0.000000000000,0.000000000000,0.000000000000
0.000000000000,0.000000000000,0.000000000000
0.000000000000,0.000000000000,0.000000000000
0.000000000000,0.000000000000,0.000000000000
0.000000000000,0.000000000000,0.000000000000
0.000000000000,0.000000000000,0.000000000000
0.000000000000,0.000000000000,0.000000000000
0.000000000000,0.000000000000,0.000000000000
0.000000000000,0.000000000000,0.000000000000
0.000000000000,0.000000000000,0.000000000000
0.000000000000,0.000000000000,0.000000000000
0.000000000000,0.000000000000,0.000000000000
0.000000000000,0.000000000000,0.000000000000
0.000000000000,0.000000000000,0.000000000000
0.000000000000,0.000000000000,0.000000000000
0.000000000000,0.000000000000,0.000000000000
0.000000000000,0.000000000000,0.000000000000
0.000000000000,0.000000000000,0.000000000000
0.000000000000,0.000000000000,0.000000000000
0.000000000000,0.000000000000,0.000000000000
0.000000000000,0.000000000000,0.000000000000
0.000000000000,0.000000000000,0.000000000000
0.000000000000,0.000000000000,0.000000000000
0.000000000000,0.000000000000,0.000000000000
0.000000000000,0.000000000000,0.000000000000
0.000000000000,0.000000000000,0.000000000000
0.000000000000,0.000000000000,0.000000000000
0.000000000000,0.000000000000,0.000000000000
0.000000000000,0.000000000000,0.000000000000
0.000000000000,0.000000000000,0.000000000000
0.000000000000,0.000000000000,0.000000000000
0.000000000000,0.000000000000,0.000000000000
0.000000000000,0.000000000000,0.000000000000
0.000000000000,0.000000000000,0.000000000000
0.000000000000,0.000000000000,0.000000000000
0.000000000000,0.000000000000,0.000000000000
0.000000000000,0.000000000000,0.000000000000
0.000000000000,0.000000000000,0.000000000000
0.000000000000,0.000000000000,0.000000000000
0.000000000000,0.000000000000,0.000000000000
0.000000000000,0.000000000000,0.000000000000
0.000000000000,0.000000000000,0.000000000000
0.000000000000,0.000000000000,0.000000000000
0.000000000000,0.000000000000,0.000000000000
0.000000000000,0.000000000000,0.000000000000
0.000000000000,0.000000000000,0.000000000000
0.000000000000,0.000000000000,0.000000000000
0.000000000000,0.000000000000,0.000000000000
0.000000000000,0.000000000000,0.000000000000
0.000000000000,0.000000000000,0.000000000000
0.000000000000,0.000000000000,0.000000000000
0.000000000000,0.000000000000,0.000000000000
0.000000000000,0.000000000000,0.000000000000
0.000000000000,0.000000000000,0.000000000000
0.000000000000,0.000000000000,0.000000000000
0.000000000000,0.000000000000,0.000000000000
0.000000000000,0.000000000000,0.000000000000
0.000000000000,0.000000000000,0.000000000000
0.000000000000,0.000000000000,0.000000000000
0.000000000000,0.000000000000,0.000000000000
0.000000000000,0.000000000000,0.000000000000
0.000000000000,0.000000000000,0.000000000000
0.000000000000,0.000000000000,0.000000000000
0.000000000000,0.000000000000,0.000000000000
0.000000000000,0.000000000000,0.000000000000
0.000000000000,0.000000000000,0.000000000000
0.000000000000,0.000000000000,0.000000000000
0.000000000000,0.000000000000,0.000000000000
0.000000000000,0.000000000000,0.000000000000
0.000000000000,0.000000000000,0.000000000000
0.000000000000,0.000000000000,0.000000000000
0.000000000000,0.000000000000,0.000000000000
0.000000000000,0.000000000000,0.000000000000
0.000000000000,0.000000000000,0.000000000000
0.000000000000,0.000000000000,0.000000000000
0.000000000000,0.000000000000,0.000000000000
0.000000000000,0.000000000000,0.000000000000
1.922542038989,0.000000000000,17.826597985151
0.000000000000,0.000000000000,0.000000000000
0.000000000000,0.000000000000,0.000000000000
0.000000000000,0.000000000000,0.000000000000
0.000000000000,0.000000000000,0.000000000000
0.000000000000,0.000000000000,0.000000000000
0.000000000000,0.000000000000,0.000000000000
0.000000000000,0.000000000000,0.000000000000
0.000000000000,0.000000000000,0.000000000000
0.000000000000,0.000000000000,0.000000000000
0.000000000000,0.000000000000,0.000000000000
0.000000000000,0.000000000000,0.000000000000
0.000000000000,0.000000000000,0.000000000000
0.000000000000,0.000000000000,0.000000000000
0.000000000000,0.000000000000,0.000000000000
0.000000000000,0.000000000000,0.000000000000
0.000000000000,0.000000000000,0.000000000000
0.000000000000,0.000000000000,0.000000000000
0.000000000000,0.000000000000,0.000000000000
0.000000000000,0.000000000000,0.000000000000
0.000000000000,0.000000000000,0.000000000000
0.000000000000,0.000000000000,0.000000000000
0.000000000000,0.000000000000,0.000000000000
0.000000000000,0.000000000000,0.000000000000
0.000000000000,0.000000000000,0.000000000000
0.000000000000,0.000000000000,0.000000000000
0.000000000000,0.000000000000,0.000000000000
0.000000000000,0.000000000000,0.000000000000
0.000000000000,0.000000000000,0.000000000000
0.000000000000,0.000000000000,0.000000000000
0.000000000000,0.000000000000,0.000000000000
0.000000000000,0.000000000000,0.000000000000
0.000000000000,0.000000000000,0.000000000000
0.000000000000,0.000000000000,0.000000000000
0.000000000000,0.000000000000,0.000000000000
0.000000000000,0.000000000000,0.000000000000
0.000000000000,0.000000000000,0.000000000000
0.000000000000,0.000000000000,0.000000000000
0.000000000000,0.000000000000,0.000000000000
0.000000000000,0.000000000000,0.000000000000
0.000000000000,0.000000000000,0.000000000000
0.000000000000,0.000000000000,0.000000000000
0.000000000000,0.000000000000,0.000000000000
0.000000000000,0.000000000000,0.000000000000
0.000000000000,0.000000000000,0.000000000000
0.000000000000,0.000000000000,0.000000000000
0.000000000000,0.000000000000,0.000000000000
0.000000000000,0.000000000000,0.000000000000
0.000000000000,0.000000000000,0.000000000000
0.000000000000,0.000000000000,0.000000000000
0.000000000000,0.000000000000,0.000000000000
0.000000000000,0.000000000000,0.000000000000
0.000000000000,0.000000000000,0.000000000000
0.000000000000,0.000000000000,0.000000000000
0.000000000000,0.000000000000,0.000000000000
0.000000000000,0.000000000000,0.000000000000
0.000000000000,0.000000000000,0.000000000000
0.000000000000,0.000000000000,0.000000000000
0.000000000000,0.000000000000,0.000000000000
0.000000000000,0.000000000000,0.000000000000
0.000000000000,0.000000000000,0.000000000000
0.000000000000,0.000000000000,0.000000000000
0.000000000000,0.000000000000,0.000000000000
0.000000000000,0.000000000000,0.000000000000
0.000000000000,0.000000000000,0.000000000000
0.000000000000,0.000000000000,0.000000000000
0.000000000000,0.000000000000,0.000000000000
0.000000000000,0.000000000000,0.000000000000
0.000000000000,0.000000000000,0.000000000000
0.000000000000,0.000000000000,0.000000000000
0.000000000000,0.000000000000,0.000000000000
0.000000000000,0.000000000000,0.000000000000
0.000000000000,0.000000000000,0.000000000000
0.000000000000,0.000000000000,0.000000000000
0.000000000000,0.000000000000,0.000000000000
0.000000000000,0.000000000000,0.000000000000
0.000000000000,0.000000000000,0.000000000000
0.000000000000,0.000000000000,0.000000000000
0.000000000000,0.000000000000,0.000000000000
0.000000000000,0.000000000000,0.000000000000
0.000000000000,0.000000000000,0.000000000000
0.000000000000,0.000000000000,0.000000000000
0.000000000000,0.000000000000,0.000000000000
0.000000000000,0.000000000000,0.000000000000
0.000000000000,0.000000000000,0.000000000000
0.000000000000,0.000000000000,0.000000000000
0.000000000000,0.000000000000,0.000000000000
0.000000000000,0.000000000000,0.000000000000
0.000000000000,0.000000000000,0.000000000000
0.000000000000,0.000000000000,0.000000000000
0.000000000000,0.000000000000,0.000000000000
0.000000000000,0.000000000000,0.000000000000
0.000000000000,0.000000000000,0.000000000000
0.000000000000,0.000000000000,0.000000000000
0.000000000000,0.000000000000,0.000000000000
0.000000000000,0.000000000000,0.000000000000
0.000000000000,0.000000000000,0.000000000000
0.000000000000,0.000000000000,0.000000000000
0.000000000000,0.000000000000,0.000000000000
0.000000000000,0.000000000000,0.000000000000
0.000000000000,0.000000000000,0.000000000000
0.000000000000,0.000000000000,0.000000000000
0.000000000000,0.000000000000,0.000000000000
0.000000000000,0.000000000000,0.000000000000
0.000000000000,0.000000000000,0.000000000000
0.000000000000,0.000000000000,0.000000000000
0.000000000000,0.000000000000,0.000000000000
0.000000000000,0.000000000000,0.000000000000
0.000000000000,0.000000000000,0.000000000000
0.000000000000,0.000000000000,0.000000000000
0.000000000000,0.000000000000,0.000000000000
0.000000000000,0.000000000000,0.000000000000
0.000000000000,0.000000000000,0.000000000000
0.000000000000,0.000000000000,0.000000000000
0.000000000000,0.000000000000,0.000000000000
0.000000000000,0.000000000000,0.000000000000
0.000000000000,0.000000000000,0.000000000000
0.000000000000,0.000000000000,0.000000000000
0.000000000000,0.000000000000,0.000000000000
0.000000000000,0.000000000000,0.000000000000
0.000000000000,0.000000000000,0.000000000000
0.000000000000,0.000000000000,0.000000000000
0.000000000000,0.000000000000,0.000000000000
0.000000000000,0.000000000000,0.000000000000
0.000000000000,0.000000000000,0.000000000000
0.000000000000,0.000000000000,0.000000000000
0.000000000000,0.000000000000,0.000000000000
0.000000000000,0.000000000000,0.000000000000
0.000000000000,0.000000000000,0.000000000000
0.000000000000,0.000000000000,0.000000000000
0.000000000000,0.000000000000,0.000000000000
0.000000000000,0.000000000000,0.000000000000
0.000000000000,0.000000000000,0.000000000000
0.000000000000,0.000000000000,0.000000000000
0.000000000000,0.000000000000,0.000000000000
0.000000000000,0.000000000000,0.000000000000
0.000000000000,0.000000000000,0.000000000000
0.000000000000,0.000000000000,0.000000000000
0.000000000000,0.000000000000,0.000000000000
0.000000000000,0.000000000000,0.000000000000
0.000000000000,0.000000000000,0.000000000000
0.000000000000,0.000000000000,0.000000000000
0.000000000000,0.000000000000,0.000000000000
0.000000000000,0.000000000000,0.000000000000
0.000000000000,0.000000000000,0.000000000000
0.000000000000,0.000000000000,0.000000000000
0.000000000000,0.000000000000,0.000000000000
0.000000000000,0.000000000000,0.000000000000
0.000000000000,0.000000000000,0.000000000000
0.000000000000,0.000000000000,0.000000000000
0.000000000000,0.000000000000,0.000000000000
0.000000000000,0.000000000000,0.000000000000
0.000000000000,0.000000000000,0.000000000000
0.000000000000,0.000000000000,0.000000000000
0.000000000000,0.000000000000,0.000000000000
0.000000000000,0.000000000000,0.000000000000
0.000000000000,0.000000000000,0.000000000000
0.000000000000,0.000000000000,0.000000000000
0.000000000000,0.000000000000,0.000000000000
0.000000000000,0.000000000000,0.000000000000
0.000000000000,0.000000000000,0.000000000000
0.000000000000,0.000000000000,0.000000000000
0.000000000000,0.000000000000,0.000000000000
0.000000000000,0.000000000000,0.000000000000
0.000000000000,0.000000000000,0.000000000000
0.000000000000,0.000000000000,0.000000000000
0.000000000000,0.000000000000,0.000000000000
0.000000000000,0.000000000000,0.000000000000
0.000000000000,0.000000000000,0.000000000000
0.000000000000,0.000000000000,0.000000000000
0.000000000000,0.000000000000,0.000000000000
0.000000000000,0.000000000000,0.000000000000
0.000000000000,0.000000000000,0.000000000000
0.000000000000,0.000000000000,0.000000000000
0.000000000000,0.000000000000,0.000000000000
0.000000000000,0.000000000000,0.000000000000
0.000000000000,0.000000000000,0.000000000000
0.000000000000,0.000000000000,0.000000000000
0.000000000000,0.000000000000,0.000000000000
0.000000000000,0.000000000000,0.000000000000
0.000000000000,0.000000000000,0.000000000000
0.000000000000,0.000000000000,0.000000000000
0.000000000000,0.000000000000,0.000000000000
0.000000000000,0.000000000000,0.000000000000
0.000000000000,0.000000000000,0.000000000000
51.652345574523,30.598302612288,1.056139097551
53.379638996083,35.620155872674,2.225885860251
54.627481326955,38.101030184048,3.458675262680
54.389952458483,40.060034168833,5.655579683284
57.195552650272,42.329841510643,5.119848145413
0.000000000000,0.000000000000,0.000000000000
58.317371543460,45.520669525653,7.187428720809
59.567648066118,48.010001334003,8.430387888344
59.316510148748,50.196725101220,9.551935835756
57.887757329026,52.541099856228,10.212302325614
0.000000000000,0.000000000000,0.000000000000
0.000000000000,0.000000000000,0.000000000000
0.000000000000,0.000000000000,0.000000000000
0.000000000000,0.000000000000,0.000000000000
0.000000000000,0.000000000000,0.000000000000
0.000000000000,0.000000000000,0.000000000000
0.000000000000,0.000000000000,0.000000000000
0.000000000000,0.000000000000,0.000000000000
0.000000000000,0.000000000000,0.000000000000
0.000000000000,0.000000000000,0.000000000000
0.000000000000,0.000000000000,0.000000000000
0.000000000000,0.000000000000,0.000000000000
0.000000000000,0.000000000000,0.000000000000
0.000000000000,0.000000000000,0.000000000000
0.000000000000,0.000000000000,0.000000000000
0.000000000000,0.000000000000,0.000000000000
0.000000000000,0.000000000000,0.000000000000
0.000000000000,0.000000000000,0.000000000000
0.000000000000,0.000000000000,0.000000000000
0.000000000000,0.000000000000,0.000000000000
0.000000000000,0.000000000000,0.000000000000
0.000000000000,0.000000000000,0.000000000000
0.000000000000,0.000000000000,0.000000000000
0.000000000000,0.000000000000,0.000000000000
0.000000000000,0.000000000000,0.000000000000
0.000000000000,0.000000000000,0.000000000000
0.000000000000,0.000000000000,0.000000000000
0.000000000000,0.000000000000,0.000000000000
0.000000000000,0.000000000000,0.000000000000
0.000000000000,0.000000000000,0.000000000000
0.000000000000,0.000000000000,0.000000000000
0.000000000000,0.000000000000,0.000000000000
0.000000000000,0.000000000000,0.000000000000
0.000000000000,0.000000000000,0.000000000000
0.000000000000,0.000000000000,0.000000000000
0.000000000000,0.000000000000,0.000000000000
0.000000000000,0.000000000000,0.000000000000
0.000000000000,0.000000000000,0.000000000000
0.000000000000,0.000000000000,0.000000000000
0.000000000000,0.000000000000,0.000000000000
0.000000000000,0.000000000000,0.000000000000
0.000000000000,0.000000000000,0.000000000000
0.000000000000,0.000000000000,0.000000000000
0.000000000000,0.000000000000,0.000000000000
0.000000000000,0.000000000000,0.000000000000
0.000000000000,0.000000000000,0.000000000000
0.000000000000,0.000000000000,0.000000000000
0.000000000000,0.000000000000,0.000000000000
0.000000000000,0.000000000000,0.000000000000
0.000000000000,0.000000000000,0.000000000000
0.000000000000,0.000000000000,0.000000000000
0.000000000000,0.000000000000,0.000000000000
0.000000000000,0.000000000000,0.000000000000
0.000000000000,0.000000000000,0.000000000000
0.000000000000,0.000000000000,0.000000000000
0.000000000000,0.000000000000,0.000000000000
0.000000000000,0.000000000000,0.000000000000
0.000000000000,0.000000000000,0.000000000000
0.000000000000,0.000000000000,0.000000000000
0.000000000000,0.000000000000,0.000000000000
0.000000000000,0.000000000000,0.000000000000
0.000000000000,0.000000000000,0.000000000000
0.000000000000,0.000000000000,0.000000000000
0.000000000000,0.000000000000,0.000000000000
0.000000000000,0.000000000000,0.000000000000
0.000000000000,0.000000000000,0.000000000000
0.000000000000,0.000000000000,0.000000000000
0.000000000000,0.000000000000,0.000000000000
0.000000000000,0.000000000000,0.000000000000
0.000000000000,0.000000000000,0.000000000000
0.000000000000,0.000000000000,0.000000000000
0.000000000000,0.000000000000,0.000000000000
0.000000000000,0.000000000000,0.000000000000
0.000000000000,0.000000000000,0.000000000000
0.000000000000,0.000000000000,0.000000000000
0.000000000000,0.000000000000,0.000000000000
0.000000000000,0.000000000000,0.000000000000
0.000000000000,0.000000000000,0.000000000000
0.000000000000,0.000000000000,0.000000000000
0.000000000000,0.000000000000,0.000000000000
0.000000000000,0.000000000000,0.000000000000
0.000000000000,0.000000000000,0.000000000000
0.000000000000,0.000000000000,0.000000000000
0.000000000000,0.000000000000,0.000000000000
0.000000000000,0.000000000000,0.000000000000
0.000000000000,0.000000000000,0.000000000000
0.000000000000,0.000000000000,0.000000000000
0.000000000000,0.000000000000,0.000000000000
0.000000000000,0.000000000000,0.000000000000
0.000000000000,0.000000000000,0.000000000000
0.000000000000,0.000000000000,0.000000000000
0.000000000000,0.000000000000,0.000000000000
0.000000000000,0.000000000000,0.000000000000
0.000000000000,0.000000000000,0.000000000000
0.000000000000,0.000000000000,0.000000000000
0.000000000000,0.000000000000,0.000000000000
0.000000000000,0.000000000000,0.000000000000
0.000000000000,0.000000000000,0.000000000000
0.000000000000,0.000000000000,0.000000000000
0.000000000000,0.000000000000,0.000000000000
0.000000000000,0.000000000000,0.000000000000
0.000000000000,0.000000000000,0.000000000000
0.000000000000,0.000000000000,0.000000000000
0.000000000000,0.000000000000,0.000000000000
0.000000000000,0.000000000000,0.000000000000
0.000000000000,0.000000000000,0.000000000000
0.000000000000,0.000000000000,0.000000000000
0.000000000000,0.000000000000,0.000000000000
0.000000000000,0.000000000000,0.000000000000
0.000000000000,0.000000000000,0.000000000000
0.000000000000,0.000000000000,0.000000000000
0.000000000000,0.000000000000,0.000000000000
0.000000000000,0.000000000000,0.000000000000
0.000000000000,0.000000000000,0.000000000000
0.000000000000,0.000000000000,0.000000000000
0.000000000000,0.000000000000,0.000000000000
0.000000000000,0.000000000000,0.000000000000
0.000000000000,0.000000000000,0.000000000000
0.000000000000,0.000000000000,0.000000000000
0.000000000000,0.000000000000,0.000000000000
0.000000000000,0.000000000000,0.000000000000
0.000000000000,0.000000000000,0.000000000000
0.000000000000,0.000000000000,0.000000000000
0.000000000000,0.000000000000,0.000000000000
0.000000000000,0.000000000000,0.000000000000
0.000000000000,0.000000000000,0.000000000000
0.000000000000,0.000000000000,0.000000000000
0.000000000000,0.000000000000,0.000000000000
0.000000000000,0.000000000000,0.000000000000
0.000000000000,0.000000000000,0.000000000000
0.000000000000,0.000000000000,0.000000000000
0.000000000000,0.000000000000,0.000000000000
0.000000000000,0.000000000000,0.000000000000
0.000000000000,0.000000000000,0.000000000000
0.000000000000,0.000000000000,0.000000000000
0.000000000000,0.000000000000,0.000000000000
0.000000000000,0.000000000000,0.000000000000
0.000000000000,0.000000000000,0.000000000000
0.000000000000,0.000000000000,0.000000000000
0.000000000000,0.000000000000,0.000000000000
0.000000000000,0.000000000000,0.000000000000
0.000000000000,0.000000000000,0.000000000000
0.000000000000,0.000000000000,0.000000000000
0.000000000000,0.000000000000,0.000000000000
0.000000000000,0.000000000000,0.000000000000
0.000000000000,0.000000000000,0.000000000000
0.000000000000,0.000000000000,0.000000000000
0.000000000000,0.000000000000,0.000000000000
0.000000000000,0.000000000000,0.000000000000
0.000000000000,0.000000000000,0.000000000000
0.000000000000,0.000000000000,0.000000000000
0.000000000000,0.000000000000,0.000000000000
0.000000000000,0.000000000000,0.000000000000
0.000000000000,0.000000000000,0.000000000000
0.000000000000,0.000000000000,0.000000000000
0.000000000000,0.000000000000,0.000000000000
0.000000000000,0.000000000000,0.000000000000
0.000000000000,0.000000000000,0.000000000000
0.000000000000,0.000000000000,0.000000000000
0.000000000000,0.000000000000,0.000000000000
0.000000000000,0.000000000000,0.000000000000
0.000000000000,0.000000000000,0.000000000000
0.000000000000,0.000000000000,0.000000000000
0.000000000000,0.000000000000,0.000000000000
0.000000000000,0.000000000000,0.000000000000
0.000000000000,0.000000000000,0.000000000000
0.000000000000,0.000000000000,0.000000000000
0.000000000000,0.000000000000,0.000000000000
0.000000000000,0.000000000000,0.000000000000
0.000000000000,0.000000000000,0.000000000000
0.000000000000,0.000000000000,0.000000000000
0.000000000000,0.000000000000,0.000000000000
0.000000000000,0.000000000000,0.000000000000
32.246882650550,57.940157062374,45.693274411824
0.000000000000,0.000000000000,0.000000000000
0.000000000000,0.000000000000,0.000000000000
35.678834379922,3.163602993580,47.564168994374
36.909306162249,5.644673760759,48.814469559587
38.043145904167,7.807991949582,49.844889242642
39.061376367273,9.844888249735,50.863567267541
40.066134525618,11.854372909513,51.868294146895
41.084780712676,13.891383848990,52.886646880524
42.126014579691,16.057139376616,54.010445767014
43.343711481404,18.561553320351,55.296242165218
0.000000000000,0.000000000000,0.000000000000
0.000000000000,0.000000000000,0.000000000000
0.000000000000,0.000000000000,0.000000000000
0.000000000000,0.000000000000,0.000000000000
0.000000000000,0.000000000000,0.000000000000
0.000000000000,0.000000000000,0.000000000000
49.281979639819,28.219123968721,0.959632540581
50.520035572647,30.767029705349,0.328033453018
51.611413627222,33.011746018814,1.486661448286
52.661718959975,35.382318761634,2.805436282896
52.863005724007,37.727070491699,4.948326519292
56.324785953424,39.631011110540,3.412584128517
55.547858530013,41.243390696891,5.779670641006
56.706082727157,43.124136136266,6.505101207673
57.856601386449,45.457497116991,7.687562608048
59.318320218847,49.524713277650,10.297825504051
0.000000000000,0.000000000000,0.000000000000
0.000000000000,0.000000000000,0.000000000000
0.000000000000,0.000000000000,0.000000000000
0.000000000000,0.000000000000,0.000000000000
0.000000000000,0.000000000000,0.000000000000
0.000000000000,0.000000000000,0.000000000000
0.000000000000,0.000000000000,0.000000000000
0.000000000000,0.000000000000,0.000000000000
0.000000000000,0.000000000000,0.000000000000
0.000000000000,0.000000000000,0.000000000000
0.000000000000,0.000000000000,0.000000000000
0.000000000000,0.000000000000,0.000000000000
0.000000000000,0.000000000000,0.000000000000
0.000000000000,0.000000000000,0.000000000000
0.000000000000,0.000000000000,0.000000000000
0.000000000000,0.000000000000,0.000000000000
0.000000000000,0.000000000000,0.000000000000
0.000000000000,0.000000000000,0.000000000000
0.000000000000,0.000000000000,0.000000000000
0.000000000000,0.000000000000,0.000000000000
0.000000000000,0.000000000000,0.000000000000
0.000000000000,0.000000000000,0.000000000000
0.000000000000,0.000000000000,0.000000000000
0.000000000000,0.000000000000,0.000000000000
0.000000000000,0.000000000000,0.000000000000
0.000000000000,0.000000000000,0.000000000000
0.000000000000,0.000000000000,0.000000000000
0.000000000000,0.000000000000,0.000000000000
0.000000000000,0.000000000000,0.000000000000
0.000000000000,0.000000000000,0.000000000000
0.000000000000,0.000000000000,0.000000000000
0.000000000000,0.000000000000,0.000000000000
0.000000000000,0.000000000000,0.000000000000
0.000000000000,0.000000000000,0.000000000000
0.000000000000,0.000000000000,0.000000000000
0.000000000000,0.000000000000,0.000000000000
0.000000000000,0.000000000000,0.000000000000
0.000000000000,0.000000000000,0.000000000000
0.000000000000,0.000000000000,0.000000000000
0.000000000000,0.000000000000,0.000000000000
0.000000000000,0.000000000000,0.000000000000
0.000000000000,0.000000000000,0.000000000000
0.000000000000,0.000000000000,0.000000000000
0.000000000000,0.000000000000,0.000000000000
0.000000000000,0.000000000000,0.000000000000
0.000000000000,0.000000000000,0.000000000000
0.000000000000,0.000000000000,0.000000000000
0.000000000000,0.000000000000,0.000000000000
0.000000000000,0.000000000000,0.000000000000
0.000000000000,0.000000000000,0.000000000000
0.000000000000,0.000000000000,0.000000000000
0.000000000000,0.000000000000,0.000000000000
0.000000000000,0.000000000000,0.000000000000
0.000000000000,0.000000000000,0.000000000000
0.000000000000,0.000000000000,0.000000000000
0.000000000000,0.000000000000,0.000000000000
0.000000000000,0.000000000000,0.000000000000
0.000000000000,0.000000000000,0.000000000000
0.000000000000,0.000000000000,0.000000000000
0.000000000000,0.000000000000,0.000000000000
0.000000000000,0.000000000000,0.000000000000
0.000000000000,0.000000000000,0.000000000000
0.000000000000,0.000000000000,0.000000000000
0.000000000000,0.000000000000,0.000000000000
0.000000000000,0.000000000000,0.000000000000
0.000000000000,0.000000000000,0.000000000000
0.000000000000,0.000000000000,0.000000000000
0.000000000000,0.000000000000,0.000000000000
0.000000000000,0.000000000000,0.000000000000
0.000000000000,0.000000000000,0.000000000000
0.000000000000,0.000000000000,0.000000000000
0.000000000000,0.000000000000,0.000000000000
0.000000000000,0.000000000000,0.000000000000
0.000000000000,0.000000000000,0.000000000000
0.000000000000,0.000000000000,0.000000000000
0.000000000000,0.000000000000,0.000000000000
0.000000000000,0.000000000000,0.000000000000
0.000000000000,0.000000000000,0.000000000000
0.000000000000,0.000000000000,0.000000000000
0.000000000000,0.000000000000,0.000000000000
0.000000000000,0.000000000000,0.000000000000
0.000000000000,0.000000000000,0.000000000000
0.000000000000,0.000000000000,0.000000000000
0.000000000000,0.000000000000,0.000000000000
0.000000000000,0.000000000000,0.000000000000
0.000000000000,0.000000000000,0.000000000000
0.000000000000,0.000000000000,0.000000000000
