x,y,z
42.960396141733,35.608092121487,7.995964463846
60.000000000000,25.571877553901,7.730663196090
5.605819554641,21.533151419397,52.553457375474
2.465077821185,15.132493470393,36.695681878568
6.285306687917,15.635628864847,23.642537468865
60.000000000000,0.000000000000,60.000000000000
5.744958590693,4.516577968290,26.683788720666
60.000000000000,0.000000000000,60.000000000000
5.000278030853,57.495309450687,52.333188128013
60.000000000000,0.000000000000,60.000000000000
8.133997665915,26.251109359366,47.591745537145
60.000000000000,0.000000000000,60.000000000000
60.000000000000,60.000000000000,60.000000000000
60.000000000000,60.000000000000,60.000000000000
3.678730413809,15.825616247800,18.769826322353
51.264472404178,18.645636987080,53.426705546426
3.334404384200,5.715243404597,47.126717669846
2.736050939898,33.572035994817,38.749812124147
4.122227842391,41.907018623670,25.573998253868
2.511488111002,48.155791464151,46.632162651764
4.107958633117,38.021196642339,8.344677049290
4.944820677872,13.510138845974,16.125927813397
60.000000000000,60.000000000000,60.000000000000
60.000000000000,0.000000000000,60.000000000000
8.444989762815,34.543810632564,51.996955986586
4.593866883973,38.445846035299,35.155702079705
60.000000000000,0.000000000000,60.000000000000
60.000000000000,0.000000000000,60.000000000000
52.443142961362,6.888799706053,36.276455306185
60.000000000000,60.000000000000,60.000000000000
0.217714332592,46.132144889993,43.399663930844
3.351889051763,60.000000000000,60.000000000000
6.359006786271,4.158748733512,3.216575013189
6.939680892840,34.026286860375,22.405250760440
0.078737320417,7.197063167616,46.466302289362
60.000000000000,60.000000000000,60.000000000000
31.081094008863,28.726972295870,44.195571188301
15.832982794867,1.545292673543,20.574590971075
3.331442488510,10.600849958823,42.715782772045
47.438618812574,48.233190651698,59.576079037335
60.000000000000,0.000000000000,60.000000000000
0.524431201521,29.572148567828,32.487861010309
7.325774091763,5.319508464545,51.515192944832
53.505821230027,60.000000000000,42.413196680798
29.003105969665,21.301715421185,5.812518058756
60.000000000000,60.000000000000,42.757948152779
5.555523253319,27.220532095500,25.647662231387
5.147418758667,60.000000000000,31.782880974612
60.000000000000,0.000000000000,60.000000000000
6.259359683294,34.312502608356,39.862305250756
0.860693183405,23.114446964363,45.175157871037
5.198289685282,60.000000000000,26.255959379203
6.849431877518,9.560237256168,51.777488735100
60.000000000000,60.000000000000,60.000000000000
60.000000000000,0.000000000000,60.000000000000
60.000000000000,0.000000000000,60.000000000000
60.000000000000,60.000000000000,60.000000000000
5.541702556017,33.272223458267,30.380408167917
0.408102542628,20.216439306404,25.528378678060
40.430303430071,60.000000000000,51.760547571645
44.292913689970,60.000000000000,60.000000000000
60.000000000000,60.000000000000,60.000000000000
0.298395311032,21.198115633927,2.380131959614
19.456093670385,28.871842100175,19.325971008932
60.000000000000,60.000000000000,60.000000000000
28.287031326993,40.104477628818,48.665596772827
1.730363467162,18.455430820991,12.605145647734
60.000000000000,0.000000000000,60.000000000000
1.467794151324,50.184401573622,11.537064302111
60.000000000000,60.000000000000,60.000000000000
5.492483850326,14.181041340582,6.868773302635
60.000000000000,60.000000000000,60.000000000000
3.269159202680,33.349434765566,4.711678571264
60.000000000000,32.841614197771,35.926602461223
60.000000000000,49.324264604183,33.779653395214
29.285496348300,32.882258841626,14.572814167360
60.000000000000,60.000000000000,60.000000000000
14.937558726373,60.000000000000,60.000000000000
60.000000000000,0.000000000000,60.000000000000
60.000000000000,0.000000000000,60.000000000000
21.226682650189,29.912762245644,47.605603746018
60.000000000000,0.000000000000,60.000000000000
60.000000000000,60.000000000000,60.000000000000
0.900427660865,32.479850539577,24.571010722850
38.834407454945,4.747972918492,3.398800584622
16.141838366148,60.000000000000,0.645536730400
60.000000000000,60.000000000000,60.000000000000
8.892872135532,30.892274866688,37.515370961088
24.599973474723,31.229198151381,6.408334776295
60.000000000000,60.000000000000,0.000000000000
4.477847637143,32.329534820533,19.381772402431
17.554637114025,35.935589558946,30.440910797314
1.642501240925,41.470532572705,51.385309302806
60.000000000000,60.000000000000,60.000000000000
51.888389844446,52.677674086763,22.980939010594
60.000000000000,60.000000000000,60.000000000000
6.748432608141,25.925759456790,45.222363864221
34.085351444815,41.894644409949,27.737611873048
60.000000000000,60.000000000000,60.000000000000
7.627721209653,19.623251093200,23.851033661384
5.451757454014,45.992115504532,40.416859517486
60.000000000000,60.000000000000,60.000000000000
60.000000000000,60.000000000000,60.000000000000
60.000000000000,60.000000000000,60.000000000000
1.207605828381,60.000000000000,29.068552343675
60.000000000000,60.000000000000,60.000000000000
60.000000000000,60.000000000000,60.000000000000
60.000000000000,60.000000000000,60.000000000000
60.000000000000,0.000000000000,60.000000000000
60.000000000000,60.000000000000,60.000000000000
60.000000000000,60.000000000000,60.000000000000
60.000000000000,60.000000000000,60.000000000000
25.422148085792,54.857137956643,36.381934550644
60.000000000000,60.000000000000,60.000000000000
3.448473019707,42.293397938516,46.939474961282
60.000000000000,60.000000000000,60.000000000000
31.159076131003,58.110779226470,6.333371050100
60.000000000000,60.000000000000,60.000000000000
30.817067393933,35.071585823500,44.542958475869
60.000000000000,60.000000000000,60.000000000000
60.000000000000,60.000000000000,39.264605253803
60.000000000000,60.000000000000,60.000000000000
6.994500774026,2.975781035728,49.777539569035
0.813015118091,29.657146297093,29.359987909393
14.739015365477,60.000000000000,2.493612040507
41.648826471896,47.953045032832,47.473158388113
60.000000000000,60.000000000000,60.000000000000
60.000000000000,60.000000000000,60.000000000000
56.380011856119,22.098253203947,21.424919568192
60.000000000000,60.000000000000,60.000000000000
20.822183892008,34.298474248090,50.601252517099
60.000000000000,60.000000000000,60.000000000000
60.000000000000,60.000000000000,60.000000000000
60.000000000000,60.000000000000,60.000000000000
0.804470296431,8.670311329208,26.135413943518
60.000000000000,60.000000000000,60.000000000000
2.986833527036,35.996819045126,10.488827996257
60.000000000000,60.000000000000,60.000000000000
35.076002907522,60.000000000000,13.339058577865
60.000000000000,60.000000000000,60.000000000000
4.316916727138,0.895538063442,17.611509782173
41.741147829980,36.479536263937,36.408963305697
60.000000000000,60.000000000000,60.000000000000
60.000000000000,2.285121118755,8.509013244735
60.000000000000,60.000000000000,60.000000000000
60.000000000000,0.000000000000,60.000000000000
8.948222881008,28.685022309193,40.454597235520
60.000000000000,60.000000000000,60.000000000000
5.400343535397,5.079107883105,47.553266516931
43.257847126684,58.975388620590,14.143494040187
6.196340062634,35.463665557340,3.456917480248
60.000000000000,60.000000000000,60.000000000000
60.000000000000,52.272522014896,48.877168604801
2.610962706524,15.823826902611,39.216800115755
60.000000000000,60.000000000000,60.000000000000
60.000000000000,60.000000000000,60.000000000000
60.000000000000,60.000000000000,60.000000000000
60.000000000000,60.000000000000,60.000000000000
60.000000000000,60.000000000000,60.000000000000
60.000000000000,60.000000000000,60.000000000000
24.339770273936,41.271750095689,5.865284569784
60.000000000000,20.508093778414,47.562263265533
60.000000000000,60.000000000000,60.000000000000
60.000000000000,60.000000000000,60.000000000000
60.000000000000,60.000000000000,60.000000000000
2.854255729255,28.565341617856,35.240453658169
39.448938892536,26.098575553828,8.262211303283
60.000000000000,60.000000000000,60.000000000000
3.991561880523,48.557443090386,19.811859668422
60.000000000000,60.000000000000,60.000000000000
60.000000000000,60.000000000000,60.000000000000
60.000000000000,60.000000000000,60.000000000000
5.106499454683,54.216141203082,18.383678567509
60.000000000000,60.000000000000,60.000000000000
60.000000000000,60.000000000000,60.000000000000
60.000000000000,60.000000000000,60.000000000000
60.000000000000,60.000000000000,60.000000000000
56.443950994145,60.000000000000,0.797443954840
6.183765369660,20.819116123885,39.755418845900
60.000000000000,60.000000000000,60.000000000000
9.514793180416,18.383287658255,26.248833596286
24.025907694167,3.073999259149,45.503339181070
0.761706309857,52.064344028668,4.103176817942
60.000000000000,60.000000000000,60.000000000000
24.775763958052,44.279964538200,60.000000000000
60.000000000000,60.000000000000,60.000000000000
60.000000000000,60.000000000000,60.000000000000
60.000000000000,60.000000000000,60.000000000000
7.309022452905,14.447854385762,49.855892746287
60.000000000000,60.000000000000,60.000000000000
60.000000000000,60.000000000000,60.000000000000
60.000000000000,60.000000000000,60.000000000000
8.485997851843,1.141508555318,51.691370053510
60.000000000000,60.000000000000,60.000000000000
60.000000000000,51.544354664669,28.487664121813
13.168051905370,6.078408948762,53.144536172031
60.000000000000,58.794588197417,35.695599496275
6.747666382936,60.000000000000,8.009892345723
60.000000000000,60.000000000000,60.000000000000
60.000000000000,60.000000000000,60.000000000000
60.000000000000,60.000000000000,60.000000000000
53.251662558757,15.836539532834,27.323166464245
1.884743017745,13.841252522133,50.765450773056
60.000000000000,60.000000000000,60.000000000000
60.000000000000,60.000000000000,60.000000000000
60.000000000000,60.000000000000,60.000000000000
60.000000000000,5.829909457832,19.390781061190
60.000000000000,60.000000000000,60.000000000000
3.956038296373,30.022820804900,15.093616579578
33.935884841176,47.941082440820,10.370558385704
21.429383174729,60.000000000000,15.705182437564
60.000000000000,60.000000000000,60.000000000000
60.000000000000,60.000000000000,60.000000000000
60.000000000000,60.000000000000,60.000000000000
6.042238065847,28.952595089892,43.093366273660
46.130057244526,19.463865196495,60.000000000000
7.969846554348,4.699949763182,10.123534560321
60.000000000000,60.000000000000,60.000000000000
3.810476697150,51.208425426209,21.985669311356
60.000000000000,60.000000000000,60.000000000000
60.000000000000,60.000000000000,60.000000000000
60.000000000000,60.000000000000,60.000000000000
4.645001834598,23.096786649940,54.940863674169
60.000000000000,60.000000000000,60.000000000000
7.846509088307,45.701728073680,10.451135625795
60.000000000000,60.000000000000,60.000000000000
8.507454150574,42.922561007868,34.712369938578
16.384835724967,58.620972032489,19.519281182602
5.596380274583,56.147099094281,0.337278632619
58.017260473102,42.913639663398,1.225344685736
51.788627680218,27.504544289605,60.000000000000
60.000000000000,60.000000000000,60.000000000000
60.000000000000,60.000000000000,60.000000000000
8.053563291000,36.157350078138,27.429684803681
2.129660369833,1.894015244514,19.390490959845
60.000000000000,60.000000000000,60.000000000000
60.000000000000,60.000000000000,60.000000000000
2.045687363406,33.597326637906,26.937864904307
1.827418368365,14.258685652923,18.076575563510
5.303782009607,23.536292206382,39.734225187473
60.000000000000,60.000000000000,60.000000000000
60.000000000000,0.000000000000,60.000000000000
28.615400571605,29.679808640003,22.032102562099
60.000000000000,60.000000000000,60.000000000000
7.341679236658,27.561670987781,18.399594935424
60.000000000000,60.000000000000,60.000000000000
60.000000000000,60.000000000000,60.000000000000
60.000000000000,60.000000000000,60.000000000000
45.069801010480,54.649304478113,54.199108570210
60.000000000000,60.000000000000,60.000000000000
3.111714427832,44.249274972669,32.791376389873
60.000000000000,60.000000000000,60.000000000000
60.000000000000,60.000000000000,60.000000000000
58.929038518215,15.529706920598,25.503241160586
6.326754238677,44.475682164191,60.000000000000
60.000000000000,60.000000000000,60.000000000000
0.957470880982,7.451051669819,33.208891141961
60.000000000000,60.000000000000,60.000000000000
60.000000000000,30.440175754679,37.445534153192
60.000000000000,60.000000000000,60.000000000000
4.800443464473,46.401023471853,2.888382926076
60.000000000000,0.000000000000,60.000000000000
60.000000000000,60.000000000000,60.000000000000
60.000000000000,60.000000000000,60.000000000000
20.911661849472,5.455377430275,39.499438369037
60.000000000000,15.452233948135,60.000000000000
43.177673372190,19.665561044152,20.807555019067
60.000000000000,60.000000000000,60.000000000000
60.000000000000,60.000000000000,60.000000000000
8.290186428245,37.262874820842,24.099124173209
9.920725763688,21.390910380445,16.502652104302
60.000000000000,60.000000000000,60.000000000000
49.567326074521,45.642769372023,57.334960173983
60.000000000000,0.000000000000,60.000000000000
60.000000000000,60.000000000000,60.000000000000
60.000000000000,60.000000000000,60.000000000000
4.748843821009,31.338147801865,25.193708873752
60.000000000000,60.000000000000,60.000000000000
60.000000000000,60.000000000000,60.000000000000
60.000000000000,60.000000000000,60.000000000000
6.531991398503,7.299014416144,18.176899772370
60.000000000000,60.000000000000,60.000000000000
60.000000000000,60.000000000000,60.000000000000
60.000000000000,30.883887964794,58.132462758273
35.580958509626,60.000000000000,60.000000000000
41.979301338191,47.066937648196,57.446288032113
60.000000000000,60.000000000000,60.000000000000
60.000000000000,60.000000000000,0.000000000000
10.238412766004,40.241381790471,28.057075465400
60.000000000000,60.000000000000,60.000000000000
60.000000000000,60.000000000000,60.000000000000
60.000000000000,60.000000000000,60.000000000000
60.000000000000,60.000000000000,60.000000000000
60.000000000000,60.000000000000,60.000000000000
2.376601588418,8.882142865272,14.748693151475
60.000000000000,60.000000000000,60.000000000000
5.951292689803,26.995932244633,15.184293006007
1.103780048390,26.303285450108,34.477586282237
60.000000000000,0.000000000000,48.601653441419
60.000000000000,60.000000000000,60.000000000000
36.950323417931,9.034423822025,9.907277570741
23.570171414216,28.344540054946,37.060776522468
13.987268532075,3.216114800046,52.549765734414
60.000000000000,60.000000000000,60.000000000000
60.000000000000,60.000000000000,60.000000000000
60.000000000000,0.000000000000,60.000000000000
10.143258463354,45.584470227530,46.991610671511
60.000000000000,0.000000000000,60.000000000000
15.655528978158,34.830260485110,2.598240682776
10.015784888188,33.344609696118,27.312888559974
14.776457154115,7.735830889353,25.670481583836
10.048394166561,29.211041750849,38.523452314003
0.737884244687,22.635770849774,2.492050238832
60.000000000000,0.000000000000,60.000000000000
9.856332406819,46.017923817039,50.749698751282
52.211634051222,38.902646971329,52.188002629938
16.998362258000,21.863364934897,49.890829256534
14.089874994424,39.246035562014,52.451536773124
10.352894829893,17.988676081281,42.062009780456
11.999329477347,35.820935288225,19.699955664447
10.215013735046,43.003358421932,49.638293224376
60.000000000000,0.000000000000,60.000000000000
8.522627528080,60.000000000000,60.000000000000
12.133701833051,60.000000000000,22.505389221291
39.145648542951,38.978213570985,18.427368742316
10.140314561700,31.954704542675,30.254240068815
7.425833600422,60.000000000000,25.585153644796
8.989403394644,60.000000000000,39.926835650367
13.044402182925,13.899210160244,6.258699668538
60.000000000000,60.000000000000,60.000000000000
16.335982882623,24.910086141747,12.403915502390
16.556561216653,34.764729393022,34.929900183437
45.862444821959,19.969471281608,16.742248841768
16.798095455785,41.645208327887,28.484789781765
9.021010979055,5.677700634880,58.837979357524
60.000000000000,60.000000000000,60.000000000000
12.153703350788,26.633017069505,5.836368898350
9.025710510711,34.683381363621,55.091826182907
57.199451631547,3.947805678202,42.379368772387
13.161129314454,29.851299063787,40.065313921969
60.000000000000,0.000000000000,60.000000000000
8.547615101088,32.049728281828,21.816916869278
60.000000000000,0.000000000000,60.000000000000
2.015733086416,0.716124718534,1.781154733362
60.000000000000,60.000000000000,60.000000000000
60.000000000000,0.000000000000,60.000000000000
9.572016551927,11.419883507741,34.224206486458
60.000000000000,57.269337221634,50.788818343317
60.000000000000,0.000000000000,60.000000000000
50.304497760976,22.139745901171,29.501871852618
28.682145321125,60.000000000000,47.977024006426
38.537268220565,2.502726740875,23.985809271849
11.427737299022,27.622882690766,15.051894716770
57.490045543302,18.721040395621,20.732269129991
60.000000000000,0.000000000000,60.000000000000
23.395508262380,60.000000000000,45.316511968838
14.541191586405,60.000000000000,3.608434580274
37.044120632879,38.164714074665,57.704729366313
16.959242875534,6.026133389660,9.320255495824
60.000000000000,60.000000000000,60.000000000000
13.476537565613,4.866300370990,19.392814959935
60.000000000000,0.000000000000,60.000000000000
60.000000000000,60.000000000000,0.000000000000
60.000000000000,0.000000000000,60.000000000000
60.000000000000,60.000000000000,60.000000000000
60.000000000000,0.000000000000,60.000000000000
10.011688701657,18.080875629701,53.587540783034
60.000000000000,0.000000000000,60.000000000000
7.225511470561,41.013773277887,54.068465879467
16.677960545602,15.631325699331,20.981634969383
17.208313730399,51.326045706024,35.328222298130
60.000000000000,0.000000000000,60.000000000000
16.754245155930,5.286188571147,14.186019857457
60.000000000000,0.000000000000,60.000000000000
10.159513181129,29.822961221176,17.790563912536
60.000000000000,0.000000000000,60.000000000000
40.466557059092,50.351144733283,1.812793258328
60.000000000000,21.207723989767,60.000000000000
60.000000000000,0.000000000000,60.000000000000
60.000000000000,0.000000000000,60.000000000000
16.382608227254,43.813920751565,51.603712205558
60.000000000000,0.000000000000,60.000000000000
60.000000000000,60.000000000000,60.000000000000
17.297842979801,29.105920951324,29.666655567455
48.790583445030,43.426466863141,44.033271759783
25.721577611657,29.449432841104,11.829621647585
60.000000000000,60.000000000000,60.000000000000
13.203127690697,26.573015525797,22.314297716619
46.332481221844,51.489020450236,21.958641971544
19.921681681040,24.516224798986,19.657914451497
0.677374880982,40.919108006289,22.451219639812
52.421695841165,52.852371739836,40.183687712259
60.000000000000,60.000000000000,60.000000000000
60.000000000000,60.000000000000,60.000000000000
11.822438701509,30.620135947654,41.846770011438
60.000000000000,0.000000000000,60.000000000000
15.304331197989,36.984212513717,15.073160997584
0.576289739106,49.380490570553,24.135498094820
60.000000000000,0.000000000000,60.000000000000
19.596432788543,35.845024898176,20.738986307241
57.746703375083,11.146820381410,54.855334421870
60.000000000000,60.000000000000,60.000000000000
60.000000000000,0.000000000000,60.000000000000
60.000000000000,0.000000000000,60.000000000000
60.000000000000,60.000000000000,60.000000000000
60.000000000000,0.000000000000,60.000000000000
60.000000000000,60.000000000000,60.000000000000
60.000000000000,0.000000000000,60.000000000000
22.398803432110,60.000000000000,18.246849444304
60.000000000000,60.000000000000,0.000000000000
0.715854908958,19.199842426081,54.396979245410
60.000000000000,0.000000000000,60.000000000000
10.541252996669,2.749006261349,9.502126896500
60.000000000000,19.963180124263,22.803569715143
60.000000000000,60.000000000000,60.000000000000
60.000000000000,3.805798684488,12.228488188844
60.000000000000,60.000000000000,60.000000000000
60.000000000000,0.000000000000,60.000000000000
60.000000000000,60.000000000000,60.000000000000
60.000000000000,0.000000000000,60.000000000000
11.485042260281,33.112517125311,48.608928677159
60.000000000000,0.000000000000,60.000000000000
15.923554600492,2.456424513967,54.527953051866
60.000000000000,60.000000000000,60.000000000000
52.309710559667,52.959593038576,53.808195221142
12.317063693135,7.941325522549,34.884584662437
9.459005110469,20.630598462536,55.898422448747
60.000000000000,0.000000000000,60.000000000000
33.098957326732,46.896875252462,21.616976778038
60.000000000000,60.000000000000,60.000000000000
60.000000000000,8.097166683049,60.000000000000
60.000000000000,60.000000000000,60.000000000000
60.000000000000,0.000000000000,60.000000000000
60.000000000000,0.000000000000,60.000000000000
12.177698124976,21.894163581960,43.159585718736
60.000000000000,60.000000000000,60.000000000000
16.362330958557,54.321289817678,8.176841256729
60.000000000000,0.000000000000,60.000000000000
12.143446206878,11.552208236488,51.354284472571
60.000000000000,0.000000000000,60.000000000000
6.538093794835,8.690564385710,6.487779867750
0.131312690485,25.108408034147,1.557438364226
60.000000000000,0.000000000000,60.000000000000
8.928541082313,27.651942779499,24.467688897809
60.000000000000,60.000000000000,60.000000000000
52.511624777936,60.000000000000,33.928028559198
8.972330370496,28.576928043184,44.513357461520
60.000000000000,0.000000000000,60.000000000000
1.313411997202,59.276247704204,17.714613993560
60.000000000000,60.000000000000,60.000000000000
9.376334170711,8.945138921691,36.846499313982
60.000000000000,0.000000000000,60.000000000000
60.000000000000,60.000000000000,60.000000000000
56.994582822673,60.000000000000,10.363929358596
60.000000000000,0.000000000000,60.000000000000
60.000000000000,0.000000000000,60.000000000000
60.000000000000,60.000000000000,35.855048502551
60.000000000000,0.000000000000,60.000000000000
60.000000000000,60.000000000000,60.000000000000
30.003380996503,41.685172281209,12.059523799397
10.503153274244,53.287356185743,28.918907263416
11.975990416582,27.722997809017,39.019199161840
60.000000000000,60.000000000000,60.000000000000
60.000000000000,0.000000000000,60.000000000000
51.541857085092,49.570455807586,21.142193167678
60.000000000000,60.000000000000,60.000000000000
6.813225567612,3.686476281947,34.566772445200
60.000000000000,0.000000000000,60.000000000000
14.443072343118,55.760484160364,51.365467300810
60.000000000000,0.000000000000,60.000000000000
60.000000000000,0.000000000000,60.000000000000
60.000000000000,0.000000000000,60.000000000000
12.497166520453,52.766350989775,31.568150331269
60.000000000000,60.000000000000,60.000000000000
0.000000000000,0.000000000000,60.000000000000
60.000000000000,0.000000000000,60.000000000000
60.000000000000,60.000000000000,60.000000000000
23.864686457919,34.117893241080,32.358829860354
21.782089481562,31.742670678372,43.765699018213
11.890388507221,55.750649179954,33.881562375934
34.145081330710,60.000000000000,60.000000000000
60.000000000000,60.000000000000,60.000000000000
16.832561856518,31.612044026082,1.552197910261
60.000000000000,0.000000000000,60.000000000000
12.745165984775,15.659425032140,30.800834230976
60.000000000000,0.000000000000,60.000000000000
60.000000000000,0.000000000000,60.000000000000
60.000000000000,60.000000000000,60.000000000000
12.111329773003,43.643331350257,40.137962122403
60.000000000000,33.965853592411,12.963185649030
60.000000000000,0.000000000000,60.000000000000
60.000000000000,0.000000000000,60.000000000000
8.466097319352,56.788280927096,42.514385314287
60.000000000000,0.000000000000,60.000000000000
12.973058535592,19.869608284585,60.000000000000
10.498396457232,31.464738793830,23.248934317071
4.193754044694,60.000000000000,31.714197053002
7.095534056766,31.482407228239,30.732216834422
60.000000000000,0.000000000000,60.000000000000
60.000000000000,60.000000000000,0.000000000000
60.000000000000,0.000000000000,60.000000000000
48.217099350019,42.021504617503,3.084036903132
13.449529924360,34.009349288038,39.390980191560
60.000000000000,0.000000000000,60.000000000000
60.000000000000,0.000000000000,60.000000000000
60.000000000000,0.000000000000,60.000000000000
6.610142385125,15.354538271757,21.460560424326
60.000000000000,0.000000000000,60.000000000000
37.136805409629,6.354397364743,32.334863942543
60.000000000000,60.000000000000,60.000000000000
13.738350627317,37.360202173937,30.200003343841
0.000000000000,0.000000000000,60.000000000000
60.000000000000,0.000000000000,60.000000000000
60.000000000000,60.000000000000,60.000000000000
31.461807223519,43.813815230003,27.111091714101
60.000000000000,60.000000000000,60.000000000000
11.530133648885,34.331341496412,11.216048674220
60.000000000000,0.000000000000,60.000000000000
59.612053216304,49.636065147192,13.199585511616
60.000000000000,0.000000000000,60.000000000000
60.000000000000,0.000000000000,60.000000000000
60.000000000000,60.000000000000,60.000000000000
11.928424086083,50.934458295521,3.747905781276
60.000000000000,0.000000000000,60.000000000000
15.542140247206,29.569392203390,7.064289928216
60.000000000000,0.000000000000,60.000000000000
7.611583500738,42.322181795773,25.382080558789
23.072817246434,16.469878279546,14.534699597048
14.752396774662,19.575337646180,49.773637307717
35.136425363682,34.334246176749,33.121549441800
60.000000000000,37.548509356555,38.157944641450
60.000000000000,57.226972715238,54.697635516299
60.000000000000,0.000000000000,60.000000000000
12.122125385420,28.423309797144,19.064387234015
11.327128649795,44.103002083016,29.873074359069
60.000000000000,0.000000000000,60.000000000000
60.000000000000,60.000000000000,60.000000000000
60.000000000000,60.000000000000,60.000000000000
60.000000000000,60.000000000000,60.000000000000
14.916954061832,23.695046973613,39.346258970786
60.000000000000,0.000000000000,60.000000000000
60.000000000000,60.000000000000,60.000000000000
57.792889406865,7.782141539802,48.419780479757
60.000000000000,60.000000000000,60.000000000000
5.175669909675,9.437162847880,50.724988064452
60.000000000000,0.000000000000,60.000000000000
60.000000000000,0.000000000000,60.000000000000
60.000000000000,0.000000000000,60.000000000000
60.000000000000,60.000000000000,60.000000000000
60.000000000000,40.108781687333,17.733655324928
25.674477441718,58.416790208592,51.211572196051
60.000000000000,0.000000000000,60.000000000000
60.000000000000,0.000000000000,60.000000000000
60.000000000000,60.000000000000,60.000000000000
9.676281710640,50.139429907236,37.349956238321
60.000000000000,0.000000000000,60.000000000000
29.217197819284,4.407676053004,55.339314781620
0.000000000000,0.000000000000,60.000000000000
42.561074899938,26.368616572027,39.801841477453
60.000000000000,60.000000000000,60.000000000000
53.426037225038,16.968199544415,1.943466966516
60.000000000000,60.000000000000,60.000000000000
60.000000000000,60.000000000000,60.000000000000
60.000000000000,0.000000000000,60.000000000000
13.677827265534,47.805674172297,32.216319813458
53.344937539240,1.412313685371,31.639284628899
60.000000000000,60.000000000000,60.000000000000
60.000000000000,0.000000000000,60.000000000000
60.000000000000,60.000000000000,60.000000000000
40.082892863085,41.093428375431,6.873284283482
16.346650008186,47.338046925776,32.125507703446
60.000000000000,0.000000000000,60.000000000000
60.000000000000,60.000000000000,60.000000000000
60.000000000000,60.000000000000,60.000000000000
60.000000000000,0.000000000000,60.000000000000
60.000000000000,0.000000000000,60.000000000000
11.948568062375,30.116097975650,24.805456658558
60.000000000000,0.000000000000,60.000000000000
60.000000000000,0.000000000000,60.000000000000
60.000000000000,60.000000000000,60.000000000000
14.829453565890,50.930921467356,28.221822916787
60.000000000000,0.000000000000,60.000000000000
60.000000000000,60.000000000000,60.000000000000
60.000000000000,60.000000000000,60.000000000000
60.000000000000,0.000000000000,60.000000000000
18.290454872668,37.654441211097,23.345318147600
60.000000000000,0.000000000000,60.000000000000
40.192812724093,51.372354551156,60.000000000000
13.210730854475,13.841644894023,23.163403234562
60.000000000000,0.000000000000,60.000000000000
60.000000000000,60.000000000000,60.000000000000
60.000000000000,0.000000000000,60.000000000000
11.668997946153,60.000000000000,43.441232165028
60.000000000000,0.000000000000,0.000000000000
6.645239124950,30.709397534151,56.505142899045
60.000000000000,0.000000000000,60.000000000000
16.416466543163,39.362758767535,46.141470817513
27.931949433147,27.817520033377,54.133232382722
60.000000000000,60.000000000000,60.000000000000
60.000000000000,0.000000000000,60.000000000000
16.015660838816,6.150866658238,3.447304665751
60.000000000000,60.000000000000,60.000000000000
20.486677403486,40.374669861327,48.393914356033
0.000000000000,46.113215877478,29.086137365653
28.146445084719,12.060099263895,20.588533392438
60.000000000000,60.000000000000,60.000000000000
50.878552560737,48.279062520416,44.171080285961
18.362171824611,7.914294513582,11.856037448001
39.842568291779,6.581077565912,57.555294882211
60.000000000000,60.000000000000,60.000000000000
30.430310020738,14.360311163693,50.745733964627
19.082350581195,36.962658159270,38.274958064798
9.005029068806,35.267406515469,50.700377897944
35.235828037821,47.620428205625,3.361931114375
24.724968109307,15.750852718802,22.606891534108
24.256466151543,19.267158172397,24.865322478925
17.609047872233,30.926074894425,55.174481658283
24.271083811259,23.619957964797,17.572018495996
13.350743215563,60.000000000000,60.000000000000
60.000000000000,60.000000000000,60.000000000000
60.000000000000,60.000000000000,60.000000000000
43.642221526518,39.494083269183,3.190460643864
19.772795276873,60.000000000000,28.300224433403
0.000000000000,22.273462585819,60.000000000000
16.021491514062,34.877074989745,8.521512899203
10.607639095910,47.917064514494,46.430525575746
60.000000000000,60.000000000000,60.000000000000
16.499074514574,32.520682559909,31.148209701867
21.748049937458,25.505279341809,46.040707463005
60.000000000000,60.000000000000,60.000000000000
10.475981007231,21.530343569055,13.997056256791
23.141114806630,35.499206661048,21.532489125874
18.281172592761,54.911679243063,47.588353785492
3.454682695758,7.721587104726,25.546053359043
23.695061708069,6.981497193975,16.834527271709
60.000000000000,60.000000000000,60.000000000000
22.211654972525,43.861061609352,21.618589565889
60.000000000000,60.000000000000,60.000000000000
60.000000000000,60.000000000000,60.000000000000
36.070516339103,56.673829917469,54.962201222652
21.894952315848,56.331257087256,30.971283681299
60.000000000000,60.000000000000,60.000000000000
60.000000000000,60.000000000000,60.000000000000
12.212833955616,42.368031276653,26.735758030711
42.447038200550,51.261703639440,35.722529829264
0.000000000000,60.000000000000,60.000000000000
60.000000000000,60.000000000000,60.000000000000
22.564256030787,29.568893760496,35.412046832007
12.701866361823,49.033374375868,38.077719140058
18.531207191076,34.241625766436,36.434994393119
18.789497523833,32.214682736981,26.692572023196
60.000000000000,60.000000000000,60.000000000000
7.118045103896,54.686054934614,45.811875553283
26.836849553577,2.123971658470,3.649010262164
60.000000000000,60.000000000000,60.000000000000
60.000000000000,60.000000000000,60.000000000000
19.797169859434,51.315377269133,20.004544195736
60.000000000000,60.000000000000,60.000000000000
60.000000000000,60.000000000000,60.000000000000
19.367277038818,8.915183628812,22.680764965464
22.355018786390,55.754894478714,54.114757770542
60.000000000000,60.000000000000,60.000000000000
60.000000000000,60.000000000000,60.000000000000
60.000000000000,60.000000000000,60.000000000000
23.551808484592,16.092726702648,48.428083669320
60.000000000000,60.000000000000,60.000000000000
60.000000000000,60.000000000000,60.000000000000
60.000000000000,60.000000000000,60.000000000000
4.764625368253,12.407779708415,60.000000000000
20.905689797230,36.007403488833,35.024379420989
60.000000000000,60.000000000000,60.000000000000
60.000000000000,60.000000000000,60.000000000000
0.000000000000,60.000000000000,60.000000000000
60.000000000000,60.000000000000,60.000000000000
60.000000000000,60.000000000000,60.000000000000
60.000000000000,60.000000000000,60.000000000000
60.000000000000,60.000000000000,60.000000000000
32.784654892244,1.593084423987,35.479452856754
60.000000000000,60.000000000000,60.000000000000
60.000000000000,60.000000000000,60.000000000000
21.989131076225,10.940042598581,57.696778288971
60.000000000000,60.000000000000,60.000000000000
17.532913881505,5.419033343227,6.969481184408
24.322708067103,26.399904561200,37.349074151881
60.000000000000,60.000000000000,49.548036168207
57.332230913851,1.127440884919,54.411204668339
22.803490006876,48.159879092671,14.937876748026
21.378193600639,40.711390089484,27.225748618455
23.846916332642,15.729312935211,15.976144390904
60.000000000000,60.000000000000,60.000000000000
60.000000000000,60.000000000000,60.000000000000
0.256771295917,38.093015759906,31.323539847110
18.564194028008,51.990592000118,60.000000000000
60.000000000000,0.000000000000,60.000000000000
60.000000000000,60.000000000000,0.105122348224
60.000000000000,60.000000000000,60.000000000000
60.000000000000,60.000000000000,60.000000000000
52.586224091857,60.000000000000,39.982230416378
60.000000000000,0.000000000000,60.000000000000
4.493135694256,52.481367916769,36.542813134851
19.238368205973,46.428697502524,56.877042560986
57.553079929587,54.901634127233,37.993190364161
17.404309738845,7.811377701862,3.778603855756
41.578091422232,60.000000000000,60.000000000000
17.805447956515,60.000000000000,38.030980422819
60.000000000000,0.000000000000,60.000000000000
25.235799372555,39.647285164825,53.036174063172
0.000000000000,0.000000000000,60.000000000000
19.684412585967,11.815814366174,7.103578812368
56.070583265747,0.937892159035,60.000000000000
60.000000000000,60.000000000000,60.000000000000
60.000000000000,0.000000000000,60.000000000000
23.935762434634,15.358612561922,54.781753717204
28.676626443423,13.597771020943,33.202577780475
20.148313505025,6.930640705859,58.004394949166
60.000000000000,60.000000000000,60.000000000000
60.000000000000,0.000000000000,60.000000000000
60.000000000000,0.000000000000,60.000000000000
60.000000000000,54.270486205218,60.000000000000
0.000000000000,0.000000000000,60.000000000000
19.816164641710,31.547756559684,20.279556355708
60.000000000000,0.000000000000,60.000000000000
24.043909268939,1.913674421469,0.023597743205
45.240603526262,38.896983572838,35.819715613933
60.000000000000,60.000000000000,60.000000000000
11.512892007087,30.018478965237,35.347936363533
21.931567110208,35.678786119041,51.379962325097
60.000000000000,60.000000000000,60.000000000000
48.014564100317,11.271589244734,6.686517709683
60.000000000000,0.000000000000,60.000000000000
18.177483245723,3.814187664158,33.864522217941
15.082622398195,0.356009112068,30.934519772755
60.000000000000,60.000000000000,60.000000000000
60.000000000000,0.000000000000,60.000000000000
28.905972999294,38.452377329815,4.682711638630
13.697669291407,8.990084261639,28.412919547685
22.553800738823,7.718705320819,35.663895632717
60.000000000000,0.000000000000,60.000000000000
21.697658519601,9.896264246574,13.296187113589
60.000000000000,0.000000000000,60.000000000000
19.117452806393,53.395597454956,19.570363668138
11.870702222276,33.256041096390,33.222288345695
38.619329276322,60.000000000000,8.211699778223
48.996812485395,35.036753378448,14.778299967000
27.196830266586,3.139215009603,4.453143547311
18.160292633601,20.210656591968,32.064734636411
10.641677601030,57.990334131679,12.880425612140
60.000000000000,60.000000000000,60.000000000000
21.456849492787,33.675930504270,37.166604999163
60.000000000000,0.000000000000,60.000000000000
22.050317409230,36.959841790955,14.275865120118
28.072331729545,60.000000000000,38.922930522825
60.000000000000,0.088735066876,14.536327453420
16.629901330682,38.831359433551,25.518227852149
20.495249448136,60.000000000000,49.772053612403
0.000000000000,0.000000000000,60.000000000000
60.000000000000,60.000000000000,60.000000000000
60.000000000000,60.000000000000,60.000000000000
33.101256340534,27.803159688176,49.486640522212
9.248606412139,50.531744977963,31.496286998145
24.798662697733,4.449032240719,56.077090258705
60.000000000000,60.000000000000,60.000000000000
60.000000000000,60.000000000000,60.000000000000
60.000000000000,60.000000000000,60.000000000000
39.647104000565,17.883614508541,2.547652466174
60.000000000000,0.000000000000,60.000000000000
37.159440862171,3.022186696341,42.516006026891
60.000000000000,60.000000000000,60.000000000000
57.588607943661,54.176060178089,22.519823899581
60.000000000000,60.000000000000,60.000000000000
8.681138000021,60.000000000000,14.797576708990
60.000000000000,0.000000000000,60.000000000000
23.185314286278,6.937937071639,50.628462633273
60.000000000000,17.163509523695,60.000000000000
28.082626798471,60.000000000000,27.630995055439
60.000000000000,60.000000000000,60.000000000000
17.588124613952,27.229483302687,30.970385345638
23.697999675188,20.246691270337,23.895602298338
54.359021249266,60.000000000000,16.457943994508
60.000000000000,60.000000000000,60.000000000000
20.757695912976,48.607900712379,59.661181769314
60.000000000000,60.000000000000,60.000000000000
23.459915852695,36.101798791542,47.727579394731
60.000000000000,0.000000000000,60.000000000000
14.971502709295,3.570737841879,52.865598044151
60.000000000000,0.000000000000,60.000000000000
60.000000000000,60.000000000000,60.000000000000
60.000000000000,0.000000000000,60.000000000000
8.565643179764,28.275854935929,27.789274325111
60.000000000000,60.000000000000,60.000000000000
60.000000000000,60.000000000000,60.000000000000
60.000000000000,0.000000000000,60.000000000000
60.000000000000,60.000000000000,60.000000000000
22.600167107278,0.000000000000,17.874149130634
19.378170444140,57.215225359272,58.394105892353
23.716368111374,33.473275202799,31.608425035016
4.916463795408,8.368186378451,39.355398710873
60.000000000000,60.000000000000,60.000000000000
60.000000000000,0.000000000000,60.000000000000
60.000000000000,0.000000000000,60.000000000000
60.000000000000,0.000000000000,60.000000000000
60.000000000000,60.000000000000,60.000000000000
5.443999643594,2.420632245537,51.295475342696
60.000000000000,0.000000000000,60.000000000000
60.000000000000,60.000000000000,60.000000000000
60.000000000000,0.000000000000,60.000000000000
18.242509864414,50.207554936501,26.096305912329
60.000000000000,0.000000000000,60.000000000000
11.456855508666,60.000000000000,11.139933408605
18.761349193251,30.745478258188,24.650777371486
18.907551542741,21.255871322147,20.702292467005
60.000000000000,60.000000000000,60.000000000000
60.000000000000,60.000000000000,60.000000000000
60.000000000000,0.000000000000,60.000000000000
45.041275153628,16.381956504957,19.308372903441
60.000000000000,0.000000000000,60.000000000000
56.998555047396,30.546843375441,39.946346453282
60.000000000000,0.000000000000,60.000000000000
24.213358395589,49.367877569565,40.699215502807
60.000000000000,0.000000000000,60.000000000000
60.000000000000,0.000000000000,60.000000000000
60.000000000000,60.000000000000,60.000000000000
19.132292970080,19.396814092664,13.434586200444
0.000000000000,0.000000000000,60.000000000000
22.691464472219,13.504314419845,3.422955592129
60.000000000000,60.000000000000,60.000000000000
20.289911063935,51.857996123906,47.700273162388
22.666714387333,42.019355289679,20.640017256575
23.042271548906,45.856899429630,40.717233559098
42.733809987981,43.532430676833,29.435671479904
14.158297941612,33.220885955462,58.885826156383
13.443901509869,60.000000000000,0.000000000000
60.000000000000,0.000000000000,60.000000000000
60.000000000000,60.000000000000,60.000000000000
21.020515877132,25.959267126906,41.369114271572
60.000000000000,0.000000000000,60.000000000000
60.000000000000,60.000000000000,60.000000000000
60.000000000000,0.000000000000,60.000000000000
60.000000000000,0.000000000000,60.000000000000
24.686496921235,40.083658851382,39.850459008045
60.000000000000,0.000000000000,60.000000000000
60.000000000000,60.000000000000,60.000000000000
1.312684182690,20.421126459807,2.837516668085
60.000000000000,29.355447343220,35.222355418831
28.037907390998,34.595354044422,20.573475145402
60.000000000000,60.000000000000,60.000000000000
42.036473495386,60.000000000000,1.539372457003
40.114087679204,60.000000000000,12.845949354979
60.000000000000,22.675137697220,43.811984220359
23.406113372656,44.640475445319,4.516429957660
20.129536358906,42.366074923685,34.916013313051
60.000000000000,0.000000000000,60.000000000000
60.000000000000,60.000000000000,60.000000000000
60.000000000000,0.000000000000,60.000000000000
20.642631366475,5.363480649362,38.329578697103
60.000000000000,0.000000000000,60.000000000000
21.216002416362,48.076372903430,1.409319829924
60.000000000000,60.000000000000,60.000000000000
11.980889725075,48.680814501852,32.727645849009
60.000000000000,0.000000000000,60.000000000000
21.930512775083,48.117245958094,31.251187025844
60.000000000000,60.000000000000,60.000000000000
60.000000000000,60.000000000000,60.000000000000
60.000000000000,0.000000000000,60.000000000000
60.000000000000,60.000000000000,60.000000000000
11.921946754332,5.340451909576,15.812047109088
20.740607128699,0.143894566683,60.000000000000
60.000000000000,0.000000000000,60.000000000000
60.000000000000,60.000000000000,60.000000000000
60.000000000000,60.000000000000,60.000000000000
60.000000000000,60.000000000000,60.000000000000
60.000000000000,0.000000000000,60.000000000000
60.000000000000,60.000000000000,60.000000000000
0.000000000000,60.000000000000,60.000000000000
60.000000000000,0.000000000000,60.000000000000
60.000000000000,0.000000000000,60.000000000000
23.491297964819,10.418854762318,7.123932800273
60.000000000000,60.000000000000,60.000000000000
60.000000000000,0.000000000000,60.000000000000
60.000000000000,0.000000000000,60.000000000000
25.425206725769,22.642816105325,37.192816375656
0.000000000000,0.000000000000,60.000000000000
60.000000000000,60.000000000000,60.000000000000
0.000000000000,41.101696469561,21.554285680269
60.000000000000,60.000000000000,60.000000000000
60.000000000000,60.000000000000,60.000000000000
18.793996931381,60.000000000000,53.027594888331
22.122564059358,28.550135102153,30.718274621233
21.925230298891,50.944104499454,5.894669112136
0.000000000000,0.000000000000,60.000000000000
60.000000000000,0.000000000000,60.000000000000
60.000000000000,0.000000000000,60.000000000000
39.935286661430,60.000000000000,8.006522623021
60.000000000000,60.000000000000,60.000000000000
22.269382277875,14.536226490194,33.849980413063
60.000000000000,0.000000000000,60.000000000000
16.330376198493,34.381449064800,30.326788819173
0.000000000000,60.000000000000,60.000000000000
60.000000000000,0.000000000000,60.000000000000
60.000000000000,0.000000000000,60.000000000000
31.004193179782,15.683311921424,37.850338674418
60.000000000000,60.000000000000,60.000000000000
33.833691052774,20.173520718602,50.839600656543
21.166339601314,11.057087794714,46.668470222664
28.386172843720,38.630899485947,23.368219984877
60.000000000000,60.000000000000,60.000000000000
7.930923312875,12.271460708900,53.109191949569
60.000000000000,60.000000000000,60.000000000000
60.000000000000,60.000000000000,60.000000000000
60.000000000000,60.000000000000,60.000000000000
48.078095100635,19.816234934348,10.946801576617
60.000000000000,60.000000000000,60.000000000000
32.943921844624,52.716272970216,24.590310191219
30.673639216227,34.643377620398,30.612890849799
30.175984609719,43.148768735951,54.950805357950
27.524316589943,37.301036763730,27.225960522669
13.150988997990,5.142250606405,14.213524952488
60.000000000000,60.000000000000,60.000000000000
22.297087924604,36.654417270271,12.171231583850
60.000000000000,60.000000000000,60.000000000000
31.237919226321,50.333130640925,11.340900542519
60.000000000000,0.000000000000,60.000000000000
29.820790766971,19.029375059548,3.153982898265
60.000000000000,60.000000000000,60.000000000000
60.000000000000,60.000000000000,60.000000000000
30.991248880156,37.013905772179,26.370666248690
26.093924230863,43.632530628588,48.874107059098
60.000000000000,60.000000000000,60.000000000000
60.000000000000,60.000000000000,60.000000000000
38.785794579166,32.404138303809,11.757763800620
60.000000000000,60.000000000000,60.000000000000
29.405060385248,25.437585127887,22.708747182884
49.491317754680,46.606478000879,58.427089610314
21.444902169131,27.832531138082,40.184318599873
44.645480493735,26.827350882940,9.033212751437
60.000000000000,60.000000000000,60.000000000000
60.000000000000,56.538825144328,30.714754624422
60.000000000000,60.000000000000,60.000000000000
32.871439184105,60.000000000000,47.072604796659
35.873710456507,32.171197234227,35.984223856647
28.074135959293,47.811688797597,24.843690302133
3.260707660653,36.888455321540,7.487524649176
39.807770844325,21.952466742807,6.937891860926
60.000000000000,60.000000000000,60.000000000000
25.728428583426,16.191055977732,12.308356233183
60.000000000000,60.000000000000,60.000000000000
15.695326499765,53.712913148559,48.068397190517
60.000000000000,60.000000000000,60.000000000000
60.000000000000,60.000000000000,60.000000000000
28.812051540208,32.796884297768,34.933966893397
31.076620675248,9.382269967007,6.109869051953
60.000000000000,60.000000000000,60.000000000000
32.567014136932,38.717101509823,14.392543754257
49.943761556322,36.125423316579,4.510695337046
60.000000000000,60.000000000000,60.000000000000
60.000000000000,60.000000000000,60.000000000000
37.642365938515,11.632647873665,34.819504108673
50.545950002728,56.747067501158,59.629735191570
32.416192579648,53.583324065218,18.113240887346
39.313236181276,32.604678786399,34.922759369580
42.603751225577,57.337466947741,3.592335056697
60.000000000000,60.000000000000,60.000000000000
60.000000000000,60.000000000000,60.000000000000
60.000000000000,60.000000000000,60.000000000000
32.992495331626,52.861961560819,52.702762517671
60.000000000000,60.000000000000,60.000000000000
33.129150162162,13.244730509525,14.339716848490
29.277725692224,36.134563672936,24.088629950965
27.509451613628,14.520461732349,9.166135601798
60.000000000000,60.000000000000,60.000000000000
60.000000000000,0.000000000000,60.000000000000
60.000000000000,60.000000000000,60.000000000000
60.000000000000,39.725884595753,4.297436560136
60.000000000000,60.000000000000,60.000000000000
31.943740325254,47.011117646030,47.544631999897
60.000000000000,60.000000000000,60.000000000000
22.999633815098,26.915543142301,10.979574690755
29.442727813871,20.085922471576,24.573597647998
8.129394091021,15.942869877398,2.584529863256
60.000000000000,60.000000000000,60.000000000000
21.949818669408,21.228330368446,0.796261282936
35.988251133172,34.056960326027,25.847112889974
25.987462056935,33.366724668344,12.867708037699
33.630851643317,21.497854223062,26.627986634845
60.000000000000,60.000000000000,60.000000000000
31.387447363180,26.890448296788,41.831186537756
18.339393254544,4.730136205190,7.264881609619
8.506284590393,15.077339610678,11.262922100416
25.349000911512,2.009579358962,31.101764537508
60.000000000000,13.807434150559,21.747912271520
60.000000000000,60.000000000000,60.000000000000
32.002848009045,25.917659015629,36.928246486407
30.233956792977,57.370511722894,16.970075818834
60.000000000000,60.000000000000,60.000000000000
31.225559191419,36.914137801301,36.348784790948
60.000000000000,0.000000000000,60.000000000000
33.877514238874,38.905379241670,14.427884346149
60.000000000000,19.532561015912,14.680460783592
60.000000000000,60.000000000000,60.000000000000
60.000000000000,60.000000000000,60.000000000000
45.841451034570,17.278136014490,31.423550784789
60.000000000000,60.000000000000,60.000000000000
28.276849100766,44.238530664313,43.882212167739
60.000000000000,60.000000000000,60.000000000000
29.785015715816,4.480096722343,44.275052600075
60.000000000000,0.000000000000,60.000000000000
32.105720845319,29.824383568176,28.200632954327
60.000000000000,60.000000000000,60.000000000000
60.000000000000,60.000000000000,60.000000000000
60.000000000000,60.000000000000,60.000000000000
32.524903217472,26.107270931047,43.789346266779
60.000000000000,60.000000000000,60.000000000000
28.704582090797,47.354590234161,48.128650539658
60.000000000000,60.000000000000,60.000000000000
7.974803618476,60.000000000000,2.686877661120
60.000000000000,0.000000000000,60.000000000000
60.000000000000,0.000000000000,60.000000000000
60.000000000000,60.000000000000,60.000000000000
28.901639895654,17.664637794033,56.655548378197
60.000000000000,60.000000000000,60.000000000000
36.112638505418,31.515701568335,60.000000000000
60.000000000000,60.000000000000,60.000000000000
29.847692281695,1.952952261216,5.492380237521
60.000000000000,60.000000000000,60.000000000000
60.000000000000,0.000000000000,60.000000000000
60.000000000000,60.000000000000,60.000000000000
31.418836578450,54.495660765034,46.394578165748
54.192704633666,34.407577067246,19.352668770656
53.269530277192,41.154794667147,1.858894421226
60.000000000000,0.000000000000,60.000000000000
29.724170642646,32.550439114722,41.829740879015
60.000000000000,60.000000000000,60.000000000000
60.000000000000,0.000000000000,60.000000000000
60.000000000000,0.000000000000,60.000000000000
32.816561191843,52.508818581867,19.089865167979
60.000000000000,60.000000000000,60.000000000000
32.879183576274,3.150044806731,43.364651749745
60.000000000000,60.000000000000,60.000000000000
60.000000000000,60.000000000000,60.000000000000
60.000000000000,60.000000000000,60.000000000000
29.820068124444,20.071139884769,50.134391158517
30.644113286454,34.720503267095,23.733673653613
25.865463454523,14.459316182701,19.548277002158
60.000000000000,60.000000000000,60.000000000000
25.866530746668,30.325778846112,56.332023635858
26.742759505049,34.338347809441,23.791774712335
44.302505132549,60.000000000000,41.700010163290
60.000000000000,0.000000000000,60.000000000000
30.145975357128,13.849931874117,3.277757360563
0.000000000000,0.000000000000,60.000000000000
32.571147152403,15.312427761023,44.112571842135
39.066544111987,10.263841189921,0.334491236574
36.957421235151,24.864200573613,14.419662425231
29.022493289598,31.137382845603,28.385582259572
60.000000000000,53.895092521643,18.285037369949
60.000000000000,60.000000000000,60.000000000000
60.000000000000,60.000000000000,60.000000000000
30.289034290456,15.526063888903,34.346426856694
29.117521101963,52.420747395738,16.263042732089
60.000000000000,3.828578015902,6.780473749929
0.000000000000,0.000000000000,60.000000000000
60.000000000000,60.000000000000,60.000000000000
60.000000000000,60.000000000000,60.000000000000
60.000000000000,0.000000000000,60.000000000000
60.000000000000,60.000000000000,60.000000000000
60.000000000000,0.000000000000,60.000000000000
60.000000000000,60.000000000000,60.000000000000
60.000000000000,60.000000000000,60.000000000000
60.000000000000,60.000000000000,60.000000000000
4.185126615038,24.583553938161,42.072489683096
38.567392030777,13.035580579191,57.338639341272
60.000000000000,0.000000000000,60.000000000000
27.308527055839,14.226894831655,8.159429757938
60.000000000000,60.000000000000,60.000000000000
30.998491505677,39.214089768019,29.485093540625
60.000000000000,60.000000000000,60.000000000000
60.000000000000,60.000000000000,60.000000000000
60.000000000000,60.000000000000,60.000000000000
31.005111984177,14.734498630120,25.290102422233
60.000000000000,60.000000000000,60.000000000000
60.000000000000,60.000000000000,60.000000000000
60.000000000000,0.000000000000,60.000000000000
32.054016684653,44.092689758139,28.617341528159
60.000000000000,0.000000000000,60.000000000000
60.000000000000,32.583412104822,40.004038638833
60.000000000000,0.000000000000,60.000000000000
30.126151088399,56.324377419499,60.000000000000
60.000000000000,0.000000000000,60.000000000000
14.028110464475,5.631350681457,35.476759125871
60.000000000000,0.000000000000,60.000000000000
47.673606754733,18.031684746257,43.981719173270
60.000000000000,0.000000000000,60.000000000000
60.000000000000,60.000000000000,60.000000000000
30.693111851088,28.783406738063,21.768813195443
31.740902316065,32.078068784231,52.100656395083
4.057987649103,16.016772361108,36.297026842792
60.000000000000,60.000000000000,60.000000000000
60.000000000000,0.000000000000,60.000000000000
60.000000000000,60.000000000000,60.000000000000
60.000000000000,0.000000000000,60.000000000000
60.000000000000,0.000000000000,60.000000000000
60.000000000000,0.000000000000,60.000000000000
60.000000000000,60.000000000000,60.000000000000
60.000000000000,60.000000000000,60.000000000000
60.000000000000,0.000000000000,60.000000000000
60.000000000000,0.000000000000,60.000000000000
25.361563302310,3.311057336278,28.604628444211
60.000000000000,0.000000000000,60.000000000000
60.000000000000,60.000000000000,60.000000000000
33.928313089725,23.096842472902,21.545244199585
30.605427613200,5.311216545548,12.577670133731
60.000000000000,60.000000000000,60.000000000000
60.000000000000,0.000000000000,60.000000000000
60.000000000000,0.000000000000,60.000000000000
28.074030335287,10.029630536538,5.900006065184
60.000000000000,60.000000000000,60.000000000000
6.376438147747,11.095655703873,18.541021907920
60.000000000000,0.000000000000,60.000000000000
28.837247417381,22.345215877576,19.464864566003
60.000000000000,60.000000000000,60.000000000000
0.022791893368,60.000000000000,20.398752217569
60.000000000000,60.000000000000,60.000000000000
26.318159739763,47.746093810319,23.031389266180
60.000000000000,60.000000000000,60.000000000000
30.040747873241,57.280151145870,1.120304779116
60.000000000000,60.000000000000,60.000000000000
36.119985705036,54.712748293081,55.376851651159
60.000000000000,60.000000000000,60.000000000000
30.553265746841,12.329385427935,30.807062055603
27.737792071773,15.255224583919,32.532809230679
26.962000523722,28.058200131272,53.266589863138
32.471454335207,9.009607751186,60.000000000000
25.842139657454,60.000000000000,7.600243886440
60.000000000000,24.947434781306,30.241407206259
60.000000000000,60.000000000000,60.000000000000
60.000000000000,0.000000000000,60.000000000000
43.964757643798,27.866339674687,60.000000000000
60.000000000000,0.000000000000,60.000000000000
60.000000000000,0.000000000000,60.000000000000
24.090483022036,33.330934880004,37.992627421232
6.876056392176,60.000000000000,60.000000000000
22.718076119506,31.241728688255,60.000000000000
18.493907643120,35.810617802621,42.393332941357
60.000000000000,60.000000000000,60.000000000000
27.330983359084,8.999546285417,52.506567462806
60.000000000000,60.000000000000,60.000000000000
60.000000000000,8.350451799503,60.000000000000
60.000000000000,60.000000000000,60.000000000000
16.220987187131,21.860287425528,39.777140228068
32.675788669350,31.438433705394,27.519741828807
49.807807088345,50.612792426617,11.039355240865
0.000000000000,0.000000000000,60.000000000000
60.000000000000,60.000000000000,60.000000000000
60.000000000000,0.000000000000,60.000000000000
26.357748954452,60.000000000000,51.125697524614
60.000000000000,0.000000000000,60.000000000000
60.000000000000,60.000000000000,60.000000000000
60.000000000000,0.000000000000,60.000000000000
53.196410770368,10.299717408482,3.934126110041
60.000000000000,60.000000000000,60.000000000000
25.557938047573,54.022858315050,51.459671402445
0.000000000000,9.213997826351,50.609633971298
30.416293656148,24.131989349067,60.000000000000
60.000000000000,0.000000000000,60.000000000000
60.000000000000,20.313565390570,60.000000000000
45.083749577851,33.731689710142,47.886133528845
6.220306826847,22.267587940331,33.153180370514
60.000000000000,0.000000000000,60.000000000000
60.000000000000,60.000000000000,60.000000000000
60.000000000000,0.000000000000,60.000000000000
30.607164848131,44.907729479811,14.127941763022
60.000000000000,0.000000000000,60.000000000000
60.000000000000,60.000000000000,60.000000000000
60.000000000000,24.550941639709,42.953430581199
60.000000000000,60.000000000000,60.000000000000
60.000000000000,60.000000000000,60.000000000000
48.323461388970,57.125429221548,47.612626894577
60.000000000000,60.000000000000,60.000000000000
60.000000000000,0.000000000000,60.000000000000
35.166600928775,60.000000000000,3.510021234575
28.084413826863,15.965358749160,41.647709777509
60.000000000000,60.000000000000,60.000000000000
60.000000000000,0.000000000000,60.000000000000
60.000000000000,60.000000000000,60.000000000000
60.000000000000,60.000000000000,60.000000000000
60.000000000000,0.000000000000,60.000000000000
44.186634118720,13.105919637908,50.335297878207
29.785683849270,33.864657991846,27.126370321081
26.631748470405,28.516512739591,48.202564788581
60.000000000000,60.000000000000,60.000000000000
60.000000000000,0.000000000000,60.000000000000
60.000000000000,0.000000000000,60.000000000000
50.098002571141,32.866491453329,38.792289671102
60.000000000000,60.000000000000,60.000000000000
31.479516984973,52.453846355715,3.774743344317
60.000000000000,0.000000000000,60.000000000000
3.380456452379,60.000000000000,60.000000000000
60.000000000000,60.000000000000,60.000000000000
60.000000000000,0.000000000000,60.000000000000
60.000000000000,60.000000000000,60.000000000000
23.949301318079,60.000000000000,54.181668189413
9.199489411506,10.645554365550,43.598571512333
18.602791290564,13.097997146537,16.205757026462
60.000000000000,60.000000000000,60.000000000000
60.000000000000,60.000000000000,60.000000000000
60.000000000000,60.000000000000,60.000000000000
41.090995208651,55.456062674157,46.425353373462
41.055006355489,22.123663319831,34.299864935339
43.014277910712,27.127511175177,35.754223387299
35.411403897036,15.507389453753,57.833838356085
18.135711214536,19.372730682792,42.510644382048
60.000000000000,0.000000000000,60.000000000000
37.820096290691,4.948653229324,10.748779868341
46.125840767132,53.168081368845,32.685027640265
31.940384498263,17.403934592634,22.960757609027
60.000000000000,60.000000000000,60.000000000000
37.690399512740,48.813485333836,4.461418887602
42.688352576024,32.887084292103,22.709939509422
37.222778951001,8.325125233687,29.757427929403
42.195693750624,22.354592644075,23.738635715690
36.985111772397,58.944275530729,54.202132059212
23.393930442758,33.153805328602,13.280963120630
41.556016629736,39.575634589499,28.769351235580
60.000000000000,0.000000000000,60.000000000000
42.482797303182,36.029897127640,27.072467306682
60.000000000000,0.000000000000,60.000000000000
34.441475042453,58.766187645727,6.274252598905
26.709729820600,13.995510462621,56.276823978353
31.456740904301,59.039167220162,57.437956599939
60.000000000000,0.000000000000,60.000000000000
40.162326882487,16.591478014936,38.474082455298
21.134151649244,58.483487188038,18.385434793539
32.361770243662,42.534475772270,4.985990541733
34.588651631195,32.325698876982,26.667633563198
36.381450696010,9.831155944531,52.603617825495
42.484125348714,33.298539391150,31.519571117902
60.000000000000,60.000000000000,60.000000000000
39.388437940862,28.255191333932,36.887794267870
33.770236242694,45.348721638129,29.128824600850
1.385116072792,44.682338854350,35.698845344120
38.842229853330,19.286756478318,48.190660828189
60.000000000000,0.000000000000,60.000000000000
49.555790853884,25.296839476736,11.189306685497
60.000000000000,0.000000000000,60.000000000000
34.589550912210,5.446853592569,40.165418940269
60.000000000000,60.000000000000,60.000000000000
37.208523229423,11.757614216694,20.198432804838
36.780190725336,6.150179287659,18.932989888102
60.000000000000,60.000000000000,60.000000000000
60.000000000000,60.000000000000,60.000000000000
60.000000000000,60.000000000000,60.000000000000
60.000000000000,0.000000000000,60.000000000000
41.080324730836,28.327626990154,2.134645251891
18.459039265399,6.516589787565,52.607802647763
60.000000000000,0.000000000000,60.000000000000
21.757751717577,13.072272072355,42.262572402295
38.411772738822,14.205417154501,52.747128249981
60.000000000000,0.000000000000,60.000000000000
47.632171490885,59.508807807976,46.303846603055
60.000000000000,60.000000000000,60.000000000000
60.000000000000,8.960698809244,60.000000000000
39.530304516177,51.382266705854,40.342338536421
60.000000000000,0.000000000000,60.000000000000
60.000000000000,60.000000000000,60.000000000000
60.000000000000,60.000000000000,60.000000000000
45.021699715104,60.000000000000,38.993419439163
37.922562060724,18.341206514045,56.605344918396
29.407882972705,59.309526654069,54.549421551108
40.956574530595,9.939734965281,51.756893834298
60.000000000000,60.000000000000,60.000000000000
34.391374313606,60.000000000000,58.577668855997
60.000000000000,0.000000000000,60.000000000000
60.000000000000,0.000000000000,60.000000000000
60.000000000000,41.317643273461,29.364604966585
55.797593897127,51.731547058185,8.192378466842
48.222933494739,21.475717498411,48.653482466264
36.726699828258,55.880825836723,53.169038887073
5.218706195339,53.403369308496,46.045448054161
41.534881075681,38.051202918894,44.653104693994
60.000000000000,60.000000000000,60.000000000000
37.832079171121,3.482135300680,8.200036463506
5.993316121178,26.727157921095,1.912754790311
20.131845687643,45.307860074268,3.727430528728
25.507374123198,50.814567160011,9.276443741972
39.866586334737,22.243039398134,0.708344152172
38.349054691827,22.641939583683,30.399256652581
39.924576620751,30.736908784357,16.473510605909
43.480436808289,26.817940934198,40.044400140564
6.409377692284,33.316651168298,60.000000000000
60.000000000000,0.000000000000,60.000000000000
60.000000000000,0.000000000000,60.000000000000
43.000779242639,25.643834456886,24.840098495029
33.781906601762,1.895888541883,55.991197276346
27.248215112689,24.738916864499,36.337533968352
40.786375087867,41.432594884996,2.877645883737
0.000000000000,60.000000000000,60.000000000000
34.637611488826,11.567088507000,44.177072716227
26.202395383724,8.682714089789,5.568437383783
60.000000000000,60.000000000000,60.000000000000
60.000000000000,0.000000000000,60.000000000000
41.595706086885,47.144275003499,13.434345407066
60.000000000000,0.000000000000,60.000000000000
35.180328038392,27.885345278008,25.473196637470
60.000000000000,0.000000000000,60.000000000000
43.992027206192,18.600737953427,48.341243670580
60.000000000000,60.000000000000,60.000000000000
31.408978958586,23.426980888010,5.085478929186
60.000000000000,60.000000000000,60.000000000000
60.000000000000,0.000000000000,60.000000000000
60.000000000000,0.000000000000,60.000000000000
23.942723257324,30.830522685774,9.123658123837
60.000000000000,0.000000000000,60.000000000000
41.475168211875,50.472978432239,18.770568099885
60.000000000000,0.000000000000,60.000000000000
42.950056503695,24.489411334466,8.212689347868
43.359819243304,60.000000000000,37.321735786505
59.516734627809,60.000000000000,24.792032138259
23.949068169340,44.034607659200,27.241081066213
27.679983897770,7.395000335546,56.319620876515
21.913161400579,36.895585630183,35.027422293826
42.190589030066,32.049731600506,18.125685885590
1.788581930490,30.114065588699,25.866986553124
38.839559181618,1.908366102991,11.283760008615
60.000000000000,0.000000000000,60.000000000000
60.000000000000,0.000000000000,60.000000000000
60.000000000000,60.000000000000,60.000000000000
40.814088637567,12.648124069577,40.432095939847
60.000000000000,0.000000000000,60.000000000000
23.215724773969,24.431585114677,60.000000000000
60.000000000000,0.000000000000,60.000000000000
35.851215445048,51.091185624886,11.679884909391
60.000000000000,0.000000000000,60.000000000000
50.620230419105,60.000000000000,41.330524032406
60.000000000000,0.000000000000,60.000000000000
35.671027648877,8.917336244725,54.672630647415
60.000000000000,0.000000000000,60.000000000000
42.002385873790,52.782959477982,3.816081387026
3.176534813241,37.389801993770,45.646019570957
60.000000000000,0.000000000000,60.000000000000
60.000000000000,60.000000000000,60.000000000000
41.089441414971,45.299604180141,20.916830504235
38.218907954279,36.689899987764,30.713139828128
41.648164420828,12.940863510810,42.745619757723
60.000000000000,0.000000000000,60.000000000000
38.820433460287,50.265437024840,44.959520976934
60.000000000000,0.000000000000,60.000000000000
33.858616282549,36.325651247799,56.612439403579
60.000000000000,0.000000000000,60.000000000000
60.000000000000,9.246387305438,20.917504181362
38.772323966254,60.000000000000,3.358513631199
35.347049860821,48.575755790138,17.718926681940
60.000000000000,60.000000000000,60.000000000000
60.000000000000,60.000000000000,60.000000000000
60.000000000000,13.701945921299,45.924962956109
41.047928484954,32.587147704402,35.770415835342
53.056684258969,30.211270799305,26.906139828213
60.000000000000,0.000000000000,60.000000000000
26.709305259556,11.963751584749,30.436631067679
8.465880408420,44.880408201097,47.839398272676
39.195767410601,25.876609891254,24.474117612848
60.000000000000,0.000000000000,60.000000000000
60.000000000000,0.000000000000,60.000000000000
60.000000000000,0.000000000000,60.000000000000
60.000000000000,0.000000000000,60.000000000000
60.000000000000,60.000000000000,60.000000000000
35.333053268004,60.000000000000,27.711085651245
42.084281355611,0.505749698476,36.644662317880
38.727901765414,39.613820293860,38.545721563442
22.421073590345,53.378507959316,18.069177720647
38.956916736844,30.054200031410,29.159725478914
46.325923145939,7.357722348122,44.057001446831
60.000000000000,0.000000000000,60.000000000000
40.001535721213,21.027331885961,25.522153431350
60.000000000000,60.000000000000,60.000000000000
21.669243623439,26.123482289836,54.774567049899
60.000000000000,0.000000000000,60.000000000000
60.000000000000,0.000000000000,60.000000000000
60.000000000000,0.000000000000,60.000000000000
19.198070459254,5.036248521044,11.468434205638
60.000000000000,0.000000000000,60.000000000000
36.832623082242,1.856523436327,26.459364697872
60.000000000000,60.000000000000,60.000000000000
30.204284264196,34.175121731134,30.506657641771
60.000000000000,0.000000000000,60.000000000000
60.000000000000,60.000000000000,60.000000000000
0.000000000000,0.000000000000,60.000000000000
41.815838302805,21.473190990172,19.048139614513
60.000000000000,0.000000000000,60.000000000000
36.799230097609,3.332350407182,39.023889463586
60.000000000000,0.000000000000,60.000000000000
42.013710828796,23.272414350702,45.276643227482
60.000000000000,0.000000000000,60.000000000000
60.000000000000,60.000000000000,60.000000000000
41.344789331439,31.800049651034,32.110702507412
49.530120155031,30.562460804214,60.000000000000
60.000000000000,0.000000000000,60.000000000000
60.000000000000,0.000000000000,60.000000000000
60.000000000000,0.000000000000,60.000000000000
40.284837922524,27.761437022016,26.455920542699
60.000000000000,0.000000000000,60.000000000000
60.000000000000,0.000000000000,60.000000000000
0.000000000000,0.000000000000,14.373824279389
60.000000000000,0.000000000000,60.000000000000
60.000000000000,60.000000000000,60.000000000000
60.000000000000,0.000000000000,60.000000000000
44.766333924657,60.000000000000,11.187039987466
33.066770001820,21.134983066045,20.759615340068
60.000000000000,0.000000000000,60.000000000000
41.156809163474,54.815501017550,9.268719246777
19.491878041009,5.216548498131,23.291502626869
49.054098887787,30.946282258028,15.077627747291
60.000000000000,0.000000000000,60.000000000000
0.000000000000,60.000000000000,27.631877492000
60.000000000000,0.000000000000,60.000000000000
36.633112828105,20.219069351693,58.643897665824
60.000000000000,60.000000000000,60.000000000000
40.110226916738,1.786562832184,14.238488927083
60.000000000000,0.000000000000,60.000000000000
36.290775581130,47.060982627670,0.352473921366
60.000000000000,0.000000000000,60.000000000000
60.000000000000,60.000000000000,60.000000000000
60.000000000000,0.000000000000,0.000000000000
14.702633900071,60.000000000000,60.000000000000
60.000000000000,0.000000000000,60.000000000000
37.370897820608,41.464927393450,58.643753441649
60.000000000000,25.162384297094,28.221184284669
40.823299005860,0.758263114103,0.509632580395
14.406160008762,60.000000000000,1.258706356745
22.601626206896,28.768050727229,59.729646052621
28.254165288910,27.971764285987,22.699296399040
37.818660310162,27.008574016228,4.824078459226
6.688522659899,60.000000000000,5.589228294844
59.680784021873,39.194346330986,59.086514172158
60.000000000000,60.000000000000,60.000000000000
6.498156969028,58.902444207331,58.640155161497
60.000000000000,0.000000000000,60.000000000000
21.210390345400,8.542471722090,4.629049637270
60.000000000000,0.000000000000,60.000000000000
60.000000000000,60.000000000000,60.000000000000
53.465079348135,36.592186264524,26.884255823948
0.000000000000,27.518260495237,60.000000000000
36.023378624914,24.807136804832,22.996258584817
38.510882778249,37.536506428375,6.131871579627
60.000000000000,0.000000000000,60.000000000000
37.241011168687,44.173834151555,24.701645155451
60.000000000000,0.000000000000,60.000000000000
34.236830618126,19.800124532114,32.235480595526
60.000000000000,0.000000000000,60.000000000000
39.097489883878,9.246128791032,20.297927566949
60.000000000000,60.000000000000,60.000000000000
45.039153103580,40.856164156357,52.618297216422
43.673637187408,60.000000000000,19.991088934541
23.314427083003,60.000000000000,60.000000000000
32.024968686697,0.000000000000,57.771241799382
60.000000000000,60.000000000000,0.000000000000
60.000000000000,0.000000000000,60.000000000000
12.268444412175,34.862574752782,18.069745391585
60.000000000000,0.000000000000,60.000000000000
60.000000000000,60.000000000000,60.000000000000
60.000000000000,60.000000000000,60.000000000000
60.000000000000,60.000000000000,60.000000000000
29.143990609423,60.000000000000,14.693714929729
35.758738318592,34.554984003509,58.590028699654
60.000000000000,60.000000000000,60.000000000000
48.838246560966,4.845990056738,18.752641820586
60.000000000000,60.000000000000,60.000000000000
51.354341339190,6.351510439792,57.169882166452
60.000000000000,0.000000000000,60.000000000000
60.000000000000,0.000000000000,60.000000000000
60.000000000000,0.000000000000,60.000000000000
23.847816494885,32.549692702439,37.112508969625
60.000000000000,60.000000000000,60.000000000000
60.000000000000,0.000000000000,60.000000000000
60.000000000000,0.000000000000,60.000000000000
60.000000000000,0.000000000000,60.000000000000
60.000000000000,60.000000000000,60.000000000000
10.800309344123,51.036000305983,13.522798666521
60.000000000000,60.000000000000,60.000000000000
49.789758052092,60.000000000000,11.020734642874
9.737610901871,56.609054600671,41.689668399138
35.764760576888,18.785828092248,50.578119463840
60.000000000000,0.000000000000,60.000000000000
60.000000000000,60.000000000000,60.000000000000
60.000000000000,0.000000000000,60.000000000000
45.305201966919,60.000000000000,5.112693614005
60.000000000000,0.000000000000,60.000000000000
16.726421333014,8.525490004852,25.206433549033
60.000000000000,0.000000000000,60.000000000000
40.054198121042,3.053880878162,29.483989114769
60.000000000000,0.000000000000,60.000000000000
52.415711557686,60.000000000000,24.847285012621
60.000000000000,0.000000000000,60.000000000000
40.967901921603,7.388416676203,43.660106359880
60.000000000000,60.000000000000,60.000000000000
33.390943351807,31.654428395119,39.219844703932
60.000000000000,0.000000000000,60.000000000000
60.000000000000,60.000000000000,60.000000000000
42.350141717406,34.160170313731,60.000000000000
15.086758667678,60.000000000000,0.000000000000
60.000000000000,0.000000000000,0.000000000000
53.889173674861,26.620574656007,47.263895153080
60.000000000000,0.000000000000,60.000000000000
34.915894830671,18.531363801935,3.412173475118
44.011193506035,31.591889649941,34.358838296092
24.338133481132,51.409994622466,14.919986389229
60.000000000000,0.000000000000,60.000000000000
44.625661691339,41.366352047608,3.358095684329
60.000000000000,0.000000000000,60.000000000000
52.824985605090,1.767758151830,49.753049579954
43.416979356169,35.453984029690,32.868185106159
39.618602794223,33.939434202809,21.430946201020
48.119423805911,39.822172116254,38.139978201381
49.517444123300,21.660119971944,45.519974269724
46.828358216448,48.860336632111,34.534974096409
43.218636902017,45.261913466216,57.889866076969
60.000000000000,60.000000000000,60.000000000000
28.248842147784,58.641120587198,3.125314306429
60.000000000000,0.000000000000,60.000000000000
60.000000000000,60.000000000000,60.000000000000
46.048293355167,34.954710996198,29.903183540564
21.612552879383,33.033544583588,46.842894589148
38.195631262465,22.731942088234,29.168050807609
60.000000000000,10.939087417151,7.622169169750
60.000000000000,0.000000000000,60.000000000000
60.000000000000,0.000000000000,60.000000000000
47.506037503608,60.000000000000,39.068042111702
60.000000000000,60.000000000000,60.000000000000
47.048130829377,38.569976346166,25.047562855399
37.460059737474,6.265811889277,31.233529913163
60.000000000000,0.000000000000,60.000000000000
46.540747564981,4.010014033848,7.505184905554
36.460356268592,1.383353775300,2.084395928615
60.000000000000,7.015980677022,60.000000000000
57.011851802464,56.142630746928,48.454827263091
60.000000000000,0.000000000000,60.000000000000
60.000000000000,60.000000000000,60.000000000000
44.900429908880,35.074754904648,9.342395126315
50.926890623515,35.507027960141,30.386241203478
60.000000000000,0.000000000000,60.000000000000
31.373906958134,1.632343851874,41.630286524783
27.832741314951,50.934412764590,35.869887518995
9.110325575666,60.000000000000,21.893350496617
15.810272936538,37.626499653692,5.291042722083
60.000000000000,60.000000000000,60.000000000000
49.802515093843,10.532035609332,51.771648427603
60.000000000000,0.000000000000,60.000000000000
45.288639240777,55.847383277403,23.680660838262
60.000000000000,0.000000000000,60.000000000000
44.659554486126,14.161965288172,44.266014689109
39.274079446023,29.600742284725,27.565240444485
47.942513234429,31.093018524237,37.293517977642
48.013057617825,60.000000000000,37.420628559872
49.489348266670,18.227899409452,49.556964558133
52.492933203990,36.108241417984,39.194764100073
60.000000000000,60.000000000000,60.000000000000
49.686857527212,34.870289606844,15.998465351536
1.253203864686,52.665654839798,48.024790687012
60.000000000000,60.000000000000,60.000000000000
0.000000000000,60.000000000000,8.921271279568
60.000000000000,0.000000000000,60.000000000000
60.000000000000,60.000000000000,60.000000000000
60.000000000000,0.000000000000,60.000000000000
60.000000000000,0.000000000000,60.000000000000
60.000000000000,0.000000000000,60.000000000000
60.000000000000,60.000000000000,60.000000000000
17.415485640400,16.129241648493,38.662778001973
47.984399910140,15.854712457140,36.575061939476
60.000000000000,60.000000000000,60.000000000000
48.140583041631,0.345496231398,31.927859665933
60.000000000000,60.000000000000,60.000000000000
23.466362183030,54.945394903811,4.124349110136
34.624950293362,60.000000000000,57.608337882642
60.000000000000,60.000000000000,60.000000000000
60.000000000000,51.204072447718,11.041365227460
58.098306143357,60.000000000000,27.990188678942
46.697727359285,26.596083904827,20.081596567371
49.123961900588,32.356353897298,43.714444219041
20.856659235632,4.417127467332,22.099310934108
48.532208897638,10.914095515987,48.471244632505
51.045268418612,21.130557299342,29.621523015741
24.768400447854,40.770266275027,37.209043208783
60.000000000000,60.000000000000,60.000000000000
43.424134647741,43.672081930475,8.989574676394
45.452241548897,35.878325831627,21.286806412671
43.501166574959,41.496091099954,8.652235586556
22.145451495354,27.793027503437,58.634361306315
42.876986919301,51.115626819046,22.094897401974
47.185679082607,21.808909477060,21.096815994905
47.195229123208,34.672161045076,56.897767710744
60.000000000000,0.000000000000,60.000000000000
49.944474242532,0.000000000000,19.525726154948
13.196456063078,9.872598045693,28.700192399098
47.004519890121,7.542737607248,39.307111930479
45.410177846012,27.039151517482,23.427948598055
49.833384380464,45.255288241745,30.565805706782
60.000000000000,45.193728038555,47.780362295195
43.873022568876,22.911163987360,13.569168643369
50.253859900560,6.209509590913,32.353092832758
46.137230678424,58.699465520956,6.468197624743
60.000000000000,60.000000000000,60.000000000000
44.478817045931,17.159969436653,51.621787465208
60.000000000000,60.000000000000,60.000000000000
45.286987927523,8.067298609549,9.216783429937
60.000000000000,60.000000000000,60.000000000000
5.102721798733,14.853602888037,60.000000000000
60.000000000000,60.000000000000,60.000000000000
24.751323003309,25.289109332380,47.043474054767
60.000000000000,60.000000000000,60.000000000000
47.054194600843,60.000000000000,43.246758980569
60.000000000000,60.000000000000,60.000000000000
60.000000000000,57.254631491042,36.922319200376
60.000000000000,60.000000000000,60.000000000000
43.066002682689,6.954445018145,1.333471753543
60.000000000000,60.000000000000,60.000000000000
13.483867390879,1.950163683671,20.387982068205
47.758479411644,18.677689078983,31.333955902690
49.027597517956,33.200264794784,7.929064558603
60.000000000000,60.000000000000,60.000000000000
16.200220704251,33.617255394825,49.444658213273
60.000000000000,60.000000000000,60.000000000000
4.119762915675,58.378970613672,5.380189170726
60.000000000000,60.000000000000,60.000000000000
43.834079093174,1.640230866340,16.852239856696
60.000000000000,60.000000000000,60.000000000000
21.971082172156,60.000000000000,60.000000000000
56.477082221268,44.201812819734,7.046106755658
60.000000000000,60.000000000000,60.000000000000
60.000000000000,60.000000000000,60.000000000000
48.434683352608,37.160798356068,1.232258099278
60.000000000000,60.000000000000,60.000000000000
45.711220455723,12.026188737374,49.346160672714
60.000000000000,60.000000000000,60.000000000000
59.662968984229,26.915976909652,44.128071506334
60.000000000000,60.000000000000,60.000000000000
50.171348573047,14.083959004291,57.488196968792
60.000000000000,60.000000000000,60.000000000000
48.799465889882,11.099089482446,4.253702242221
60.000000000000,60.000000000000,60.000000000000
60.000000000000,60.000000000000,60.000000000000
60.000000000000,60.000000000000,60.000000000000
43.833469684031,9.960046723302,51.697887503331
36.659351711474,34.731228522651,47.533796940173
60.000000000000,60.000000000000,60.000000000000
60.000000000000,60.000000000000,60.000000000000
49.649894511392,8.474321780914,33.238988035256
60.000000000000,60.000000000000,60.000000000000
46.546096929488,38.183520158594,57.955148765333
60.000000000000,60.000000000000,60.000000000000
40.966214420313,42.174565578235,53.437557759144
46.117062064253,39.303094165527,29.170713983941
45.438682397731,20.154943448545,51.991756329459
60.000000000000,60.000000000000,60.000000000000
44.582778748609,45.116005569020,50.075851856421
45.178529187179,29.545491694583,60.000000000000
46.418436922837,1.775760348843,2.071650714633
27.289519785421,0.563735871215,17.935460143428
60.000000000000,60.000000000000,60.000000000000
53.917109791172,41.277254282854,20.800861343934
44.871164204823,2.830447925006,42.155041824803
43.853975193340,20.342580143477,22.644287374956
60.000000000000,60.000000000000,60.000000000000
60.000000000000,60.000000000000,60.000000000000
60.000000000000,60.000000000000,60.000000000000
60.000000000000,60.000000000000,60.000000000000
60.000000000000,60.000000000000,60.000000000000
57.230735471507,18.404684419486,47.074324747241
46.420939851203,37.431699019144,14.553473729219
0.000000000000,60.000000000000,60.000000000000
28.469582828629,42.893503312349,33.043517671248
43.900863318120,31.553687362680,28.049201070364
60.000000000000,12.763212194939,60.000000000000
60.000000000000,60.000000000000,60.000000000000
43.736653018372,28.758062966905,43.107594014013
60.000000000000,60.000000000000,60.000000000000
60.000000000000,60.000000000000,60.000000000000
60.000000000000,60.000000000000,60.000000000000
60.000000000000,60.000000000000,60.000000000000
60.000000000000,60.000000000000,60.000000000000
48.612980904252,1.634540213002,37.198694575959
60.000000000000,60.000000000000,60.000000000000
49.558609378115,56.280263987497,11.490597328437
11.453177375599,41.496619136118,1.171811687024
60.000000000000,60.000000000000,60.000000000000
60.000000000000,60.000000000000,60.000000000000
59.850772398848,22.320124064252,44.598524841715
60.000000000000,60.000000000000,60.000000000000
60.000000000000,60.000000000000,60.000000000000
60.000000000000,60.000000000000,60.000000000000
16.116321942796,19.356662247884,59.075304486830
60.000000000000,60.000000000000,60.000000000000
32.125251051344,24.871700078719,24.653297157775
60.000000000000,60.000000000000,60.000000000000
60.000000000000,60.000000000000,60.000000000000
60.000000000000,60.000000000000,60.000000000000
60.000000000000,60.000000000000,60.000000000000
60.000000000000,60.000000000000,60.000000000000
60.000000000000,60.000000000000,60.000000000000
42.298578776029,60.000000000000,41.352988589381
60.000000000000,60.000000000000,60.000000000000
55.603609467845,60.000000000000,11.261565261540
60.000000000000,60.000000000000,27.980715269187
60.000000000000,60.000000000000,6.263642933851
45.832585772759,60.000000000000,15.811728889351
60.000000000000,60.000000000000,60.000000000000
60.000000000000,60.000000000000,60.000000000000
19.344755948595,18.536258260302,35.977103555681
60.000000000000,60.000000000000,60.000000000000
60.000000000000,60.000000000000,60.000000000000
2.946762617322,44.510460475746,60.000000000000
49.381493014140,29.914432219554,32.863801724405
0.629783506004,60.000000000000,60.000000000000
60.000000000000,60.000000000000,60.000000000000
9.873275761258,47.513396599317,35.916042058409
60.000000000000,60.000000000000,60.000000000000
23.875284083332,49.201372138067,22.016952639363
0.000000000000,40.721429552833,0.000000000000
41.867199002456,31.363830919259,18.043886313896
60.000000000000,60.000000000000,60.000000000000
30.619528271877,45.613608788622,18.515762549089
46.601168455630,60.000000000000,19.622502199163
31.536039217747,20.651508733311,36.330140444417
60.000000000000,60.000000000000,60.000000000000
32.473553837238,19.874143605141,5.581798603632
60.000000000000,60.000000000000,60.000000000000
16.681158676055,56.394696436899,30.410959805629
59.707661544655,28.104143525224,20.327637383902
46.520552401265,20.601005288320,5.784350578754
48.696066934009,27.877851097042,27.342203066411
49.017073767962,2.213662282978,14.023010351688
48.796017740644,26.488880239406,29.272299397472
50.507003446133,21.743111666865,12.721448693514
60.000000000000,60.000000000000,60.000000000000
52.427029815216,7.049530736926,16.943826365349
27.082175031212,37.332037560713,12.058674673170
49.795439787992,21.467309474845,5.307906759329
60.000000000000,60.000000000000,60.000000000000
60.000000000000,60.000000000000,60.000000000000
60.000000000000,60.000000000000,60.000000000000
56.891106313041,22.754698540089,60.000000000000
60.000000000000,35.107429297285,48.273624462786
60.000000000000,60.000000000000,60.000000000000
51.562948631559,26.172518436804,21.743647706355
44.417816098457,59.071334186717,43.936068794581
60.000000000000,60.000000000000,60.000000000000
48.532744124257,16.672261057797,54.958226982798
60.000000000000,60.000000000000,60.000000000000
60.000000000000,60.000000000000,60.000000000000
60.000000000000,60.000000000000,60.000000000000
51.681639428452,27.441433479665,11.686543506640
60.000000000000,60.000000000000,60.000000000000
19.816750444998,50.283420813771,31.263261143299
53.862679234152,27.158706171534,27.339561373541
41.229256498019,3.695349521271,60.000000000000
46.325179629543,28.737522093850,27.840235576839
0.000000000000,60.000000000000,60.000000000000
60.000000000000,60.000000000000,60.000000000000
51.324497056087,3.854431416133,37.350031654531
60.000000000000,60.000000000000,60.000000000000
60.000000000000,60.000000000000,60.000000000000
60.000000000000,60.000000000000,60.000000000000
43.418752833749,53.104337371352,18.479772708824
60.000000000000,60.000000000000,60.000000000000
33.031975256561,35.908196231054,24.725269784828
60.000000000000,60.000000000000,60.000000000000
48.263510194390,56.271002203663,21.146263148955
46.459424073717,60.000000000000,60.000000000000
60.000000000000,60.000000000000,60.000000000000
60.000000000000,60.000000000000,60.000000000000
60.000000000000,60.000000000000,60.000000000000
60.000000000000,60.000000000000,15.479389256947
4.865522024620,27.012633978513,36.124643201722
60.000000000000,0.000000000000,60.000000000000
19.146877244702,60.000000000000,23.280935138436
60.000000000000,60.000000000000,60.000000000000
60.000000000000,60.000000000000,60.000000000000
60.000000000000,33.314263914943,11.135955239124
16.910306882562,13.731989220072,9.989582675266
60.000000000000,60.000000000000,60.000000000000
43.278600437628,46.728858118218,16.514255400571
60.000000000000,13.449122874836,39.561406915668
41.721626203632,21.071675727020,58.296651822849
60.000000000000,60.000000000000,60.000000000000
60.000000000000,37.491897901239,20.298654207747
60.000000000000,60.000000000000,60.000000000000
60.000000000000,60.000000000000,60.000000000000
60.000000000000,60.000000000000,60.000000000000
60.000000000000,60.000000000000,60.000000000000
60.000000000000,60.000000000000,60.000000000000
36.977595039214,55.457549407555,41.340022222973
60.000000000000,60.000000000000,60.000000000000
60.000000000000,60.000000000000,60.000000000000
60.000000000000,60.000000000000,60.000000000000
51.055249740989,8.367556469444,3.892120708806
46.016518446430,29.669576251697,8.103749228713
46.714856840766,9.444615011889,10.157485484701
60.000000000000,60.000000000000,60.000000000000
50.894453992927,60.000000000000,29.798964944368
50.205984509727,35.960411670281,22.907725684216
0.000000000000,60.000000000000,60.000000000000
60.000000000000,60.000000000000,60.000000000000
52.272844317541,46.750609821269,9.733530854010
60.000000000000,60.000000000000,60.000000000000
57.408271478782,20.735576811602,37.506786865671
55.451962107811,33.573518600574,27.444020638458
52.954421201061,1.575985812094,27.764723285480
60.000000000000,0.000000000000,60.000000000000
54.122166712227,20.684576157791,27.040370238726
53.957166450900,21.593521275179,34.153840265170
50.504172180653,55.448788792035,45.363418162823
31.196330590832,39.187408325418,44.391649717037
57.066473648490,42.423827896835,18.712578926579
59.817179172715,24.403271147673,44.936283370189
58.064633190316,35.753702341760,28.529014375356
60.000000000000,0.000000000000,60.000000000000
14.201409390622,35.346006897638,11.125858401173
60.000000000000,0.000000000000,60.000000000000
57.676392462546,6.263983691215,13.899202310999
60.000000000000,0.000000000000,60.000000000000
60.000000000000,60.000000000000,60.000000000000
52.925208893837,39.372088895169,36.709447924004
58.148697503919,9.041412152312,17.143503061965
27.573970930630,1.844202896253,12.042896731526
54.452314360220,40.092599773635,42.166375445073
51.330343973529,60.000000000000,19.785113772504
60.000000000000,60.000000000000,60.000000000000
29.759459045607,60.000000000000,0.667302572528
45.649839082651,44.595460304110,50.988170815243
53.270785785057,27.515771290717,31.814597642073
34.460041901488,35.366384120946,27.898932662990
52.927019852221,60.000000000000,25.502601340648
57.721284959864,41.818418859775,34.333969458690
60.000000000000,0.000000000000,60.000000000000
60.000000000000,60.000000000000,60.000000000000
54.946224172448,23.905452995524,35.186010912226
58.615092349950,60.000000000000,39.970971153742
60.000000000000,0.000000000000,60.000000000000
52.530001526657,47.707609577778,21.151012127508
56.243868653604,41.396846731371,30.393818587106
54.085186095616,60.000000000000,53.752659283342
44.040972405800,1.608521508182,29.633097787047
54.251811636324,36.220897585920,8.675127656325
49.248795522020,14.291978803758,60.000000000000
60.000000000000,60.000000000000,60.000000000000
60.000000000000,0.000000000000,60.000000000000
4.268924985831,29.981159307292,9.394784264900
60.000000000000,60.000000000000,60.000000000000
53.663696316835,38.961405739711,25.275931833647
60.000000000000,0.000000000000,60.000000000000
45.525452034663,25.627292184698,60.000000000000
54.303595811015,32.714654277456,30.059089243244
58.360959126082,38.309999406907,25.217455293248
60.000000000000,0.000000000000,60.000000000000
60.000000000000,60.000000000000,60.000000000000
34.496949733761,38.845223502638,15.520293193340
48.726757478066,30.950608232433,18.038918159628
60.000000000000,60.000000000000,60.000000000000
60.000000000000,60.000000000000,60.000000000000
60.000000000000,60.000000000000,60.000000000000
60.000000000000,53.265969997976,60.000000000000
60.000000000000,0.000000000000,60.000000000000
60.000000000000,0.000000000000,60.000000000000
60.000000000000,60.000000000000,60.000000000000
21.286681940886,60.000000000000,32.019867544081
16.214987839540,60.000000000000,47.000610021472
60.000000000000,0.000000000000,60.000000000000
57.313883165164,30.000437608855,33.581433245261
40.210825218250,17.517350173119,11.453192535800
60.000000000000,34.429523589169,24.237925914850
55.028134022089,50.821152974999,11.996269254260
60.000000000000,0.000000000000,60.000000000000
53.276780528683,31.265892946309,54.500666966099
60.000000000000,0.000000000000,60.000000000000
58.319856059425,48.846372267431,60.000000000000
60.000000000000,60.000000000000,60.000000000000
60.000000000000,60.000000000000,60.000000000000
42.591323980029,43.598191815013,58.447790706564
53.288453510246,9.188683948993,35.043105141196
38.131958865126,0.703862542308,39.819774780002
60.000000000000,0.000000000000,60.000000000000
52.813266702669,22.853289434045,41.450368952247
53.530387867842,56.040568270806,18.833115746455
60.000000000000,60.000000000000,60.000000000000
60.000000000000,0.000000000000,60.000000000000
60.000000000000,60.000000000000,60.000000000000
60.000000000000,60.000000000000,60.000000000000
60.000000000000,0.000000000000,60.000000000000
60.000000000000,0.000000000000,60.000000000000
54.945639706469,37.702770716510,28.051909226158
5.454597474760,47.289801064158,27.311410079500
60.000000000000,60.000000000000,60.000000000000
56.187776951324,52.984895301449,58.700266318777
9.164828945509,60.000000000000,21.213318478348
56.823994885316,14.143672424500,20.957086699645
51.532865735082,30.179096558204,28.143587054971
21.371796515035,36.538010751705,46.279347091314
60.000000000000,60.000000000000,60.000000000000
60.000000000000,60.000000000000,60.000000000000
60.000000000000,60.000000000000,60.000000000000
0.000000000000,60.000000000000,60.000000000000
48.735874284031,26.884393386903,29.443823160210
55.274668681264,47.841349627406,29.766315890322
60.000000000000,44.248325353944,30.384410555904
53.977463260329,51.292397344849,51.544470768524
60.000000000000,60.000000000000,60.000000000000
60.000000000000,60.000000000000,0.000000000000
22.155815129556,39.213269847930,0.210524285805
56.589613259262,11.633208687230,13.382611104545
60.000000000000,60.000000000000,60.000000000000
60.000000000000,60.000000000000,60.000000000000
60.000000000000,60.000000000000,60.000000000000
0.000000000000,60.000000000000,60.000000000000
60.000000000000,60.000000000000,60.000000000000
53.171713689706,22.507084862443,44.245366354084
60.000000000000,60.000000000000,60.000000000000
32.572986575326,5.501646197495,24.938248155278
60.000000000000,60.000000000000,60.000000000000
55.002181317952,11.306306903232,46.682364536778
60.000000000000,60.000000000000,60.000000000000
53.496747441119,22.492910972053,15.967793558471
60.000000000000,60.000000000000,60.000000000000
1.133345894425,39.260642859747,32.120432934444
60.000000000000,60.000000000000,60.000000000000
60.000000000000,35.149168698540,48.009093175052
60.000000000000,51.363740811615,37.470276665850
60.000000000000,23.782230432408,60.000000000000
54.907059984024,30.692465525615,19.560817880709
21.217994339297,48.915724569074,41.958614544080
60.000000000000,60.000000000000,60.000000000000
60.000000000000,18.566340445548,28.535488394308
60.000000000000,60.000000000000,60.000000000000
53.911460640309,30.146625165883,27.123894736320
60.000000000000,60.000000000000,60.000000000000
56.844501333781,44.350828903115,23.880038030747
60.000000000000,60.000000000000,60.000000000000
55.546348461008,28.392357523337,14.377397241134
60.000000000000,60.000000000000,60.000000000000
35.356796194296,54.537885415432,9.694950205528
60.000000000000,60.000000000000,60.000000000000
60.000000000000,31.328583813545,60.000000000000
60.000000000000,60.000000000000,60.000000000000
60.000000000000,60.000000000000,60.000000000000
58.096297795841,22.058762300280,30.231142860562
60.000000000000,60.000000000000,60.000000000000
60.000000000000,60.000000000000,60.000000000000
60.000000000000,60.000000000000,60.000000000000
60.000000000000,60.000000000000,60.000000000000
55.926811843294,40.252610074201,1.328383123605
60.000000000000,60.000000000000,60.000000000000
57.667394863534,25.582878673695,17.101609167567
56.156345317735,19.957243176668,32.703401424658
59.345318835088,52.235841333326,24.111136171011
60.000000000000,60.000000000000,60.000000000000
60.000000000000,60.000000000000,60.000000000000
57.263507433617,38.798532039851,21.301247089011
11.417946709657,55.913282735347,15.915178846179
52.758521196000,24.390354809965,32.922916790943
52.273677056844,60.000000000000,30.309900341926
60.000000000000,60.000000000000,60.000000000000
60.000000000000,60.000000000000,60.000000000000
60.000000000000,18.287086702260,1.191322621746
60.000000000000,58.550095809645,60.000000000000
60.000000000000,60.000000000000,60.000000000000
60.000000000000,60.000000000000,60.000000000000
60.000000000000,60.000000000000,60.000000000000
60.000000000000,17.843636789083,35.077070853066
52.794439832693,33.692343389302,28.243971253527
54.229523676945,14.941567816088,47.981996899309
60.000000000000,60.000000000000,60.000000000000
56.717633543277,35.480769182358,53.430570163193
60.000000000000,60.000000000000,60.000000000000
60.000000000000,60.000000000000,60.000000000000
60.000000000000,60.000000000000,60.000000000000
56.437489632913,35.886060694121,0.540916454770
0.000000000000,60.000000000000,60.000000000000
60.000000000000,60.000000000000,60.000000000000
60.000000000000,60.000000000000,60.000000000000
60.000000000000,60.000000000000,60.000000000000
60.000000000000,0.000000000000,60.000000000000
18.420243391550,13.744005987380,7.513734097573
60.000000000000,60.000000000000,60.000000000000
58.158996224100,51.601690665809,55.597497827984
57.867720192602,20.077181877759,39.195653465966
60.000000000000,39.903919442377,48.613611199943
60.000000000000,60.000000000000,60.000000000000
20.056235514951,12.111581853199,60.000000000000
60.000000000000,60.000000000000,60.000000000000
60.000000000000,60.000000000000,60.000000000000
60.000000000000,60.000000000000,60.000000000000
51.507001931034,4.215571690907,57.469675721905
60.000000000000,60.000000000000,60.000000000000
36.310331242021,24.629655678108,60.000000000000
60.000000000000,60.000000000000,60.000000000000
56.623141326670,60.000000000000,48.863347526429
60.000000000000,60.000000000000,60.000000000000
60.000000000000,60.000000000000,60.000000000000
60.000000000000,60.000000000000,60.000000000000
0.000000000000,60.000000000000,60.000000000000
39.487222426487,14.377077919077,27.134487464869
60.000000000000,60.000000000000,60.000000000000
52.876324890738,16.227740081803,32.028590292356
60.000000000000,60.000000000000,60.000000000000
23.425242077778,30.892645651207,60.000000000000
15.284789432998,17.710411853353,8.930767406145
59.045099329231,22.070447418009,23.158308093725
60.000000000000,60.000000000000,60.000000000000
60.000000000000,60.000000000000,60.000000000000
0.000000000000,60.000000000000,60.000000000000
60.000000000000,60.000000000000,60.000000000000
60.000000000000,32.533828900500,6.252971353008
15.667976236848,4.503545617352,37.733010748482
60.000000000000,49.845550874388,46.635951469173
60.000000000000,60.000000000000,60.000000000000
5.837341649915,11.142057024631,52.554154995856
60.000000000000,60.000000000000,60.000000000000
52.349346632007,57.863978645972,29.825427401028
25.508965255988,57.080960888469,10.559108635735
57.626293357780,4.772686305978,17.610581195083
60.000000000000,60.000000000000,60.000000000000
54.992914394473,43.576808823655,17.761187494747
4.370310079731,11.309471988041,3.969994082001
60.000000000000,60.000000000000,60.000000000000
23.232957977707,34.735266804921,24.926554200772
50.029734508893,7.076497071614,35.366106130323
60.000000000000,60.000000000000,60.000000000000
5.221594165448,43.539155436719,7.432583829195
50.780787749883,35.473778243936,49.201442056790
52.766487167132,9.691724121641,13.350389000253
36.320624129698,6.158071646471,21.224322098740
49.186318225952,9.767166128137,12.630964602963
52.942686736464,27.783729174259,28.596167166249
60.000000000000,60.000000000000,57.649860841490
60.000000000000,60.000000000000,60.000000000000
14.284734487569,11.037341070275,3.246760388826
1.679730497992,2.881349429368,8.974145170111
47.729858126427,8.299579092391,16.549574633338
60.000000000000,60.000000000000,60.000000000000
60.000000000000,60.000000000000,60.000000000000
56.861649001461,9.206383429805,15.244060705892
58.441223055906,32.890331868878,13.891788455863
51.374772174059,30.540879979583,38.003072392663
60.000000000000,60.000000000000,60.000000000000
54.701027174046,31.401261029125,40.832737958514
58.389778260429,19.703836559243,21.328261898125
60.000000000000,60.000000000000,60.000000000000
59.304036740567,50.409628989221,26.143760242959
60.000000000000,60.000000000000,60.000000000000
60.000000000000,60.000000000000,60.000000000000
60.000000000000,60.000000000000,60.000000000000
58.063616862765,50.949116510511,13.656916195387
60.000000000000,60.000000000000,60.000000000000
15.526503165797,20.421253722128,19.485087092818
60.000000000000,60.000000000000,60.000000000000
60.000000000000,60.000000000000,60.000000000000
53.525491336194,22.541433050724,22.743505241400
60.000000000000,10.922605771921,43.761135157836
60.000000000000,60.000000000000,60.000000000000
52.282478035213,15.293897093922,14.784633143647
60.000000000000,60.000000000000,60.000000000000
60.000000000000,60.000000000000,60.000000000000
60.000000000000,60.000000000000,60.000000000000
48.716409808035,52.204890989044,25.259487097053
60.000000000000,60.000000000000,60.000000000000
60.000000000000,60.000000000000,60.000000000000
60.000000000000,60.000000000000,60.000000000000
59.062381343019,43.317855172277,18.420623508918
55.752131595411,60.000000000000,60.000000000000
41.091825418374,5.543316065543,42.426338604086
60.000000000000,60.000000000000,60.000000000000
60.000000000000,60.000000000000,60.000000000000
60.000000000000,60.000000000000,60.000000000000
2.791997729409,11.921165091081,22.494632624994
60.000000000000,60.000000000000,60.000000000000
60.000000000000,29.575479274321,18.384938580706
60.000000000000,60.000000000000,60.000000000000
60.000000000000,35.308333435348,0.000000000000
60.000000000000,60.000000000000,60.000000000000
47.931664657235,11.645392270911,27.123530522464
60.000000000000,60.000000000000,60.000000000000
52.933079375144,41.998512852629,38.422266016020
60.000000000000,16.612837343101,22.177146868423
54.199738670382,29.977228676680,13.983910889031
60.000000000000,60.000000000000,60.000000000000
60.000000000000,60.000000000000,60.000000000000
60.000000000000,60.000000000000,60.000000000000
60.000000000000,51.597254453689,0.542446272089
60.000000000000,0.000000000000,40.770626152660
60.000000000000,24.229068525766,60.000000000000
60.000000000000,60.000000000000,60.000000000000
54.622293022130,16.870095098495,57.859676758709
60.000000000000,60.000000000000,60.000000000000
60.000000000000,19.142303210683,21.003268345332
60.000000000000,60.000000000000,60.000000000000
36.170095012592,22.711992249478,51.539740233400
60.000000000000,60.000000000000,60.000000000000
26.470178026174,49.326410042064,33.271215336116
60.000000000000,60.000000000000,60.000000000000
52.682058479511,42.023616685390,22.257354051965
55.461555614354,34.461852433270,32.167889917470
60.000000000000,60.000000000000,60.000000000000
60.000000000000,60.000000000000,60.000000000000
